barcode,Sample,Subject,Status,DemuxletDropletType,IncludedInStudy
AAACCCAAGAAATTGC,PBMC-06-1,PSA02,PSA,SNG,TRUE
AAACCCAAGAGACAAG,PBMC-06-1,PSA03,PSA,SNG,TRUE
AAACCCAAGCCAGTAG,PBMC-06-1,PSA07,PSA,SNG,FALSE
AAACCCAAGGTCGACA,PBMC-06-1,PSO13,PSO,DBL,FALSE
AAACCCACAGTTGTTG,PBMC-06-1,PSA05,PSA,DBL,FALSE
AAACCCACATCGTCCT,PBMC-06-1,PSA14,PSA,SNG,TRUE
AAACCCAGTTCGTTCC,PBMC-06-1,PSA07,PSA,SNG,TRUE
AAACCCAGTTGGAGGT,PBMC-06-1,PSA12,PSA,SNG,TRUE
AAACCCATCAAAGGAT,PBMC-06-1,PSA07,PSA,SNG,TRUE
AAACCCATCCAATCCC,PBMC-06-1,PSA03,PSA,DBL,FALSE
AAACCCATCGTGGTAT,PBMC-06-1,PSA14,PSA,DBL,FALSE
AAACCCATCTCGTTTA,PBMC-06-1,PSA15,PSA,AMB,FALSE
AAACGAAAGATGAACT,PBMC-06-1,PSX04,PSX,SNG,TRUE
AAACGAAAGATGGCGT,PBMC-06-1,PSA06,PSA,SNG,FALSE
AAACGAAAGATTGAGT,PBMC-06-1,PSX04,PSX,SNG,TRUE
AAACGAAAGCATGATA,PBMC-06-1,PSA14,PSA,SNG,TRUE
AAACGAAAGCCATCCG,PBMC-06-1,PSX01,PSX,SNG,FALSE
AAACGAAAGCGGGTAT,PBMC-06-1,PSO14,PSO,SNG,FALSE
AAACGAAAGCTACTAC,PBMC-06-1,PSA14,PSA,SNG,TRUE
AAACGAAAGGGTGAAA,PBMC-06-1,PSA12,PSA,DBL,FALSE
AAACGAAAGTGATTCC,PBMC-06-1,PSO12,PSO,SNG,TRUE
AAACGAAAGTGTTGAA,PBMC-06-1,PSA16,PSA,SNG,TRUE
AAACGAACAACGATTC,PBMC-06-1,PSX01,PSX,SNG,TRUE
AAACGAACAAGGCCTC,PBMC-06-1,PSO11,PSO,SNG,TRUE
AAACGAACAATAAGGT,PBMC-06-1,PSA16,PSA,SNG,TRUE
AAACGAACAATGGGTG,PBMC-06-1,PSO15,PSO,SNG,TRUE
AAACGAACACTACTTT,PBMC-06-1,PSA03,PSA,SNG,TRUE
AAACGAACACTGCACG,PBMC-06-1,PSX01,PSX,SNG,TRUE
AAACGAACACTTGTGA,PBMC-06-1,PSA07,PSA,SNG,TRUE
AAACGAACAGCTGTGC,PBMC-06-1,PSA12,PSA,SNG,TRUE
AAACGAACATACTGTG,PBMC-06-1,PSX01,PSX,SNG,TRUE
AAACGAAGTACAAACA,PBMC-06-1,PSA14,PSA,SNG,TRUE
AAACGAAGTACAGTCT,PBMC-06-1,PSA02,PSA,SNG,TRUE
AAACGAAGTAGCGAGT,PBMC-06-1,PSA15,PSA,DBL,FALSE
AAACGAAGTGCCAAGA,PBMC-06-1,PSA05,PSA,SNG,TRUE
AAACGAAGTGGTCCGT,PBMC-06-1,PSX01,PSX,SNG,TRUE
AAACGAATCCCTATTA,PBMC-06-1,PSX04,PSX,DBL,FALSE
AAACGAATCCGTACGG,PBMC-06-1,PSA02,PSA,SNG,TRUE
AAACGCTAGCGGTATG,PBMC-06-1,PSA17,PSA,SNG,FALSE
AAACGCTAGGGTACGT,PBMC-06-1,PSO13,PSO,DBL,FALSE
AAACGCTAGTAAAGCT,PBMC-06-1,PSO15,PSO,SNG,TRUE
AAACGCTCAACGATTC,PBMC-06-1,PSA13,PSA,SNG,TRUE
AAACGCTCAAGTTGGG,PBMC-06-1,PSA07,PSA,SNG,TRUE
AAACGCTCAGTCGAGA,PBMC-06-1,PSA07,PSA,DBL,FALSE
AAACGCTCATGGACAG,PBMC-06-1,PSA14,PSA,SNG,TRUE
AAACGCTGTACATACC,PBMC-06-1,PSX01,PSX,SNG,TRUE
AAACGCTGTCATCGGC,PBMC-06-1,PSA04,PSA,SNG,FALSE
AAACGCTGTGATACCT,PBMC-06-1,PSA12,PSA,SNG,TRUE
AAACGCTGTGGGTCAA,PBMC-06-1,PSO12,PSO,SNG,FALSE
AAACGCTGTTCACGAT,PBMC-06-1,PSX01,PSX,SNG,TRUE
AAACGCTGTTTACGAC,PBMC-06-1,PSX04,PSX,SNG,TRUE
AAACGCTTCAAAGAAC,PBMC-06-1,PSO13,PSO,SNG,TRUE
AAACGCTTCAGAGCAG,PBMC-06-1,PSA04,PSA,SNG,TRUE
AAACGCTTCCATAGAC,PBMC-06-1,PSX01,PSX,SNG,TRUE
AAACGCTTCGTGGGAA,PBMC-06-1,PSA04,PSA,SNG,TRUE
AAACGCTTCTACCCAC,PBMC-06-1,PSO14,PSO,SNG,FALSE
AAACGCTTCTGACAGT,PBMC-06-1,PSO15,PSO,SNG,FALSE
AAACGCTTCTGTCCCA,PBMC-06-1,PSX01,PSX,SNG,TRUE
AAAGAACAGAAAGTCT,PBMC-06-1,PSA02,PSA,SNG,TRUE
AAAGAACAGAAGTCTA,PBMC-06-1,PSA13,PSA,SNG,TRUE
AAAGAACAGAGTGAAG,PBMC-06-1,PSA15,PSA,SNG,TRUE
AAAGAACAGAGTTGAT,PBMC-06-1,PSA03,PSA,SNG,TRUE
AAAGAACAGGGTCTTT,PBMC-06-1,PSA17,PSA,SNG,TRUE
AAAGAACAGTGCGACA,PBMC-06-1,PSO11,PSO,SNG,TRUE
AAAGAACAGTGTACAA,PBMC-06-1,PSA06,PSA,DBL,FALSE
AAAGAACCAAGTCGTT,PBMC-06-1,PSO12,PSO,SNG,FALSE
AAAGAACCAAGTTCGT,PBMC-06-1,PSA15,PSA,SNG,TRUE
AAAGAACCAATCACGT,PBMC-06-1,PSA07,PSA,SNG,TRUE
AAAGAACCAGAACTAA,PBMC-06-1,PSA12,PSA,SNG,FALSE
AAAGAACCATAGATCC,PBMC-06-1,PSA05,PSA,SNG,TRUE
AAAGAACCATTATGCG,PBMC-06-1,PSA16,PSA,SNG,TRUE
AAAGAACGTACAGGTG,PBMC-06-1,PSA13,PSA,DBL,FALSE
AAAGAACGTCACTAGT,PBMC-06-1,PSA14,PSA,SNG,TRUE
AAAGAACTCACATCAG,PBMC-06-1,PSA17,PSA,SNG,TRUE
AAAGAACTCCACGTGG,PBMC-06-1,PSA03,PSA,DBL,FALSE
AAAGAACTCCTTGGAA,PBMC-06-1,PSX01,PSX,DBL,FALSE
AAAGAACTCCTTTAGT,PBMC-06-1,PSA07,PSA,SNG,TRUE
AAAGAACTCGTTGTAG,PBMC-06-1,PSA13,PSA,SNG,TRUE
AAAGAACTCTATACGG,PBMC-06-1,PSA04,PSA,SNG,TRUE
AAAGAACTCTTCACAT,PBMC-06-1,PSA07,PSA,DBL,FALSE
AAAGGATCAAACTCGT,PBMC-06-1,PSX01,PSX,SNG,TRUE
AAAGGATCAGAAGCGT,PBMC-06-1,PSA02,PSA,SNG,TRUE
AAAGGATCAGGTTCGC,PBMC-06-1,PSA15,PSA,SNG,TRUE
AAAGGATCATGGCTAT,PBMC-06-1,PSO14,PSO,SNG,TRUE
AAAGGATCATGGGAAC,PBMC-06-1,PSA03,PSA,DBL,FALSE
AAAGGATGTCGTTTCC,PBMC-06-1,PSA13,PSA,SNG,TRUE
AAAGGATGTGCAACAG,PBMC-06-1,PSA16,PSA,SNG,TRUE
AAAGGATGTTATTCTC,PBMC-06-1,PSA12,PSA,DBL,FALSE
AAAGGATGTTGTGTTG,PBMC-06-1,PSA02,PSA,SNG,TRUE
AAAGGGCAGACGGTTG,PBMC-06-1,PSX01,PSX,SNG,TRUE
AAAGGGCAGACTAAGT,PBMC-06-1,PSA15,PSA,SNG,TRUE
AAAGGGCAGATTAGCA,PBMC-06-1,PSX04,PSX,SNG,TRUE
AAAGGGCAGCCAGAGT,PBMC-06-1,PSA16,PSA,SNG,FALSE
AAAGGGCAGCGGGTAT,PBMC-06-1,PSA16,PSA,SNG,TRUE
AAAGGGCAGGTCCAGA,PBMC-06-1,PSA03,PSA,SNG,TRUE
AAAGGGCAGTCGGGAT,PBMC-06-1,PSA12,PSA,SNG,FALSE
AAAGGGCCAACCACGC,PBMC-06-1,PSA13,PSA,SNG,FALSE
AAAGGGCCATATGAAG,PBMC-06-1,PSA05,PSA,SNG,TRUE
AAAGGGCCATCATTGG,PBMC-06-1,PSO15,PSO,SNG,FALSE
AAAGGGCCATGAGAAT,PBMC-06-1,PSA14,PSA,DBL,FALSE
AAAGGGCGTGCTAGCC,PBMC-06-1,PSA07,PSA,SNG,TRUE
AAAGGGCGTGGTCCCA,PBMC-06-1,PSO11,PSO,DBL,FALSE
AAAGGGCGTTTGGCTA,PBMC-06-1,PSO11,PSO,SNG,TRUE
AAAGGGCTCAATCCAG,PBMC-06-1,PSO12,PSO,SNG,TRUE
AAAGGGCTCATGTCTT,PBMC-06-1,PSA17,PSA,DBL,FALSE
AAAGGGCTCGATTCCC,PBMC-06-1,PSO16,PSO,SNG,TRUE
AAAGGGCTCTGTGCGG,PBMC-06-1,PSO15,PSO,SNG,TRUE
AAAGGGCTCTGTGCTC,PBMC-06-1,PSA16,PSA,SNG,TRUE
AAAGGTAAGACCTCCG,PBMC-06-1,PSA05,PSA,DBL,FALSE
AAAGGTAAGTATAGGT,PBMC-06-1,PSA07,PSA,DBL,FALSE
AAAGGTAAGTTCCGTA,PBMC-06-1,PSO15,PSO,SNG,TRUE
AAAGGTACAACCACAT,PBMC-06-1,PSX04,PSX,DBL,FALSE
AAAGGTACACCAGACC,PBMC-06-1,PSO14,PSO,DBL,FALSE
AAAGGTACAGACACAG,PBMC-06-1,PSA16,PSA,SNG,TRUE
AAAGGTACATAAGCGG,PBMC-06-1,PSA02,PSA,SNG,TRUE
AAAGGTAGTAATGTGA,PBMC-06-1,PSA02,PSA,SNG,TRUE
AAAGGTAGTCGCGTCA,PBMC-06-1,PSX04,PSX,SNG,TRUE
AAAGGTAGTGGAGAAA,PBMC-06-1,PSA14,PSA,SNG,TRUE
AAAGGTAGTGTAACGG,PBMC-06-1,PSA15,PSA,SNG,TRUE
AAAGGTATCTTCGCTG,PBMC-06-1,PSA06,PSA,SNG,TRUE
AAAGTCCAGAGGTATT,PBMC-06-1,PSA02,PSA,SNG,TRUE
AAAGTCCAGTACGTCT,PBMC-06-1,PSA13,PSA,SNG,FALSE
AAAGTCCCAACTCATG,PBMC-06-1,PSA12,PSA,SNG,FALSE
AAAGTCCCAAGCGCTC,PBMC-06-1,PSA07,PSA,SNG,TRUE
AAAGTCCCAGCCGTCA,PBMC-06-1,PSO13,PSO,AMB,FALSE
AAAGTCCCAGCTTTGA,PBMC-06-1,PSA07,PSA,SNG,TRUE
AAAGTCCCAGGACTTT,PBMC-06-1,PSA15,PSA,SNG,TRUE
AAAGTCCCATCGCTAA,PBMC-06-1,PSO12,PSO,SNG,TRUE
AAAGTCCCATTCATCT,PBMC-06-1,PSX01,PSX,SNG,TRUE
AAAGTCCCATTGAGCT,PBMC-06-1,PSA07,PSA,SNG,TRUE
AAAGTCCGTACAAACA,PBMC-06-1,PSA16,PSA,SNG,TRUE
AAAGTCCGTCCGCAGT,PBMC-06-1,PSA13,PSA,SNG,TRUE
AAAGTCCGTCTGTGTA,PBMC-06-1,PSO12,PSO,SNG,TRUE
AAAGTCCGTTCTCGTC,PBMC-06-1,PSX04,PSX,SNG,TRUE
AAAGTCCGTTGCTGAT,PBMC-06-1,PSA17,PSA,SNG,TRUE
AAAGTCCGTTGGTACT,PBMC-06-1,PSA06,PSA,SNG,TRUE
AAAGTCCGTTTCACAG,PBMC-06-1,PSA16,PSA,DBL,FALSE
AAAGTCCTCCGGCTTT,PBMC-06-1,PSX04,PSX,DBL,FALSE
AAAGTCCTCCTACCGT,PBMC-06-1,PSA07,PSA,SNG,TRUE
AAAGTCCTCGAACGCC,PBMC-06-1,PSA16,PSA,AMB,FALSE
AAAGTCCTCGTGTGGC,PBMC-06-1,PSA16,PSA,SNG,TRUE
AAAGTCCTCTGAGGTT,PBMC-06-1,PSO14,PSO,DBL,FALSE
AAAGTGAAGAGGGTCT,PBMC-06-1,PSA17,PSA,SNG,TRUE
AAAGTGAAGCGCGTTC,PBMC-06-1,PSA05,PSA,SNG,TRUE
AAAGTGAAGGCGAACT,PBMC-06-1,PSO15,PSO,SNG,TRUE
AAAGTGAAGTAACAGT,PBMC-06-1,PSO11,PSO,DBL,FALSE
AAAGTGAAGTAACCTC,PBMC-06-1,PSA17,PSA,SNG,TRUE
AAAGTGAAGTGAGCCA,PBMC-06-1,PSX01,PSX,AMB,FALSE
AAAGTGACAAAGAGTT,PBMC-06-1,PSA14,PSA,SNG,TRUE
AAAGTGACAACCCGCA,PBMC-06-1,PSX01,PSX,DBL,FALSE
AAAGTGACAACGGTAG,PBMC-06-1,PSX04,PSX,SNG,TRUE
AAAGTGACACCAACAT,PBMC-06-1,PSA16,PSA,SNG,TRUE
AAAGTGACACTCAAGT,PBMC-06-1,PSA03,PSA,SNG,TRUE
AAAGTGAGTCCGTTTC,PBMC-06-1,PSO15,PSO,SNG,TRUE
AAAGTGAGTCCTACGG,PBMC-06-1,PSO12,PSO,SNG,TRUE
AAAGTGAGTCTTGCGG,PBMC-06-1,PSA05,PSA,SNG,TRUE
AAAGTGAGTGGCCACT,PBMC-06-1,PSA03,PSA,SNG,TRUE
AAAGTGAGTGTCTCCT,PBMC-06-1,PSA13,PSA,SNG,FALSE
AAAGTGATCAGACTGT,PBMC-06-1,PSA05,PSA,DBL,FALSE
AAAGTGATCCATTGGA,PBMC-06-1,PSA15,PSA,SNG,FALSE
AAAGTGATCGCCAGTG,PBMC-06-1,PSA04,PSA,SNG,TRUE
AAAGTGATCGTTATCT,PBMC-06-1,PSA12,PSA,SNG,FALSE
AAAGTGATCTATTTCG,PBMC-06-1,PSA14,PSA,SNG,FALSE
AAAGTGATCTCATTTG,PBMC-06-1,PSO13,PSO,SNG,FALSE
AAAGTGATCTCTGGTC,PBMC-06-1,PSA13,PSA,SNG,TRUE
AAAGTGATCTTTGATC,PBMC-06-1,PSX01,PSX,SNG,FALSE
AAATGGAAGAGGGTGG,PBMC-06-1,PSA13,PSA,DBL,FALSE
AAATGGAAGCCACTCG,PBMC-06-1,PSA07,PSA,SNG,FALSE
AAATGGAAGTCTAGAA,PBMC-06-1,PSA15,PSA,DBL,FALSE
AAATGGACAACCTATG,PBMC-06-1,PSA13,PSA,SNG,TRUE
AAATGGACACCCTAAA,PBMC-06-1,PSA12,PSA,SNG,FALSE
AAATGGACACGTATAC,PBMC-06-1,PSA13,PSA,SNG,TRUE
AAATGGACAGCATTGT,PBMC-06-1,PSX01,PSX,SNG,TRUE
AAATGGACATATGGCT,PBMC-06-1,PSO15,PSO,SNG,TRUE
AAATGGACATGCCGGT,PBMC-06-1,PSA06,PSA,SNG,TRUE
AAATGGACATGTACGT,PBMC-06-1,PSA14,PSA,SNG,TRUE
AAATGGACATGTGCCG,PBMC-06-1,PSA05,PSA,SNG,TRUE
AAATGGACATTCGATG,PBMC-06-1,PSX04,PSX,SNG,TRUE
AAATGGAGTAACATCC,PBMC-06-1,PSA13,PSA,SNG,TRUE
AAATGGAGTAATACCC,PBMC-06-1,PSO12,PSO,SNG,TRUE
AAATGGAGTATCACCA,PBMC-06-1,PSX01,PSX,SNG,TRUE
AAATGGAGTCACGACC,PBMC-06-1,PSA12,PSA,SNG,TRUE
AAATGGAGTCTCTCAC,PBMC-06-1,PSA13,PSA,SNG,TRUE
AAATGGAGTCTGATCA,PBMC-06-1,PSA13,PSA,SNG,TRUE
AAATGGAGTTTCGATG,PBMC-06-1,PSA15,PSA,SNG,TRUE
AAATGGATCACTAGCA,PBMC-06-1,PSA05,PSA,SNG,TRUE
AAATGGATCAGTGATC,PBMC-06-1,PSA17,PSA,DBL,FALSE
AAATGGATCCCTGTTG,PBMC-06-1,PSA07,PSA,SNG,TRUE
AAATGGATCGTAGCTA,PBMC-06-1,PSA02,PSA,SNG,FALSE
AAATGGATCTGCACCT,PBMC-06-1,PSA03,PSA,SNG,TRUE
AACAAAGAGATGAACT,PBMC-06-1,PSA14,PSA,SNG,TRUE
AACAAAGAGATTGATG,PBMC-06-1,PSX04,PSX,SNG,FALSE
AACAAAGAGCACTAGG,PBMC-06-1,PSO15,PSO,SNG,FALSE
AACAAAGAGCATCAAA,PBMC-06-1,PSX01,PSX,SNG,TRUE
AACAAAGAGCGATTCT,PBMC-06-1,PSA03,PSA,SNG,TRUE
AACAAAGCAAATGGAT,PBMC-06-1,PSO14,PSO,SNG,TRUE
AACAAAGCACCAGTTA,PBMC-06-1,PSA07,PSA,SNG,FALSE
AACAAAGCAGGAGGTT,PBMC-06-1,PSA17,PSA,DBL,FALSE
AACAAAGGTACCAATC,PBMC-06-1,PSA14,PSA,SNG,TRUE
AACAAAGGTCACCACG,PBMC-06-1,PSA07,PSA,DBL,FALSE
AACAAAGGTTTGAACC,PBMC-06-1,PSA06,PSA,SNG,TRUE
AACAAAGGTTTGCCGG,PBMC-06-1,PSX04,PSX,DBL,FALSE
AACAAAGTCCAGTACA,PBMC-06-1,PSA07,PSA,SNG,TRUE
AACAAAGTCTAAACGC,PBMC-06-1,PSA14,PSA,SNG,TRUE
AACAAAGTCTCCAAGA,PBMC-06-1,PSA12,PSA,SNG,TRUE
AACAAAGTCTCTCGAC,PBMC-06-1,PSO11,PSO,AMB,FALSE
AACAACCAGGAGCTGT,PBMC-06-1,PSA02,PSA,SNG,TRUE
AACAACCAGGTCCCGT,PBMC-06-1,PSA16,PSA,SNG,TRUE
AACAACCAGTGCAGCA,PBMC-06-1,PSA02,PSA,SNG,TRUE
AACAACCCAAGCTCTA,PBMC-06-1,PSO11,PSO,SNG,TRUE
AACAACCCACTCTGCT,PBMC-06-1,PSA07,PSA,DBL,FALSE
AACAACCCAGTCCCGA,PBMC-06-1,PSX01,PSX,SNG,TRUE
AACAACCCATCACAGT,PBMC-06-1,PSA03,PSA,SNG,TRUE
AACAACCCATGAAGGC,PBMC-06-1,PSX01,PSX,SNG,TRUE
AACAACCGTACGATGG,PBMC-06-1,PSA07,PSA,SNG,FALSE
AACAACCGTAGTCACT,PBMC-06-1,PSA06,PSA,SNG,TRUE
AACAACCGTCGACTGC,PBMC-06-1,PSA04,PSA,SNG,TRUE
AACAACCGTGCCTACG,PBMC-06-1,PSO13,PSO,SNG,TRUE
AACAACCGTGGAAGTC,PBMC-06-1,PSA07,PSA,DBL,FALSE
AACAACCGTTAGGCCC,PBMC-06-1,PSA07,PSA,SNG,TRUE
AACAACCTCAGTCACA,PBMC-06-1,PSA14,PSA,SNG,TRUE
AACAACCTCATAGAGA,PBMC-06-1,PSO12,PSO,SNG,TRUE
AACAACCTCCATGAGT,PBMC-06-1,PSA06,PSA,SNG,TRUE
AACAACCTCCGACATA,PBMC-06-1,PSA17,PSA,SNG,TRUE
AACAACCTCGCTGACG,PBMC-06-1,PSA16,PSA,SNG,TRUE
AACAACCTCTATGCCC,PBMC-06-1,PSO16,PSO,SNG,TRUE
AACAAGAAGAATGTTG,PBMC-06-1,PSA13,PSA,SNG,TRUE
AACAAGAAGACTCGAG,PBMC-06-1,PSX04,PSX,SNG,TRUE
AACAAGAAGCTAGATA,PBMC-06-1,PSO12,PSO,SNG,TRUE
AACAAGAAGGTGCATG,PBMC-06-1,PSA03,PSA,DBL,FALSE
AACAAGACAAGACGAC,PBMC-06-1,PSO12,PSO,SNG,TRUE
AACAAGACACACGGAA,PBMC-06-1,PSO11,PSO,SNG,TRUE
AACAAGACACACGGTC,PBMC-06-1,PSA17,PSA,SNG,FALSE
AACAAGACACCAGACC,PBMC-06-1,PSX04,PSX,SNG,TRUE
AACAAGACACCAGTAT,PBMC-06-1,PSA02,PSA,SNG,TRUE
AACAAGACACTATCCC,PBMC-06-1,PSA07,PSA,SNG,TRUE
AACAAGACAGGAATAT,PBMC-06-1,PSA13,PSA,SNG,TRUE
AACAAGACATTGAGGG,PBMC-06-1,PSO13,PSO,AMB,FALSE
AACAAGAGTACTCAAC,PBMC-06-1,PSX04,PSX,SNG,FALSE
AACAAGAGTCCGACGT,PBMC-06-1,PSX01,PSX,SNG,FALSE
AACAAGAGTGACAACG,PBMC-06-1,PSA06,PSA,SNG,TRUE
AACAAGAGTTCAGTAC,PBMC-06-1,PSA02,PSA,SNG,TRUE
AACAAGATCCATGAGT,PBMC-06-1,PSX04,PSX,SNG,TRUE
AACAAGATCCCGTTCA,PBMC-06-1,PSA16,PSA,AMB,FALSE
AACAAGATCCTACCAC,PBMC-06-1,PSA06,PSA,SNG,TRUE
AACAAGATCTGAGAAA,PBMC-06-1,PSA16,PSA,SNG,TRUE
AACACACAGACGACTG,PBMC-06-1,PSO11,PSO,SNG,TRUE
AACACACAGCGTATAA,PBMC-06-1,PSO15,PSO,DBL,FALSE
AACACACAGCTTTCCC,PBMC-06-1,PSA17,PSA,DBL,FALSE
AACACACAGGACGCTA,PBMC-06-1,PSO11,PSO,SNG,TRUE
AACACACAGGCGCTCT,PBMC-06-1,PSX01,PSX,SNG,TRUE
AACACACAGTAGTCCT,PBMC-06-1,PSA04,PSA,SNG,TRUE
AACACACCAAGTAGTA,PBMC-06-1,PSA14,PSA,SNG,TRUE
AACACACCACAGACGA,PBMC-06-1,PSA15,PSA,SNG,FALSE
AACACACCAGGCCTGT,PBMC-06-1,PSA04,PSA,SNG,FALSE
AACACACCAGTATACC,PBMC-06-1,PSX04,PSX,SNG,TRUE
AACACACCATCCAATG,PBMC-06-1,PSO14,PSO,SNG,TRUE
AACACACCATGGCCAC,PBMC-06-1,PSO15,PSO,SNG,TRUE
AACACACGTCAGTTTG,PBMC-06-1,PSO11,PSO,SNG,TRUE
AACACACGTCCTTAAG,PBMC-06-1,PSO11,PSO,SNG,TRUE
AACACACGTGACAGCA,PBMC-06-1,PSA05,PSA,SNG,TRUE
AACACACGTGCGACAA,PBMC-06-1,PSA15,PSA,SNG,TRUE
AACACACGTTCAATCG,PBMC-06-1,PSO15,PSO,DBL,FALSE
AACACACGTTGGGTTT,PBMC-06-1,PSX01,PSX,SNG,FALSE
AACACACTCATAAGGA,PBMC-06-1,PSX01,PSX,SNG,TRUE
AACACACTCATCACTT,PBMC-06-1,PSA07,PSA,SNG,TRUE
AACACACTCCCGTAAA,PBMC-06-1,PSA07,PSA,SNG,TRUE
AACACACTCCGACATA,PBMC-06-1,PSO15,PSO,SNG,TRUE
AACACACTCCTAGAGT,PBMC-06-1,PSA17,PSA,SNG,TRUE
AACACACTCCTAGCGG,PBMC-06-1,PSO16,PSO,AMB,FALSE
AACACACTCGATTCCC,PBMC-06-1,PSX01,PSX,SNG,TRUE
AACACACTCTGTTGGA,PBMC-06-1,PSA02,PSA,SNG,TRUE
AACACACTCTTGCGCT,PBMC-06-1,PSX01,PSX,SNG,TRUE
AACAGGGAGAAGCCAC,PBMC-06-1,PSO12,PSO,DBL,FALSE
AACAGGGAGACAAGCC,PBMC-06-1,PSA15,PSA,DBL,FALSE
AACAGGGAGAGCAGCT,PBMC-06-1,PSO14,PSO,SNG,TRUE
AACAGGGAGAGCTGAC,PBMC-06-1,PSX01,PSX,SNG,FALSE
AACAGGGAGCCAGTAG,PBMC-06-1,PSO15,PSO,SNG,TRUE
AACAGGGAGCCATCCG,PBMC-06-1,PSO15,PSO,SNG,TRUE
AACAGGGAGGTGCGAT,PBMC-06-1,PSA13,PSA,SNG,TRUE
AACAGGGAGTAACCGG,PBMC-06-1,PSA14,PSA,SNG,TRUE
AACAGGGAGTCCCTAA,PBMC-06-1,PSA12,PSA,SNG,TRUE
AACAGGGAGTGTTGTC,PBMC-06-1,PSO11,PSO,SNG,TRUE
AACAGGGCAACAAGAT,PBMC-06-1,PSA05,PSA,SNG,TRUE
AACAGGGCACAATTCG,PBMC-06-1,PSA07,PSA,SNG,TRUE
AACAGGGCAGCAGTTT,PBMC-06-1,PSA05,PSA,SNG,TRUE
AACAGGGCAGCTTTGA,PBMC-06-1,PSA12,PSA,DBL,FALSE
AACAGGGCATAATGCC,PBMC-06-1,PSA17,PSA,DBL,FALSE
AACAGGGCATCTTTCA,PBMC-06-1,PSA03,PSA,SNG,FALSE
AACAGGGGTCCTATAG,PBMC-06-1,PSA14,PSA,SNG,FALSE
AACAGGGGTGTAAATG,PBMC-06-1,PSO15,PSO,SNG,TRUE
AACAGGGTCACACCGG,PBMC-06-1,PSA07,PSA,SNG,TRUE
AACAGGGTCAGACTGT,PBMC-06-1,PSA05,PSA,DBL,FALSE
AACAGGGTCCGTATAG,PBMC-06-1,PSA02,PSA,DBL,FALSE
AACAGGGTCTATTTCG,PBMC-06-1,PSA02,PSA,SNG,TRUE
AACCAACAGATGTTAG,PBMC-06-1,PSO15,PSO,SNG,TRUE
AACCAACAGGAGAGGC,PBMC-06-1,PSO15,PSO,DBL,FALSE
AACCAACAGGATGGCT,PBMC-06-1,PSA14,PSA,SNG,TRUE
AACCAACAGGATTCAA,PBMC-06-1,PSA05,PSA,SNG,TRUE
AACCAACAGGTAAACT,PBMC-06-1,PSA14,PSA,SNG,FALSE
AACCAACAGTATGAAC,PBMC-06-1,PSO15,PSO,DBL,FALSE
AACCAACCACCTCTGT,PBMC-06-1,PSA06,PSA,SNG,TRUE
AACCAACGTCCGGTGT,PBMC-06-1,PSA15,PSA,DBL,FALSE
AACCAACGTGGAAATT,PBMC-06-1,PSX04,PSX,SNG,TRUE
AACCAACGTGGAACAC,PBMC-06-1,PSO15,PSO,SNG,TRUE
AACCAACGTGGAACCA,PBMC-06-1,PSA07,PSA,SNG,TRUE
AACCAACGTTCCTAGA,PBMC-06-1,PSA03,PSA,SNG,TRUE
AACCAACGTTGCGGAA,PBMC-06-1,PSO12,PSO,SNG,TRUE
AACCAACTCACGGGCT,PBMC-06-1,PSO12,PSO,SNG,TRUE
AACCAACTCACTTATC,PBMC-06-1,PSA05,PSA,DBL,FALSE
AACCAACTCGAACGGA,PBMC-06-1,PSA02,PSA,SNG,TRUE
AACCAACTCGATACAC,PBMC-06-1,PSA02,PSA,DBL,FALSE
AACCAACTCGATCCCT,PBMC-06-1,PSA13,PSA,SNG,TRUE
AACCAACTCTCGTTTA,PBMC-06-1,PSO11,PSO,SNG,TRUE
AACCACACAAATGAAC,PBMC-06-1,PSA07,PSA,SNG,TRUE
AACCACACACCTAAAC,PBMC-06-1,PSO12,PSO,AMB,FALSE
AACCACACACGGTGCT,PBMC-06-1,PSO12,PSO,SNG,FALSE
AACCACACAGATTAAG,PBMC-06-1,PSO12,PSO,SNG,TRUE
AACCACACAGGACTTT,PBMC-06-1,PSO13,PSO,SNG,TRUE
AACCACACATGACCCG,PBMC-06-1,PSO15,PSO,SNG,TRUE
AACCACACATGTCAGT,PBMC-06-1,PSA13,PSA,SNG,TRUE
AACCACAGTAGAGTTA,PBMC-06-1,PSO15,PSO,SNG,FALSE
AACCACAGTATACCTG,PBMC-06-1,PSO12,PSO,SNG,TRUE
AACCACAGTCGCCACA,PBMC-06-1,PSA05,PSA,SNG,TRUE
AACCACAGTTGTGGCC,PBMC-06-1,PSA05,PSA,SNG,FALSE
AACCATGAGAAGGGAT,PBMC-06-1,PSA02,PSA,SNG,TRUE
AACCATGAGCGGGTAT,PBMC-06-1,PSA03,PSA,SNG,TRUE
AACCATGAGCTGCCAC,PBMC-06-1,PSO14,PSO,SNG,TRUE
AACCATGAGTATTGCC,PBMC-06-1,PSO15,PSO,SNG,TRUE
AACCATGAGTTGCGAG,PBMC-06-1,PSA03,PSA,SNG,TRUE
AACCATGCAACCTATG,PBMC-06-1,PSA02,PSA,SNG,TRUE
AACCATGCACAGCGCT,PBMC-06-1,PSX01,PSX,DBL,FALSE
AACCATGCACATATGC,PBMC-06-1,PSX01,PSX,SNG,TRUE
AACCATGCACTGGAAG,PBMC-06-1,PSX04,PSX,SNG,TRUE
AACCATGCACTTCATT,PBMC-06-1,PSA04,PSA,SNG,FALSE
AACCATGCATGACAGG,PBMC-06-1,PSA15,PSA,DBL,FALSE
AACCATGGTAATCAGA,PBMC-06-1,PSO12,PSO,SNG,TRUE
AACCATGGTAGGAGGG,PBMC-06-1,PSA06,PSA,SNG,TRUE
AACCATGTCCCGTGTT,PBMC-06-1,PSA12,PSA,DBL,FALSE
AACCATGTCCGTGACG,PBMC-06-1,PSX04,PSX,DBL,FALSE
AACCATGTCGCCAATA,PBMC-06-1,PSA05,PSA,SNG,TRUE
AACCATGTCGCTGTTC,PBMC-06-1,PSA12,PSA,SNG,TRUE
AACCATGTCTTGGCTC,PBMC-06-1,PSA05,PSA,SNG,TRUE
AACCCAAAGACTAGAT,PBMC-06-1,PSA14,PSA,SNG,TRUE
AACCCAAAGAGCCTGA,PBMC-06-1,PSA06,PSA,SNG,TRUE
AACCCAAAGCATCAGG,PBMC-06-1,PSA14,PSA,SNG,TRUE
AACCCAAAGCCATTCA,PBMC-06-1,PSX01,PSX,SNG,TRUE
AACCCAACAAGTGGCA,PBMC-06-1,PSA12,PSA,DBL,FALSE
AACCCAACAGCCTTCT,PBMC-06-1,PSA16,PSA,SNG,TRUE
AACCCAACATGACGGA,PBMC-06-1,PSA02,PSA,SNG,TRUE
AACCCAAGTAGATCCT,PBMC-06-1,PSX01,PSX,SNG,TRUE
AACCCAAGTAGGAGGG,PBMC-06-1,PSO14,PSO,SNG,TRUE
AACCCAAGTCCCAAAT,PBMC-06-1,PSA04,PSA,SNG,TRUE
AACCCAAGTCGTGCCA,PBMC-06-1,PSA13,PSA,SNG,TRUE
AACCCAAGTGAGAACC,PBMC-06-1,PSA15,PSA,SNG,TRUE
AACCCAAGTGCGTTTA,PBMC-06-1,PSA16,PSA,SNG,TRUE
AACCCAAGTGGATCAG,PBMC-06-1,PSA12,PSA,AMB,FALSE
AACCCAATCAAGAGGC,PBMC-06-1,PSO15,PSO,SNG,FALSE
AACCCAATCACAATGC,PBMC-06-1,PSX01,PSX,SNG,TRUE
AACCCAATCACTGAAC,PBMC-06-1,PSX01,PSX,DBL,FALSE
AACCCAATCCTTCACG,PBMC-06-1,PSO15,PSO,SNG,TRUE
AACCCAATCGCTGCGA,PBMC-06-1,PSA13,PSA,SNG,TRUE
AACCCAATCTAGAACC,PBMC-06-1,PSA13,PSA,SNG,TRUE
AACCCAATCTCGACCT,PBMC-06-1,PSA05,PSA,SNG,TRUE
AACCCAATCTCTGCTG,PBMC-06-1,PSO12,PSO,DBL,FALSE
AACCTGAAGCATCCCG,PBMC-06-1,PSA17,PSA,SNG,TRUE
AACCTGAAGCGCCATC,PBMC-06-1,PSX01,PSX,DBL,FALSE
AACCTGAAGCGTTGTT,PBMC-06-1,PSA04,PSA,SNG,TRUE
AACCTGAAGTATCTGC,PBMC-06-1,PSA07,PSA,SNG,TRUE
AACCTGAAGTCTTCCC,PBMC-06-1,PSA03,PSA,SNG,TRUE
AACCTGACAACTACGT,PBMC-06-1,PSA04,PSA,SNG,FALSE
AACCTGACACCAATTG,PBMC-06-1,PSO15,PSO,SNG,TRUE
AACCTGAGTAATGTGA,PBMC-06-1,PSX04,PSX,DBL,FALSE
AACCTGAGTACACGTT,PBMC-06-1,PSA12,PSA,SNG,TRUE
AACCTGAGTCCTCAGG,PBMC-06-1,PSA13,PSA,SNG,FALSE
AACCTGAGTCGTGGAA,PBMC-06-1,PSA05,PSA,SNG,TRUE
AACCTGAGTCTTTCAT,PBMC-06-1,PSO12,PSO,DBL,FALSE
AACCTGAGTGGCTTAT,PBMC-06-1,PSA16,PSA,SNG,FALSE
AACCTGATCTCGCGTT,PBMC-06-1,PSA07,PSA,DBL,FALSE
AACCTTTAGAGCAGTC,PBMC-06-1,PSA04,PSA,SNG,TRUE
AACCTTTAGCATGAAT,PBMC-06-1,PSA17,PSA,DBL,FALSE
AACCTTTAGTAATCCC,PBMC-06-1,PSO11,PSO,SNG,TRUE
AACCTTTAGTCAGGGT,PBMC-06-1,PSA04,PSA,SNG,TRUE
AACCTTTCAAAGAACT,PBMC-06-1,PSA02,PSA,SNG,FALSE
AACCTTTCATATTCGG,PBMC-06-1,PSO16,PSO,SNG,TRUE
AACCTTTCATCTAGAC,PBMC-06-1,PSO11,PSO,SNG,TRUE
AACCTTTCATGACTTG,PBMC-06-1,PSO11,PSO,DBL,FALSE
AACCTTTGTAACCCGC,PBMC-06-1,PSA14,PSA,SNG,TRUE
AACCTTTGTCCGACGT,PBMC-06-1,PSO13,PSO,SNG,TRUE
AACCTTTGTTGCGGCT,PBMC-06-1,PSA02,PSA,SNG,TRUE
AACCTTTGTTTACGAC,PBMC-06-1,PSA05,PSA,SNG,TRUE
AACCTTTGTTTGGAAA,PBMC-06-1,PSA07,PSA,SNG,TRUE
AACCTTTTCATGTCAG,PBMC-06-1,PSA07,PSA,SNG,FALSE
AACCTTTTCATTATCC,PBMC-06-1,PSA05,PSA,SNG,TRUE
AACCTTTTCCCTGGTT,PBMC-06-1,PSO12,PSO,DBL,FALSE
AACCTTTTCCGCAAAT,PBMC-06-1,PSA05,PSA,SNG,TRUE
AACCTTTTCGTAACCA,PBMC-06-1,PSX04,PSX,SNG,TRUE
AACCTTTTCTCTCAAT,PBMC-06-1,PSO15,PSO,SNG,TRUE
AACCTTTTCTGAGTCA,PBMC-06-1,PSA12,PSA,SNG,TRUE
AACCTTTTCTTGTGCC,PBMC-06-1,PSX01,PSX,SNG,TRUE
AACCTTTTCTTGTTAC,PBMC-06-1,PSA02,PSA,SNG,TRUE
AACGAAAAGAATCGCG,PBMC-06-1,PSA16,PSA,SNG,TRUE
AACGAAAAGACCAACG,PBMC-06-1,PSA07,PSA,DBL,FALSE
AACGAAAAGACCAGAC,PBMC-06-1,PSA06,PSA,SNG,FALSE
AACGAAAAGACGAAGA,PBMC-06-1,PSX01,PSX,SNG,TRUE
AACGAAAAGAGAGCAA,PBMC-06-1,PSA12,PSA,SNG,TRUE
AACGAAAAGCCTCAAT,PBMC-06-1,PSA02,PSA,SNG,TRUE
AACGAAAAGCCTCTTC,PBMC-06-1,PSA17,PSA,SNG,TRUE
AACGAAAAGCTCTTCC,PBMC-06-1,PSA05,PSA,SNG,TRUE
AACGAAAAGTCACAGG,PBMC-06-1,PSA17,PSA,DBL,FALSE
AACGAAAAGTCGTCTA,PBMC-06-1,PSA05,PSA,SNG,TRUE
AACGAAAAGTGCCTCG,PBMC-06-1,PSA17,PSA,SNG,TRUE
AACGAAAAGTTCAACC,PBMC-06-1,PSA06,PSA,SNG,TRUE
AACGAAACACAAGCCC,PBMC-06-1,PSO15,PSO,SNG,TRUE
AACGAAACACACGCCA,PBMC-06-1,PSA16,PSA,SNG,TRUE
AACGAAACACCTCTAC,PBMC-06-1,PSA04,PSA,SNG,TRUE
AACGAAACACTGGCGT,PBMC-06-1,PSA05,PSA,DBL,FALSE
AACGAAACAGAGTTGG,PBMC-06-1,PSA07,PSA,SNG,TRUE
AACGAAACATAGAATG,PBMC-06-1,PSO12,PSO,SNG,TRUE
AACGAAAGTAGTTAGA,PBMC-06-1,PSA12,PSA,SNG,TRUE
AACGAAAGTCCGACGT,PBMC-06-1,PSA13,PSA,SNG,TRUE
AACGAAAGTGGCAACA,PBMC-06-1,PSA04,PSA,SNG,FALSE
AACGAAATCAGGCGAA,PBMC-06-1,PSO15,PSO,DBL,FALSE
AACGAAATCCCAAGCG,PBMC-06-1,PSX01,PSX,SNG,TRUE
AACGAAATCGCCAGAC,PBMC-06-1,PSA03,PSA,DBL,FALSE
AACGAAATCGCCGATG,PBMC-06-1,PSA06,PSA,SNG,FALSE
AACGAAATCGCCTATC,PBMC-06-1,PSA16,PSA,SNG,FALSE
AACGAAATCGGTAGAG,PBMC-06-1,PSA02,PSA,SNG,TRUE
AACGGGAAGACTAAGT,PBMC-06-1,PSA15,PSA,DBL,FALSE
AACGGGAAGAGCATAT,PBMC-06-1,PSO13,PSO,SNG,TRUE
AACGGGAAGGACTAAT,PBMC-06-1,PSO15,PSO,DBL,FALSE
AACGGGAAGTACTGGG,PBMC-06-1,PSA02,PSA,SNG,TRUE
AACGGGAAGTAGTCTC,PBMC-06-1,PSO15,PSO,SNG,TRUE
AACGGGACAATAACGA,PBMC-06-1,PSO15,PSO,SNG,TRUE
AACGGGACACCCGTAG,PBMC-06-1,PSO11,PSO,SNG,TRUE
AACGGGACACCGTACG,PBMC-06-1,PSA06,PSA,DBL,FALSE
AACGGGACACGTTGGC,PBMC-06-1,PSA17,PSA,SNG,TRUE
AACGGGACAGAGGCTA,PBMC-06-1,PSA17,PSA,SNG,TRUE
AACGGGACAGCGCTTG,PBMC-06-1,PSO12,PSO,SNG,TRUE
AACGGGACAGCGGTTC,PBMC-06-1,PSA14,PSA,DBL,FALSE
AACGGGACAGGTCAGA,PBMC-06-1,PSX01,PSX,DBL,FALSE
AACGGGACAGTATTCG,PBMC-06-1,PSA07,PSA,SNG,TRUE
AACGGGACATCCAACA,PBMC-06-1,PSA04,PSA,SNG,TRUE
AACGGGAGTGATGGCA,PBMC-06-1,PSA12,PSA,DBL,FALSE
AACGGGAGTGTGAGCA,PBMC-06-1,PSX01,PSX,SNG,TRUE
AACGGGATCACGACTA,PBMC-06-1,PSO15,PSO,SNG,TRUE
AACGGGATCAGACTGT,PBMC-06-1,PSA07,PSA,DBL,FALSE
AACGGGATCATCGCAA,PBMC-06-1,PSX01,PSX,SNG,TRUE
AACGGGATCCGTGCGA,PBMC-06-1,PSA03,PSA,SNG,TRUE
AACGGGATCCTAAACG,PBMC-06-1,PSA12,PSA,SNG,TRUE
AACGGGATCCTGGCTT,PBMC-06-1,PSA15,PSA,SNG,TRUE
AACGGGATCGAGCTGC,PBMC-06-1,PSA12,PSA,DBL,FALSE
AACGGGATCGTTCTAT,PBMC-06-1,PSA12,PSA,SNG,FALSE
AACGGGATCTGGTCAA,PBMC-06-1,PSA04,PSA,SNG,FALSE
AACGTCAAGCAAGCCA,PBMC-06-1,PSO14,PSO,DBL,FALSE
AACGTCAAGCCTCTGG,PBMC-06-1,PSX01,PSX,DBL,FALSE
AACGTCAAGCCTGAGA,PBMC-06-1,PSA12,PSA,SNG,TRUE
AACGTCACAGAGTGTG,PBMC-06-1,PSA14,PSA,DBL,FALSE
AACGTCACATCTTCGC,PBMC-06-1,PSA02,PSA,SNG,TRUE
AACGTCAGTCACTAGT,PBMC-06-1,PSA17,PSA,SNG,TRUE
AACGTCAGTCCTCCTA,PBMC-06-1,PSA05,PSA,SNG,TRUE
AACGTCAGTGCCTAAT,PBMC-06-1,PSO13,PSO,SNG,TRUE
AACGTCAGTGGGTATG,PBMC-06-1,PSA14,PSA,SNG,TRUE
AACGTCAGTGTGTCGC,PBMC-06-1,PSO14,PSO,SNG,TRUE
AACGTCAGTTACACTG,PBMC-06-1,PSA16,PSA,SNG,TRUE
AACGTCAGTTTCGTTT,PBMC-06-1,PSO14,PSO,SNG,TRUE
AACGTCATCAACCTTT,PBMC-06-1,PSO15,PSO,SNG,TRUE
AACGTCATCACGACTA,PBMC-06-1,PSA02,PSA,SNG,TRUE
AACGTCATCAGCTCTC,PBMC-06-1,PSO14,PSO,SNG,TRUE
AACGTCATCCAATCCC,PBMC-06-1,PSA16,PSA,DBL,FALSE
AACGTCATCGCCACTT,PBMC-06-1,PSA16,PSA,SNG,TRUE
AACGTCATCTAATTCC,PBMC-06-1,PSX04,PSX,SNG,TRUE
AACTTCTAGAGTCGAC,PBMC-06-1,PSA04,PSA,DBL,FALSE
AACTTCTAGTTACGTC,PBMC-06-1,PSA06,PSA,SNG,TRUE
AACTTCTCAACTGAAA,PBMC-06-1,PSO15,PSO,SNG,TRUE
AACTTCTCAATACGAA,PBMC-06-1,PSA06,PSA,DBL,FALSE
AACTTCTCACCTCAGG,PBMC-06-1,PSO16,PSO,SNG,TRUE
AACTTCTCAGAGGCAT,PBMC-06-1,PSA15,PSA,SNG,TRUE
AACTTCTCATGAAGGC,PBMC-06-1,PSA14,PSA,SNG,TRUE
AACTTCTGTCCAGCGT,PBMC-06-1,PSA12,PSA,SNG,TRUE
AACTTCTGTCGGTGAA,PBMC-06-1,PSA05,PSA,DBL,FALSE
AACTTCTGTCTCCTGT,PBMC-06-1,PSA12,PSA,SNG,FALSE
AACTTCTGTGGTCAAG,PBMC-06-1,PSA06,PSA,SNG,TRUE
AACTTCTGTGTTACAC,PBMC-06-1,PSA06,PSA,SNG,TRUE
AACTTCTGTGTTACTG,PBMC-06-1,PSA07,PSA,SNG,TRUE
AACTTCTTCACTGCTC,PBMC-06-1,PSA15,PSA,DBL,FALSE
AACTTCTTCATGGCCG,PBMC-06-1,PSO12,PSO,SNG,TRUE
AACTTCTTCCAAATGC,PBMC-06-1,PSO15,PSO,SNG,TRUE
AACTTCTTCCAGTGCG,PBMC-06-1,PSA05,PSA,DBL,FALSE
AACTTCTTCGACGCGT,PBMC-06-1,PSX01,PSX,AMB,FALSE
AACTTCTTCGCATTAG,PBMC-06-1,PSO15,PSO,SNG,TRUE
AACTTCTTCGGAGCAA,PBMC-06-1,PSA02,PSA,SNG,TRUE
AACTTCTTCTGGTGGC,PBMC-06-1,PSA12,PSA,SNG,TRUE
AAGAACAAGACCGTTT,PBMC-06-1,PSO15,PSO,DBL,FALSE
AAGAACAAGATCCTAC,PBMC-06-1,PSA07,PSA,SNG,TRUE
AAGAACAAGCCAGACA,PBMC-06-1,PSA02,PSA,SNG,TRUE
AAGAACAAGCCTGACC,PBMC-06-1,PSO15,PSO,SNG,TRUE
AAGAACAAGGATTTCC,PBMC-06-1,PSA02,PSA,SNG,TRUE
AAGAACAAGTACCGGA,PBMC-06-1,PSO12,PSO,SNG,FALSE
AAGAACAAGTAGTCTC,PBMC-06-1,PSA17,PSA,SNG,TRUE
AAGAACAAGTGCAAAT,PBMC-06-1,PSX01,PSX,SNG,TRUE
AAGAACACAAGAATAC,PBMC-06-1,PSA15,PSA,DBL,FALSE
AAGAACACAGAGTAAT,PBMC-06-1,PSO16,PSO,SNG,TRUE
AAGAACACAGTTCCAA,PBMC-06-1,PSA15,PSA,SNG,TRUE
AAGAACACATACCGTA,PBMC-06-1,PSA12,PSA,SNG,TRUE
AAGAACAGTAGGCAGT,PBMC-06-1,PSA17,PSA,SNG,TRUE
AAGAACAGTCGCTTAA,PBMC-06-1,PSO12,PSO,DBL,FALSE
AAGAACAGTGCACAAG,PBMC-06-1,PSO16,PSO,SNG,TRUE
AAGAACAGTGTCCCTT,PBMC-06-1,PSA17,PSA,SNG,TRUE
AAGAACAGTTTCCATT,PBMC-06-1,PSA17,PSA,DBL,FALSE
AAGAACATCCATCTAT,PBMC-06-1,PSO12,PSO,SNG,TRUE
AAGAACATCCTACGAA,PBMC-06-1,PSA16,PSA,SNG,TRUE
AAGAACATCGCTAAAC,PBMC-06-1,PSA14,PSA,SNG,TRUE
AAGAACATCGTCAAAC,PBMC-06-1,PSA04,PSA,SNG,TRUE
AAGACAAAGTAAACTG,PBMC-06-1,PSA06,PSA,DBL,FALSE
AAGACAAAGTGTACCT,PBMC-06-1,PSA06,PSA,DBL,FALSE
AAGACAACAAGGTCAG,PBMC-06-1,PSA07,PSA,SNG,TRUE
AAGACAACACCCTAAA,PBMC-06-1,PSA15,PSA,SNG,TRUE
AAGACAACAGCTAACT,PBMC-06-1,PSA16,PSA,AMB,FALSE
AAGACAACAGCTTCGG,PBMC-06-1,PSX04,PSX,SNG,TRUE
AAGACAACAGTTGTCA,PBMC-06-1,PSA02,PSA,SNG,TRUE
AAGACAACATATGAAG,PBMC-06-1,PSA02,PSA,DBL,FALSE
AAGACAAGTAACTTCG,PBMC-06-1,PSA06,PSA,SNG,TRUE
AAGACAAGTGTCTTGA,PBMC-06-1,PSA07,PSA,SNG,TRUE
AAGACAATCACTGAAC,PBMC-06-1,PSA04,PSA,SNG,TRUE
AAGACAATCCACACCT,PBMC-06-1,PSA14,PSA,SNG,TRUE
AAGACAATCTCGTCAC,PBMC-06-1,PSO12,PSO,SNG,TRUE
AAGACTCAGAGGTATT,PBMC-06-1,PSA02,PSA,SNG,TRUE
AAGACTCAGATAGTCA,PBMC-06-1,PSX01,PSX,DBL,FALSE
AAGACTCAGCTCTGTA,PBMC-06-1,PSO15,PSO,DBL,FALSE
AAGACTCAGTAAGCAT,PBMC-06-1,PSA02,PSA,SNG,TRUE
AAGACTCAGTCCCGGT,PBMC-06-1,PSA04,PSA,SNG,TRUE
AAGACTCAGTTTGCTG,PBMC-06-1,PSA14,PSA,SNG,TRUE
AAGACTCCAACTCGTA,PBMC-06-1,PSX04,PSX,SNG,TRUE
AAGACTCCACGCTGCA,PBMC-06-1,PSA15,PSA,SNG,TRUE
AAGACTCCATGACTAC,PBMC-06-1,PSA17,PSA,SNG,TRUE
AAGACTCGTACTCGAT,PBMC-06-1,PSA12,PSA,SNG,TRUE
AAGACTCGTGCCCTTT,PBMC-06-1,PSA05,PSA,SNG,FALSE
AAGACTCGTTGGGTAG,PBMC-06-1,PSO12,PSO,SNG,TRUE
AAGACTCTCCAGTACA,PBMC-06-1,PSO11,PSO,SNG,TRUE
AAGACTCTCCAGTGTA,PBMC-06-1,PSX04,PSX,SNG,TRUE
AAGACTCTCGTAGGAG,PBMC-06-1,PSO15,PSO,SNG,TRUE
AAGACTCTCGTAGTCA,PBMC-06-1,PSA17,PSA,SNG,TRUE
AAGACTCTCTAACACG,PBMC-06-1,PSA12,PSA,SNG,FALSE
AAGACTCTCTACAGGT,PBMC-06-1,PSA05,PSA,SNG,TRUE
AAGACTCTCTAGCAAC,PBMC-06-1,PSA17,PSA,SNG,TRUE
AAGATAGAGACCTCAT,PBMC-06-1,PSA15,PSA,SNG,TRUE
AAGATAGAGCCACTCG,PBMC-06-1,PSA17,PSA,SNG,TRUE
AAGATAGAGGATGGCT,PBMC-06-1,PSA02,PSA,SNG,TRUE
AAGATAGAGTTCATGC,PBMC-06-1,PSX01,PSX,SNG,TRUE
AAGATAGCAAGCTGTT,PBMC-06-1,PSA02,PSA,SNG,TRUE
AAGATAGCAATACAGA,PBMC-06-1,PSA13,PSA,SNG,TRUE
AAGATAGCACCCTCTA,PBMC-06-1,PSA05,PSA,SNG,FALSE
AAGATAGGTAGTTACC,PBMC-06-1,PSA17,PSA,SNG,TRUE
AAGATAGGTCAACGCC,PBMC-06-1,PSA02,PSA,SNG,TRUE
AAGATAGGTCCCTAAA,PBMC-06-1,PSO15,PSO,SNG,TRUE
AAGATAGGTCGCACGT,PBMC-06-1,PSX04,PSX,SNG,TRUE
AAGATAGGTGCATCTA,PBMC-06-1,PSO15,PSO,SNG,TRUE
AAGATAGGTGTCTTCC,PBMC-06-1,PSA13,PSA,SNG,TRUE
AAGATAGGTTGCTCCT,PBMC-06-1,PSO14,PSO,SNG,TRUE
AAGATAGGTTTCGCTC,PBMC-06-1,PSO15,PSO,SNG,TRUE
AAGATAGTCCAAACCA,PBMC-06-1,PSA04,PSA,SNG,FALSE
AAGATAGTCCAAATGC,PBMC-06-1,PSX01,PSX,SNG,TRUE
AAGATAGTCCGAAATC,PBMC-06-1,PSA16,PSA,SNG,TRUE
AAGATAGTCGTTCCTG,PBMC-06-1,PSA15,PSA,SNG,TRUE
AAGATAGTCTCGAACA,PBMC-06-1,PSX01,PSX,SNG,TRUE
AAGCATCAGAAACTGT,PBMC-06-1,PSA14,PSA,SNG,TRUE
AAGCATCAGAACGCGT,PBMC-06-1,PSA16,PSA,DBL,FALSE
AAGCATCAGGCCTGCT,PBMC-06-1,PSA17,PSA,SNG,TRUE
AAGCATCAGGCGATAC,PBMC-06-1,PSA06,PSA,SNG,TRUE
AAGCATCAGTGATGGC,PBMC-06-1,PSO13,PSO,SNG,TRUE
AAGCATCAGTGCCAGA,PBMC-06-1,PSO14,PSO,SNG,TRUE
AAGCATCCAATGACCT,PBMC-06-1,PSO15,PSO,SNG,TRUE
AAGCATCCACGTAGTT,PBMC-06-1,PSO16,PSO,SNG,TRUE
AAGCATCCACTGGACC,PBMC-06-1,PSA06,PSA,SNG,TRUE
AAGCATCCAGCGAGTA,PBMC-06-1,PSA04,PSA,SNG,TRUE
AAGCATCCAGCGATTT,PBMC-06-1,PSA02,PSA,DBL,FALSE
AAGCATCCAGTGAGCA,PBMC-06-1,PSA02,PSA,DBL,FALSE
AAGCATCCATACTTTC,PBMC-06-1,PSX01,PSX,SNG,TRUE
AAGCATCCATGCACTA,PBMC-06-1,PSA16,PSA,SNG,TRUE
AAGCATCCATTCTGTT,PBMC-06-1,PSA07,PSA,DBL,FALSE
AAGCATCGTACCGGCT,PBMC-06-1,PSA16,PSA,SNG,TRUE
AAGCATCGTATTGAGA,PBMC-06-1,PSA07,PSA,SNG,TRUE
AAGCATCGTCTAATCG,PBMC-06-1,PSA17,PSA,SNG,TRUE
AAGCATCGTCTGTTAG,PBMC-06-1,PSA07,PSA,DBL,FALSE
AAGCATCGTGTAACGG,PBMC-06-1,PSA07,PSA,SNG,FALSE
AAGCATCTCCACACCT,PBMC-06-1,PSO16,PSO,SNG,TRUE
AAGCATCTCGTGCACG,PBMC-06-1,PSA04,PSA,SNG,TRUE
AAGCATCTCTAGCCAA,PBMC-06-1,PSX04,PSX,DBL,FALSE
AAGCATCTCTCCTGCA,PBMC-06-1,PSA17,PSA,SNG,TRUE
AAGCATCTCTGTTGGA,PBMC-06-1,PSO14,PSO,DBL,FALSE
AAGCCATAGGATGCGT,PBMC-06-1,PSA14,PSA,SNG,TRUE
AAGCCATAGTTCCATG,PBMC-06-1,PSX01,PSX,SNG,TRUE
AAGCCATCAAGTTCCA,PBMC-06-1,PSA12,PSA,SNG,TRUE
AAGCCATCACAGTACT,PBMC-06-1,PSA17,PSA,AMB,FALSE
AAGCCATCACTTGGGC,PBMC-06-1,PSA02,PSA,SNG,FALSE
AAGCCATCAGATCCAT,PBMC-06-1,PSX01,PSX,SNG,TRUE
AAGCCATCATTCGATG,PBMC-06-1,PSA02,PSA,SNG,TRUE
AAGCCATGTACTGACT,PBMC-06-1,PSO15,PSO,SNG,TRUE
AAGCCATGTAGCGAGT,PBMC-06-1,PSA16,PSA,SNG,TRUE
AAGCCATGTATCACCA,PBMC-06-1,PSA16,PSA,DBL,FALSE
AAGCCATGTCCACAGC,PBMC-06-1,PSA13,PSA,SNG,TRUE
AAGCCATGTGAGATCG,PBMC-06-1,PSA02,PSA,SNG,TRUE
AAGCCATTCCCAACTC,PBMC-06-1,PSA07,PSA,SNG,TRUE
AAGCCATTCGAACCTA,PBMC-06-1,PSA07,PSA,SNG,TRUE
AAGCCATTCTTCACAT,PBMC-06-1,PSO15,PSO,SNG,TRUE
AAGCGAGAGAAGAACG,PBMC-06-1,PSA06,PSA,SNG,TRUE
AAGCGAGAGAAGGGAT,PBMC-06-1,PSA02,PSA,SNG,TRUE
AAGCGAGAGAGGTATT,PBMC-06-1,PSA15,PSA,DBL,FALSE
AAGCGAGAGAGTACCG,PBMC-06-1,PSO15,PSO,SNG,TRUE
AAGCGAGAGTAGATCA,PBMC-06-1,PSX01,PSX,SNG,TRUE
AAGCGAGAGTCACACT,PBMC-06-1,PSA13,PSA,SNG,TRUE
AAGCGAGCAACAAAGT,PBMC-06-1,PSO11,PSO,DBL,FALSE
AAGCGAGCAATTGAAG,PBMC-06-1,PSA15,PSA,SNG,TRUE
AAGCGAGCACCTGCGA,PBMC-06-1,PSA07,PSA,SNG,TRUE
AAGCGAGCACTTCCTG,PBMC-06-1,PSA16,PSA,SNG,TRUE
AAGCGAGCAGGCTATT,PBMC-06-1,PSA13,PSA,SNG,TRUE
AAGCGAGGTCCTGTTC,PBMC-06-1,PSO15,PSO,SNG,TRUE
AAGCGAGGTCGCGTCA,PBMC-06-1,PSA17,PSA,SNG,TRUE
AAGCGAGGTGCGGATA,PBMC-06-1,PSO12,PSO,SNG,TRUE
AAGCGAGGTTGCATCA,PBMC-06-1,PSA16,PSA,SNG,TRUE
AAGCGAGTCATCACCC,PBMC-06-1,PSA17,PSA,SNG,TRUE
AAGCGAGTCCGGCTTT,PBMC-06-1,PSO11,PSO,SNG,TRUE
AAGCGAGTCGCCATAA,PBMC-06-1,PSO14,PSO,SNG,TRUE
AAGCGAGTCGGTCGAC,PBMC-06-1,PSA17,PSA,SNG,TRUE
AAGCGAGTCTAAACGC,PBMC-06-1,PSA16,PSA,SNG,FALSE
AAGCGAGTCTGCCTGT,PBMC-06-1,PSO15,PSO,SNG,TRUE
AAGCGTTAGGATTCAA,PBMC-06-1,PSA17,PSA,DBL,FALSE
AAGCGTTAGTATTAGG,PBMC-06-1,PSA04,PSA,AMB,FALSE
AAGCGTTAGTTACTCG,PBMC-06-1,PSO15,PSO,SNG,FALSE
AAGCGTTCAACCTATG,PBMC-06-1,PSA03,PSA,SNG,TRUE
AAGCGTTCACGGCGTT,PBMC-06-1,PSO15,PSO,DBL,FALSE
AAGCGTTCAGCGACAA,PBMC-06-1,PSA14,PSA,SNG,TRUE
AAGCGTTCAGTCACGC,PBMC-06-1,PSO15,PSO,SNG,TRUE
AAGCGTTCAGTCCGTG,PBMC-06-1,PSA14,PSA,SNG,TRUE
AAGCGTTCATGCAGCC,PBMC-06-1,PSA14,PSA,AMB,FALSE
AAGCGTTCATGTAACC,PBMC-06-1,PSA03,PSA,SNG,FALSE
AAGCGTTGTAGAATGT,PBMC-06-1,PSA06,PSA,SNG,TRUE
AAGCGTTGTATTGCCA,PBMC-06-1,PSX04,PSX,SNG,TRUE
AAGCGTTGTGAAGCTG,PBMC-06-1,PSA06,PSA,SNG,TRUE
AAGCGTTGTGCAGTGA,PBMC-06-1,PSA14,PSA,SNG,TRUE
AAGCGTTGTGCTGTCG,PBMC-06-1,PSA17,PSA,SNG,TRUE
AAGCGTTGTTGCCTAA,PBMC-06-1,PSA07,PSA,SNG,FALSE
AAGCGTTGTTGTGCAT,PBMC-06-1,PSA06,PSA,SNG,TRUE
AAGCGTTTCAACTACG,PBMC-06-1,PSA12,PSA,SNG,TRUE
AAGCGTTTCAGTAGGG,PBMC-06-1,PSA02,PSA,SNG,TRUE
AAGCGTTTCCAAATGC,PBMC-06-1,PSA02,PSA,SNG,TRUE
AAGCGTTTCGTCAGAT,PBMC-06-1,PSA15,PSA,SNG,TRUE
AAGGAATAGAACGTGC,PBMC-06-1,PSA12,PSA,SNG,TRUE
AAGGAATAGAGCTGAC,PBMC-06-1,PSA15,PSA,DBL,FALSE
AAGGAATAGCAGGCAT,PBMC-06-1,PSO16,PSO,DBL,FALSE
AAGGAATAGGTATCTC,PBMC-06-1,PSO15,PSO,SNG,TRUE
AAGGAATCAAGTCGTT,PBMC-06-1,PSA12,PSA,SNG,TRUE
AAGGAATCAGCTACCG,PBMC-06-1,PSX01,PSX,SNG,TRUE
AAGGAATCAGGTATGG,PBMC-06-1,PSA15,PSA,SNG,FALSE
AAGGAATCATAGATCC,PBMC-06-1,PSX01,PSX,SNG,TRUE
AAGGAATCATTCTTCA,PBMC-06-1,PSX04,PSX,SNG,TRUE
AAGGAATGTAACCAGG,PBMC-06-1,PSA17,PSA,SNG,TRUE
AAGGAATGTAAGAACT,PBMC-06-1,PSA13,PSA,SNG,FALSE
AAGGAATGTCACATTG,PBMC-06-1,PSO12,PSO,SNG,FALSE
AAGGAATGTGAGATCG,PBMC-06-1,PSO16,PSO,DBL,FALSE
AAGGAATGTGCGTGCT,PBMC-06-1,PSO12,PSO,SNG,TRUE
AAGGAATGTTAAGTCC,PBMC-06-1,PSA03,PSA,SNG,TRUE
AAGGAATGTTGCATAC,PBMC-06-1,PSA04,PSA,SNG,TRUE
AAGGAATTCACGGACC,PBMC-06-1,PSO13,PSO,SNG,FALSE
AAGGAATTCAGATTGC,PBMC-06-1,PSA14,PSA,SNG,TRUE
AAGGAATTCGACATCA,PBMC-06-1,PSX04,PSX,SNG,TRUE
AAGGAATTCGCCTATC,PBMC-06-1,PSA05,PSA,SNG,TRUE
AAGGAATTCGTGGGTC,PBMC-06-1,PSA15,PSA,SNG,FALSE
AAGGAATTCTCAACCC,PBMC-06-1,PSA13,PSA,SNG,TRUE
AAGGAATTCTCATGCC,PBMC-06-1,PSA03,PSA,SNG,TRUE
AAGGTAACAAGTGATA,PBMC-06-1,PSA17,PSA,SNG,TRUE
AAGGTAACACTAGGCC,PBMC-06-1,PSA03,PSA,SNG,TRUE
AAGGTAACACTCCACT,PBMC-06-1,PSA16,PSA,AMB,FALSE
AAGGTAACAGTCGGAA,PBMC-06-1,PSA07,PSA,SNG,FALSE
AAGGTAACATATCTCT,PBMC-06-1,PSA07,PSA,SNG,TRUE
AAGGTAACATCCGAAT,PBMC-06-1,PSA15,PSA,SNG,TRUE
AAGGTAAGTAGACGGT,PBMC-06-1,PSX04,PSX,SNG,TRUE
AAGGTAAGTATGCAAA,PBMC-06-1,PSA15,PSA,SNG,TRUE
AAGGTAAGTCATAAAG,PBMC-06-1,PSA17,PSA,SNG,TRUE
AAGGTAAGTCGTTATG,PBMC-06-1,PSA07,PSA,DBL,FALSE
AAGGTAAGTCTACTGA,PBMC-06-1,PSA03,PSA,SNG,TRUE
AAGGTAAGTGGTAACG,PBMC-06-1,PSA04,PSA,SNG,TRUE
AAGGTAAGTTAATGAG,PBMC-06-1,PSX04,PSX,SNG,TRUE
AAGGTAAGTTGGCCTG,PBMC-06-1,PSA06,PSA,SNG,TRUE
AAGGTAAGTTGTTTGG,PBMC-06-1,PSA15,PSA,SNG,TRUE
AAGGTAAGTTTACTTC,PBMC-06-1,PSO12,PSO,SNG,TRUE
AAGTACCAGCGCTGAA,PBMC-06-1,PSX04,PSX,DBL,FALSE
AAGTACCAGGACCCAA,PBMC-06-1,PSA14,PSA,SNG,TRUE
AAGTACCAGTGCAGCA,PBMC-06-1,PSO11,PSO,SNG,TRUE
AAGTACCCAACTTGGT,PBMC-06-1,PSA15,PSA,SNG,TRUE
AAGTACCCACGACAGA,PBMC-06-1,PSA15,PSA,AMB,FALSE
AAGTACCCAGGCTATT,PBMC-06-1,PSO12,PSO,SNG,TRUE
AAGTACCCATACTTTC,PBMC-06-1,PSA06,PSA,SNG,FALSE
AAGTACCGTAGGAGTC,PBMC-06-1,PSA12,PSA,SNG,TRUE
AAGTACCGTCAGGAGT,PBMC-06-1,PSA05,PSA,SNG,TRUE
AAGTACCGTTCACCGG,PBMC-06-1,PSA07,PSA,SNG,FALSE
AAGTACCTCCATTGCC,PBMC-06-1,PSA12,PSA,SNG,TRUE
AAGTACCTCTCTATAC,PBMC-06-1,PSX04,PSX,SNG,TRUE
AAGTCGTAGGAAAGAC,PBMC-06-1,PSA03,PSA,SNG,TRUE
AAGTCGTAGGAGAATG,PBMC-06-1,PSA15,PSA,SNG,TRUE
AAGTCGTAGGCCCAAA,PBMC-06-1,PSO15,PSO,SNG,FALSE
AAGTCGTAGGGTCACA,PBMC-06-1,PSO12,PSO,SNG,TRUE
AAGTCGTCAAACTAGA,PBMC-06-1,PSA07,PSA,SNG,FALSE
AAGTCGTCAAATAAGC,PBMC-06-1,PSO14,PSO,DBL,FALSE
AAGTCGTCAGCTACAT,PBMC-06-1,PSA02,PSA,SNG,TRUE
AAGTCGTCATAAGATG,PBMC-06-1,PSO12,PSO,SNG,TRUE
AAGTCGTCATACCAGT,PBMC-06-1,PSA13,PSA,SNG,TRUE
AAGTCGTCATATCGGT,PBMC-06-1,PSA05,PSA,SNG,TRUE
AAGTCGTCATCCTTCG,PBMC-06-1,PSO16,PSO,SNG,TRUE
AAGTCGTGTCGCAACC,PBMC-06-1,PSO11,PSO,DBL,FALSE
AAGTCGTTCTGCGATA,PBMC-06-1,PSA07,PSA,SNG,FALSE
AAGTCGTTCTGCTAGA,PBMC-06-1,PSX01,PSX,SNG,FALSE
AAGTCGTTCTTTCCGG,PBMC-06-1,PSA07,PSA,SNG,TRUE
AAGTGAAAGAACTGAT,PBMC-06-1,PSA02,PSA,SNG,TRUE
AAGTGAAAGCCGCACT,PBMC-06-1,PSX01,PSX,SNG,TRUE
AAGTGAAAGCGGCTCT,PBMC-06-1,PSA02,PSA,SNG,TRUE
AAGTGAAAGTAAGACT,PBMC-06-1,PSA15,PSA,SNG,TRUE
AAGTGAAAGTCACGCC,PBMC-06-1,PSX01,PSX,SNG,TRUE
AAGTGAAAGTTGTCGT,PBMC-06-1,PSO13,PSO,AMB,FALSE
AAGTGAACAACATCGT,PBMC-06-1,PSO13,PSO,SNG,TRUE
AAGTGAACACTCTCGT,PBMC-06-1,PSA05,PSA,SNG,TRUE
AAGTGAACACTTGAAC,PBMC-06-1,PSA07,PSA,SNG,TRUE
AAGTGAACAGGCACAA,PBMC-06-1,PSO16,PSO,SNG,TRUE
AAGTGAACATCCGATA,PBMC-06-1,PSO14,PSO,SNG,TRUE
AAGTGAAGTACGTTCA,PBMC-06-1,PSA06,PSA,SNG,TRUE
AAGTGAAGTAGATTAG,PBMC-06-1,PSA05,PSA,SNG,TRUE
AAGTGAAGTGGGATTG,PBMC-06-1,PSO16,PSO,SNG,TRUE
AAGTGAATCACCTGTC,PBMC-06-1,PSO15,PSO,SNG,TRUE
AAGTGAATCAGCGGAA,PBMC-06-1,PSA03,PSA,DBL,FALSE
AAGTGAATCATGGGAG,PBMC-06-1,PSA02,PSA,SNG,TRUE
AAGTGAATCCGTCAAA,PBMC-06-1,PSX01,PSX,SNG,FALSE
AAGTGAATCCTCATAT,PBMC-06-1,PSA17,PSA,SNG,TRUE
AAGTGAATCGACATTG,PBMC-06-1,PSA07,PSA,SNG,TRUE
AAGTGAATCGACCCAG,PBMC-06-1,PSX04,PSX,DBL,FALSE
AAGTTCGAGCCGTTGC,PBMC-06-1,PSO12,PSO,SNG,TRUE
AAGTTCGAGCTCAGAG,PBMC-06-1,PSO15,PSO,AMB,FALSE
AAGTTCGAGCTCATAC,PBMC-06-1,PSO14,PSO,DBL,FALSE
AAGTTCGAGGCATGGT,PBMC-06-1,PSA02,PSA,SNG,FALSE
AAGTTCGCACAGTCCG,PBMC-06-1,PSA06,PSA,SNG,TRUE
AAGTTCGCATAGATGA,PBMC-06-1,PSA17,PSA,SNG,TRUE
AAGTTCGCATTGAAAG,PBMC-06-1,PSX01,PSX,DBL,FALSE
AAGTTCGGTAGCTGCC,PBMC-06-1,PSO12,PSO,SNG,TRUE
AAGTTCGGTAGGCAAC,PBMC-06-1,PSA14,PSA,SNG,TRUE
AAGTTCGGTCAGGTGA,PBMC-06-1,PSA15,PSA,SNG,TRUE
AAGTTCGGTCTGCATA,PBMC-06-1,PSA02,PSA,SNG,TRUE
AAGTTCGGTGAGTTGG,PBMC-06-1,PSO15,PSO,DBL,FALSE
AAGTTCGGTGGCTGCT,PBMC-06-1,PSA12,PSA,DBL,FALSE
AAGTTCGGTGGTAATA,PBMC-06-1,PSA12,PSA,SNG,TRUE
AAGTTCGGTGTGTACT,PBMC-06-1,PSA03,PSA,DBL,FALSE
AAGTTCGGTTGGCCTG,PBMC-06-1,PSX01,PSX,SNG,TRUE
AAGTTCGTCCAACCAA,PBMC-06-1,PSA06,PSA,SNG,FALSE
AAGTTCGTCCAGTTCC,PBMC-06-1,PSA17,PSA,SNG,FALSE
AAGTTCGTCCGTGTAA,PBMC-06-1,PSA03,PSA,SNG,TRUE
AAGTTCGTCCTTGAAG,PBMC-06-1,PSO11,PSO,SNG,FALSE
AAGTTCGTCGCCGAGT,PBMC-06-1,PSA02,PSA,DBL,FALSE
AATAGAGAGACATCAA,PBMC-06-1,PSA07,PSA,SNG,TRUE
AATAGAGAGTGAGGTC,PBMC-06-1,PSO12,PSO,SNG,FALSE
AATAGAGAGTTGGCTT,PBMC-06-1,PSA03,PSA,SNG,FALSE
AATAGAGCACAGGATG,PBMC-06-1,PSA07,PSA,SNG,FALSE
AATAGAGCAGCTGCCA,PBMC-06-1,PSA07,PSA,SNG,TRUE
AATAGAGCATAGAGGC,PBMC-06-1,PSA07,PSA,SNG,TRUE
AATAGAGCATAGGTTC,PBMC-06-1,PSA02,PSA,SNG,TRUE
AATAGAGGTACAACGG,PBMC-06-1,PSO15,PSO,DBL,FALSE
AATAGAGGTACATTGC,PBMC-06-1,PSO12,PSO,SNG,FALSE
AATAGAGGTCACTACA,PBMC-06-1,PSA12,PSA,SNG,TRUE
AATAGAGGTCTCACAA,PBMC-06-1,PSX04,PSX,SNG,TRUE
AATAGAGGTGAGTAAT,PBMC-06-1,PSA06,PSA,SNG,TRUE
AATAGAGGTTGCCGAC,PBMC-06-1,PSO14,PSO,SNG,TRUE
AATAGAGTCCGCACTT,PBMC-06-1,PSA16,PSA,SNG,TRUE
AATAGAGTCGCCGAAC,PBMC-06-1,PSA12,PSA,SNG,TRUE
AATAGAGTCTTTGATC,PBMC-06-1,PSO12,PSO,AMB,FALSE
AATCACGAGCAATTCC,PBMC-06-1,PSA16,PSA,SNG,TRUE
AATCACGAGGAACTAT,PBMC-06-1,PSA03,PSA,SNG,FALSE
AATCACGCAGCGACAA,PBMC-06-1,PSO11,PSO,SNG,TRUE
AATCACGCAGCTGTCG,PBMC-06-1,PSA07,PSA,DBL,FALSE
AATCACGCATCCGTTC,PBMC-06-1,PSA07,PSA,SNG,TRUE
AATCACGCATCTTAGG,PBMC-06-1,PSA15,PSA,SNG,TRUE
AATCACGCATGCAGGA,PBMC-06-1,PSA07,PSA,SNG,TRUE
AATCACGGTACGCTTA,PBMC-06-1,PSA14,PSA,SNG,FALSE
AATCACGGTCGCATTA,PBMC-06-1,PSX01,PSX,SNG,TRUE
AATCACGGTGAACTAA,PBMC-06-1,PSO11,PSO,SNG,TRUE
AATCACGGTTCGATTG,PBMC-06-1,PSX01,PSX,AMB,FALSE
AATCACGGTTGTGGAG,PBMC-06-1,PSA07,PSA,SNG,FALSE
AATCACGTCCATACTT,PBMC-06-1,PSA16,PSA,SNG,FALSE
AATCACGTCCATTTAC,PBMC-06-1,PSA06,PSA,SNG,FALSE
AATCACGTCCCGATCT,PBMC-06-1,PSO11,PSO,SNG,TRUE
AATCACGTCCCTCTAG,PBMC-06-1,PSO14,PSO,SNG,TRUE
AATCACGTCCGATCGG,PBMC-06-1,PSO15,PSO,DBL,FALSE
AATCACGTCGACCCAG,PBMC-06-1,PSA16,PSA,SNG,TRUE
AATCACGTCGCGGTAC,PBMC-06-1,PSA14,PSA,SNG,TRUE
AATCACGTCGCGTTTC,PBMC-06-1,PSO15,PSO,DBL,FALSE
AATCACGTCGTGCATA,PBMC-06-1,PSA07,PSA,SNG,TRUE
AATCACGTCTCGCTTG,PBMC-06-1,PSA15,PSA,SNG,TRUE
AATCACGTCTCGTGAA,PBMC-06-1,PSA05,PSA,DBL,FALSE
AATCGACAGATGCTAA,PBMC-06-1,PSA16,PSA,SNG,TRUE
AATCGACAGTCGGGAT,PBMC-06-1,PSA07,PSA,SNG,TRUE
AATCGACAGTTGCGAG,PBMC-06-1,PSO12,PSO,SNG,FALSE
AATCGACAGTTTAGGA,PBMC-06-1,PSO12,PSO,DBL,FALSE
AATCGACCAAATCAGA,PBMC-06-1,PSA06,PSA,SNG,TRUE
AATCGACCACACCGCA,PBMC-06-1,PSX04,PSX,SNG,TRUE
AATCGACCACTACCGG,PBMC-06-1,PSA17,PSA,DBL,FALSE
AATCGACCAGCTTCCT,PBMC-06-1,PSO15,PSO,DBL,FALSE
AATCGACCATGTGCTA,PBMC-06-1,PSA02,PSA,SNG,TRUE
AATCGACGTCACTACA,PBMC-06-1,PSO14,PSO,SNG,TRUE
AATCGACGTCCCGGTA,PBMC-06-1,PSA06,PSA,SNG,TRUE
AATCGACGTCTAATCG,PBMC-06-1,PSA17,PSA,SNG,TRUE
AATCGACGTCTCGCGA,PBMC-06-1,PSA02,PSA,SNG,TRUE
AATCGACGTGATATAG,PBMC-06-1,PSA12,PSA,SNG,TRUE
AATCGACGTGTTAACC,PBMC-06-1,PSA16,PSA,SNG,TRUE
AATCGACGTTACGTAC,PBMC-06-1,PSA06,PSA,SNG,TRUE
AATCGACGTTGGTGTT,PBMC-06-1,PSO12,PSO,DBL,FALSE
AATCGACTCACCTGGG,PBMC-06-1,PSA14,PSA,SNG,TRUE
AATCGACTCATATGGC,PBMC-06-1,PSO15,PSO,SNG,TRUE
AATCGACTCCACACAA,PBMC-06-1,PSO12,PSO,SNG,TRUE
AATCGACTCCTACGAA,PBMC-06-1,PSO11,PSO,SNG,TRUE
AATCGACTCGGCTCTT,PBMC-06-1,PSA03,PSA,SNG,TRUE
AATCGACTCTGTACAG,PBMC-06-1,PSA17,PSA,SNG,TRUE
AATCGACTCTTGCAGA,PBMC-06-1,PSA15,PSA,SNG,FALSE
AATCGTGAGAGCATTA,PBMC-06-1,PSA12,PSA,SNG,TRUE
AATCGTGAGAGCCATG,PBMC-06-1,PSX01,PSX,SNG,FALSE
AATCGTGAGCGTGTTT,PBMC-06-1,PSO14,PSO,SNG,TRUE
AATCGTGAGCTCCATA,PBMC-06-1,PSO15,PSO,DBL,FALSE
AATCGTGAGTGTGTTC,PBMC-06-1,PSA16,PSA,SNG,FALSE
AATCGTGAGTGTTGAA,PBMC-06-1,PSA04,PSA,SNG,TRUE
AATCGTGCACCTGAAT,PBMC-06-1,PSA07,PSA,SNG,TRUE
AATCGTGCACGATTCA,PBMC-06-1,PSO11,PSO,DBL,FALSE
AATCGTGCATACGCAT,PBMC-06-1,PSA07,PSA,DBL,FALSE
AATCGTGGTAAGGAGA,PBMC-06-1,PSA06,PSA,SNG,TRUE
AATCGTGGTAATCAAG,PBMC-06-1,PSX04,PSX,SNG,TRUE
AATCGTGGTACGAGTG,PBMC-06-1,PSA05,PSA,AMB,FALSE
AATCGTGGTAGGTGCA,PBMC-06-1,PSA07,PSA,SNG,TRUE
AATCGTGGTCACTTCC,PBMC-06-1,PSA14,PSA,SNG,TRUE
AATCGTGGTGGTCTCG,PBMC-06-1,PSA05,PSA,DBL,FALSE
AATCGTGGTGTTAGCT,PBMC-06-1,PSO12,PSO,DBL,FALSE
AATCGTGGTTAGGGAC,PBMC-06-1,PSA02,PSA,SNG,TRUE
AATCGTGGTTTAGACC,PBMC-06-1,PSA07,PSA,SNG,TRUE
AATCGTGGTTTCGGCG,PBMC-06-1,PSO12,PSO,SNG,FALSE
AATCGTGTCAAATGCC,PBMC-06-1,PSA04,PSA,SNG,TRUE
AATCGTGTCAATCTCT,PBMC-06-1,PSA07,PSA,SNG,TRUE
AATCGTGTCACCGGGT,PBMC-06-1,PSO12,PSO,SNG,TRUE
AATCGTGTCCACGGAC,PBMC-06-1,PSA05,PSA,SNG,TRUE
AATCGTGTCCACGTAA,PBMC-06-1,PSA02,PSA,SNG,TRUE
AATCGTGTCCTACGAA,PBMC-06-1,PSO15,PSO,DBL,FALSE
AATCGTGTCGGCTCTT,PBMC-06-1,PSA16,PSA,DBL,FALSE
AATCGTGTCGGTTGTA,PBMC-06-1,PSO12,PSO,SNG,TRUE
AATCGTGTCTCGAACA,PBMC-06-1,PSA16,PSA,SNG,TRUE
AATCGTGTCTGTGTGA,PBMC-06-1,PSX01,PSX,SNG,TRUE
AATGAAGAGGAGGGTG,PBMC-06-1,PSO12,PSO,SNG,TRUE
AATGAAGAGTTAACAG,PBMC-06-1,PSA07,PSA,SNG,TRUE
AATGAAGAGTTTGAGA,PBMC-06-1,PSA14,PSA,SNG,FALSE
AATGAAGCAAATACGA,PBMC-06-1,PSA15,PSA,SNG,TRUE
AATGAAGCAAGCTGCC,PBMC-06-1,PSA16,PSA,SNG,TRUE
AATGAAGCAAGTCCCG,PBMC-06-1,PSO15,PSO,DBL,FALSE
AATGAAGCACACGGAA,PBMC-06-1,PSA16,PSA,SNG,TRUE
AATGAAGCACGGCCAT,PBMC-06-1,PSA12,PSA,SNG,TRUE
AATGAAGCACTCACTC,PBMC-06-1,PSA06,PSA,SNG,FALSE
AATGAAGCAGAGGCAT,PBMC-06-1,PSO12,PSO,SNG,TRUE
AATGAAGCAGCTGAGA,PBMC-06-1,PSA16,PSA,SNG,TRUE
AATGAAGCAGTAGAGC,PBMC-06-1,PSO14,PSO,AMB,FALSE
AATGAAGGTACCCACG,PBMC-06-1,PSA07,PSA,SNG,TRUE
AATGAAGGTAGCGTTT,PBMC-06-1,PSA02,PSA,SNG,TRUE
AATGAAGGTCAACCTA,PBMC-06-1,PSA07,PSA,SNG,FALSE
AATGAAGGTCATTGCA,PBMC-06-1,PSO12,PSO,SNG,TRUE
AATGAAGGTCGCACGT,PBMC-06-1,PSX01,PSX,DBL,FALSE
AATGAAGGTGACACGA,PBMC-06-1,PSX01,PSX,SNG,FALSE
AATGAAGGTGCATCTA,PBMC-06-1,PSA06,PSA,AMB,FALSE
AATGAAGTCAGCGTCG,PBMC-06-1,PSX01,PSX,SNG,TRUE
AATGAAGTCCACTTCG,PBMC-06-1,PSO15,PSO,SNG,TRUE
AATGAAGTCGATACAC,PBMC-06-1,PSA06,PSA,SNG,TRUE
AATGAAGTCGTTCCCA,PBMC-06-1,PSA02,PSA,SNG,FALSE
AATGAAGTCTACCCAC,PBMC-06-1,PSA16,PSA,SNG,TRUE
AATGAAGTCTCACGAA,PBMC-06-1,PSX01,PSX,SNG,TRUE
AATGAAGTCTTGAACG,PBMC-06-1,PSA12,PSA,SNG,FALSE
AATGAAGTCTTGGCTC,PBMC-06-1,PSO15,PSO,SNG,TRUE
AATGACCAGACGGAAA,PBMC-06-1,PSA03,PSA,SNG,FALSE
AATGACCAGACTCAAA,PBMC-06-1,PSA14,PSA,SNG,TRUE
AATGACCAGATCGACG,PBMC-06-1,PSO11,PSO,SNG,TRUE
AATGACCAGCCTGGAA,PBMC-06-1,PSA04,PSA,SNG,TRUE
AATGACCAGGAAGTCC,PBMC-06-1,PSX04,PSX,SNG,TRUE
AATGACCAGGCGCTCT,PBMC-06-1,PSO14,PSO,SNG,FALSE
AATGACCAGGGACTGT,PBMC-06-1,PSA13,PSA,DBL,FALSE
AATGACCAGGTGCCAA,PBMC-06-1,PSO11,PSO,SNG,TRUE
AATGACCAGTGCTAGG,PBMC-06-1,PSA16,PSA,SNG,FALSE
AATGACCAGTTGCCCG,PBMC-06-1,PSA17,PSA,SNG,TRUE
AATGACCCAACAGCCC,PBMC-06-1,PSA16,PSA,SNG,TRUE
AATGACCCAGCAGAAC,PBMC-06-1,PSA17,PSA,SNG,TRUE
AATGACCCAGTAACAA,PBMC-06-1,PSA17,PSA,SNG,TRUE
AATGACCCATGTCAGT,PBMC-06-1,PSA04,PSA,SNG,TRUE
AATGACCGTCAAGTTC,PBMC-06-1,PSO14,PSO,SNG,FALSE
AATGACCGTCCGGCAT,PBMC-06-1,PSA14,PSA,SNG,TRUE
AATGACCGTTGCCTAA,PBMC-06-1,PSA13,PSA,AMB,FALSE
AATGACCGTTTCGTTT,PBMC-06-1,PSX04,PSX,DBL,FALSE
AATGACCTCAACACCA,PBMC-06-1,PSA02,PSA,SNG,TRUE
AATGACCTCAATGTCG,PBMC-06-1,PSA04,PSA,SNG,FALSE
AATGACCTCAGGGTAG,PBMC-06-1,PSX01,PSX,SNG,TRUE
AATGACCTCATGAGGG,PBMC-06-1,PSA02,PSA,SNG,TRUE
AATGACCTCCAAGCCG,PBMC-06-1,PSA13,PSA,DBL,FALSE
AATGACCTCGACGACC,PBMC-06-1,PSA17,PSA,SNG,TRUE
AATGACCTCGGTGTTA,PBMC-06-1,PSA12,PSA,SNG,TRUE
AATGACCTCTGCCCTA,PBMC-06-1,PSO12,PSO,DBL,FALSE
AATGCCAAGAGGTATT,PBMC-06-1,PSX01,PSX,SNG,TRUE
AATGCCAAGCTCATAC,PBMC-06-1,PSA06,PSA,SNG,FALSE
AATGCCAAGCTCCATA,PBMC-06-1,PSA03,PSA,SNG,TRUE
AATGCCAAGCTGACCC,PBMC-06-1,PSX04,PSX,SNG,TRUE
AATGCCACAAAGAGTT,PBMC-06-1,PSA17,PSA,DBL,FALSE
AATGCCACAACCGGAA,PBMC-06-1,PSA02,PSA,SNG,TRUE
AATGCCACAAGGAGTC,PBMC-06-1,PSA07,PSA,SNG,TRUE
AATGCCACAATAACGA,PBMC-06-1,PSA14,PSA,SNG,TRUE
AATGCCACAGGTACGA,PBMC-06-1,PSA15,PSA,SNG,TRUE
AATGCCAGTAGGGTAC,PBMC-06-1,PSA17,PSA,SNG,TRUE
AATGCCAGTATACGGG,PBMC-06-1,PSA03,PSA,SNG,TRUE
AATGCCAGTCCACATA,PBMC-06-1,PSA05,PSA,SNG,TRUE
AATGCCAGTCTCCTGT,PBMC-06-1,PSA13,PSA,SNG,TRUE
AATGCCAGTGCCTTTC,PBMC-06-1,PSA07,PSA,DBL,FALSE
AATGCCAGTGGTCCCA,PBMC-06-1,PSA05,PSA,DBL,FALSE
AATGCCAGTTTGGAAA,PBMC-06-1,PSA04,PSA,DBL,FALSE
AATGCCATCAGCTTGA,PBMC-06-1,PSA02,PSA,SNG,TRUE
AATGCCATCTAGGAAA,PBMC-06-1,PSA05,PSA,SNG,FALSE
AATGCCATCTGTTCAT,PBMC-06-1,PSO11,PSO,SNG,TRUE
AATGGAAAGCATTTCG,PBMC-06-1,PSA05,PSA,SNG,TRUE
AATGGAAAGGCTTAAA,PBMC-06-1,PSX04,PSX,SNG,FALSE
AATGGAAAGGCTTCCG,PBMC-06-1,PSA17,PSA,SNG,TRUE
AATGGAAAGTAAGCAT,PBMC-06-1,PSA07,PSA,SNG,FALSE
AATGGAAAGTCAATCC,PBMC-06-1,PSO15,PSO,SNG,TRUE
AATGGAACAATTGCGT,PBMC-06-1,PSA16,PSA,SNG,FALSE
AATGGAACACACGGAA,PBMC-06-1,PSO15,PSO,AMB,FALSE
AATGGAACACAGACGA,PBMC-06-1,PSA02,PSA,SNG,TRUE
AATGGAACACATATCG,PBMC-06-1,PSA15,PSA,AMB,FALSE
AATGGAACACGATAGG,PBMC-06-1,PSA02,PSA,SNG,TRUE
AATGGAACACGCCACA,PBMC-06-1,PSO15,PSO,SNG,TRUE
AATGGAACATACGCAT,PBMC-06-1,PSA04,PSA,SNG,TRUE
AATGGAACATGCGGTC,PBMC-06-1,PSA16,PSA,SNG,TRUE
AATGGAACATTCTGTT,PBMC-06-1,PSO14,PSO,SNG,TRUE
AATGGAAGTAAGTTAG,PBMC-06-1,PSX04,PSX,SNG,FALSE
AATGGAAGTCGTCTCT,PBMC-06-1,PSA16,PSA,SNG,FALSE
AATGGAAGTCTCAAGT,PBMC-06-1,PSA03,PSA,SNG,TRUE
AATGGAAGTGCAACAG,PBMC-06-1,PSX01,PSX,DBL,FALSE
AATGGAAGTGCCTTCT,PBMC-06-1,PSA07,PSA,SNG,FALSE
AATGGAAGTGCTGATT,PBMC-06-1,PSX01,PSX,SNG,TRUE
AATGGAAGTTCCGCGA,PBMC-06-1,PSX01,PSX,DBL,FALSE
AATGGAATCAGGTAAA,PBMC-06-1,PSO11,PSO,SNG,TRUE
AATGGAATCCATCGTC,PBMC-06-1,PSO15,PSO,SNG,FALSE
AATGGAATCCGATGCG,PBMC-06-1,PSA14,PSA,SNG,TRUE
AATGGAATCCTACCAC,PBMC-06-1,PSA12,PSA,SNG,TRUE
AATGGAATCCTGTACC,PBMC-06-1,PSA14,PSA,SNG,TRUE
AATGGAATCGACACTA,PBMC-06-1,PSA07,PSA,SNG,TRUE
AATGGAATCGAGCCTG,PBMC-06-1,PSO16,PSO,SNG,TRUE
AATGGAATCTCTTGCG,PBMC-06-1,PSA17,PSA,SNG,TRUE
AATGGCTAGTTTGTCG,PBMC-06-1,PSX01,PSX,SNG,TRUE
AATGGCTCAAACAGGC,PBMC-06-1,PSA02,PSA,SNG,TRUE
AATGGCTCAACACGAG,PBMC-06-1,PSX01,PSX,SNG,TRUE
AATGGCTCAATAGTAG,PBMC-06-1,PSA05,PSA,SNG,TRUE
AATGGCTCAGGTGTGA,PBMC-06-1,PSO15,PSO,SNG,TRUE
AATGGCTCATCCGTGG,PBMC-06-1,PSA16,PSA,SNG,TRUE
AATGGCTCATTCAGGT,PBMC-06-1,PSO15,PSO,SNG,TRUE
AATGGCTGTACGACAG,PBMC-06-1,PSA16,PSA,SNG,FALSE
AATGGCTGTAGTGTGG,PBMC-06-1,PSA12,PSA,SNG,TRUE
AATGGCTGTCAGTTTG,PBMC-06-1,PSA16,PSA,SNG,TRUE
AATGGCTGTTACACTG,PBMC-06-1,PSO11,PSO,SNG,TRUE
AATGGCTGTTTACACG,PBMC-06-1,PSA07,PSA,DBL,FALSE
AATGGCTTCATAGGCT,PBMC-06-1,PSO14,PSO,SNG,TRUE
AATGGCTTCCTTACCG,PBMC-06-1,PSA04,PSA,SNG,TRUE
AATTCCTCAAGCGCAA,PBMC-06-1,PSO12,PSO,SNG,TRUE
AATTCCTCACGTATAC,PBMC-06-1,PSA16,PSA,SNG,TRUE
AATTCCTCAGAGACTG,PBMC-06-1,PSA04,PSA,SNG,TRUE
AATTCCTCATCCAATG,PBMC-06-1,PSA13,PSA,SNG,TRUE
AATTCCTCATGAAGGC,PBMC-06-1,PSO15,PSO,SNG,FALSE
AATTCCTGTATCCCAA,PBMC-06-1,PSX01,PSX,SNG,TRUE
AATTCCTGTCACAATC,PBMC-06-1,PSA05,PSA,SNG,TRUE
AATTCCTGTCACCCTT,PBMC-06-1,PSA03,PSA,SNG,TRUE
AATTCCTGTCCTTAAG,PBMC-06-1,PSA14,PSA,SNG,TRUE
AATTCCTGTCGAGATG,PBMC-06-1,PSA13,PSA,SNG,TRUE
AATTCCTGTGTCCGGT,PBMC-06-1,PSA12,PSA,SNG,FALSE
AATTCCTGTTGTGTTG,PBMC-06-1,PSA03,PSA,SNG,TRUE
AATTTCCAGAAGCTGC,PBMC-06-1,PSO11,PSO,SNG,FALSE
AATTTCCAGCGGTAGT,PBMC-06-1,PSO12,PSO,SNG,TRUE
AATTTCCAGTACTGTC,PBMC-06-1,PSA06,PSA,SNG,TRUE
AATTTCCAGTTTGTCG,PBMC-06-1,PSA17,PSA,AMB,FALSE
AATTTCCCAAACTCTG,PBMC-06-1,PSX01,PSX,DBL,FALSE
AATTTCCCAACCGCCA,PBMC-06-1,PSA02,PSA,SNG,TRUE
AATTTCCCAATGAACA,PBMC-06-1,PSA13,PSA,SNG,TRUE
AATTTCCCAATTCTCT,PBMC-06-1,PSA07,PSA,DBL,FALSE
AATTTCCCACCTGATA,PBMC-06-1,PSX01,PSX,SNG,TRUE
AATTTCCCAGCGCGTT,PBMC-06-1,PSA06,PSA,SNG,TRUE
AATTTCCCAGCTGGTC,PBMC-06-1,PSA14,PSA,SNG,TRUE
AATTTCCCAGGAATCG,PBMC-06-1,PSA05,PSA,SNG,TRUE
AATTTCCCATTGTGCA,PBMC-06-1,PSA15,PSA,SNG,TRUE
AATTTCCGTAAGCAAT,PBMC-06-1,PSO15,PSO,SNG,TRUE
AATTTCCGTCAAGGCA,PBMC-06-1,PSA07,PSA,SNG,TRUE
AATTTCCGTCTAACTG,PBMC-06-1,PSA15,PSA,SNG,TRUE
AATTTCCGTTGCTCAA,PBMC-06-1,PSA12,PSA,SNG,TRUE
AATTTCCGTTGGAGAC,PBMC-06-1,PSA07,PSA,DBL,FALSE
AATTTCCTCAACCTTT,PBMC-06-1,PSO14,PSO,DBL,FALSE
AATTTCCTCACAGAGG,PBMC-06-1,PSO15,PSO,SNG,TRUE
AATTTCCTCAGCGGAA,PBMC-06-1,PSA15,PSA,SNG,TRUE
AATTTCCTCCAGTGTA,PBMC-06-1,PSA02,PSA,SNG,FALSE
AATTTCCTCCGTCCTA,PBMC-06-1,PSX01,PSX,SNG,TRUE
AATTTCCTCGATGGAG,PBMC-06-1,PSA02,PSA,SNG,TRUE
AATTTCCTCGCTGCGA,PBMC-06-1,PSA17,PSA,SNG,TRUE
AATTTCCTCTATCGTT,PBMC-06-1,PSA07,PSA,SNG,TRUE
ACAAAGAAGACAGCTG,PBMC-06-1,PSA07,PSA,SNG,FALSE
ACAAAGACAAACTAAG,PBMC-06-1,PSA04,PSA,SNG,TRUE
ACAAAGACAAAGGCTG,PBMC-06-1,PSA14,PSA,SNG,TRUE
ACAAAGACAAGCACCC,PBMC-06-1,PSA14,PSA,SNG,TRUE
ACAAAGACAGCATACT,PBMC-06-1,PSA07,PSA,SNG,TRUE
ACAAAGACAGTTAAAG,PBMC-06-1,PSA04,PSA,SNG,TRUE
ACAAAGACATACCACA,PBMC-06-1,PSA07,PSA,SNG,TRUE
ACAAAGACATGGCTGC,PBMC-06-1,PSA14,PSA,DBL,FALSE
ACAAAGAGTAGACAGC,PBMC-06-1,PSA14,PSA,DBL,FALSE
ACAAAGAGTAGGCAAC,PBMC-06-1,PSA15,PSA,SNG,TRUE
ACAAAGAGTCTCTCAC,PBMC-06-1,PSA05,PSA,SNG,TRUE
ACAAAGAGTGCCCTTT,PBMC-06-1,PSA17,PSA,SNG,TRUE
ACAAAGATCATACGGT,PBMC-06-1,PSA16,PSA,SNG,FALSE
ACAAAGATCGCCAGAC,PBMC-06-1,PSA03,PSA,SNG,TRUE
ACAAAGATCGGAAACG,PBMC-06-1,PSA02,PSA,SNG,TRUE
ACAAAGATCGTAGAGG,PBMC-06-1,PSA15,PSA,SNG,TRUE
ACAAAGATCGTTCAGA,PBMC-06-1,PSA06,PSA,DBL,FALSE
ACAAAGATCGTTGCCT,PBMC-06-1,PSA15,PSA,SNG,TRUE
ACAAAGATCTAGTGTG,PBMC-06-1,PSA02,PSA,SNG,TRUE
ACAAAGATCTCATAGG,PBMC-06-1,PSO15,PSO,DBL,FALSE
ACAAAGATCTGACGCG,PBMC-06-1,PSA16,PSA,SNG,TRUE
ACAAAGATCTGGTCAA,PBMC-06-1,PSA16,PSA,SNG,TRUE
ACAAAGATCTGTTGGA,PBMC-06-1,PSA05,PSA,SNG,TRUE
ACAACCAAGTAAACAC,PBMC-06-1,PSA15,PSA,SNG,TRUE
ACAACCAAGTATGAGT,PBMC-06-1,PSA03,PSA,SNG,TRUE
ACAACCACATCATGAC,PBMC-06-1,PSA05,PSA,SNG,TRUE
ACAACCAGTCATCACA,PBMC-06-1,PSA07,PSA,SNG,FALSE
ACAACCAGTCTTGGTA,PBMC-06-1,PSO12,PSO,SNG,TRUE
ACAACCAGTGAATAAC,PBMC-06-1,PSA05,PSA,SNG,TRUE
ACAACCAGTGAGTTTC,PBMC-06-1,PSA07,PSA,SNG,TRUE
ACAACCAGTGATTGGG,PBMC-06-1,PSA16,PSA,SNG,TRUE
ACAACCAGTGCCCACA,PBMC-06-1,PSX01,PSX,SNG,TRUE
ACAACCAGTGCGTCGT,PBMC-06-1,PSO14,PSO,SNG,TRUE
ACAACCAGTTCGCGTG,PBMC-06-1,PSA07,PSA,SNG,FALSE
ACAACCATCAGGGATG,PBMC-06-1,PSO12,PSO,SNG,TRUE
ACAACCATCATATGGC,PBMC-06-1,PSA02,PSA,SNG,TRUE
ACAACCATCTCGGTAA,PBMC-06-1,PSA04,PSA,DBL,FALSE
ACAAGCTAGATTCGAA,PBMC-06-1,PSA07,PSA,SNG,FALSE
ACAAGCTAGGCATTTC,PBMC-06-1,PSX04,PSX,SNG,TRUE
ACAAGCTAGTCACAGG,PBMC-06-1,PSA16,PSA,SNG,TRUE
ACAAGCTAGTCTGCAT,PBMC-06-1,PSO13,PSO,SNG,TRUE
ACAAGCTAGTTCCGTA,PBMC-06-1,PSA04,PSA,SNG,TRUE
ACAAGCTCAAAGCTAA,PBMC-06-1,PSO14,PSO,SNG,FALSE
ACAAGCTCACAGCGCT,PBMC-06-1,PSA07,PSA,DBL,FALSE
ACAAGCTCACCGGCTA,PBMC-06-1,PSO15,PSO,SNG,TRUE
ACAAGCTCAGTCGCAC,PBMC-06-1,PSX04,PSX,SNG,TRUE
ACAAGCTGTAACAGGC,PBMC-06-1,PSA12,PSA,SNG,FALSE
ACAAGCTGTCGTATTG,PBMC-06-1,PSA07,PSA,DBL,FALSE
ACAAGCTGTCTGCCTT,PBMC-06-1,PSO15,PSO,SNG,TRUE
ACAAGCTGTGAGGAAA,PBMC-06-1,PSA03,PSA,SNG,TRUE
ACAAGCTGTTATCTTC,PBMC-06-1,PSO14,PSO,DBL,FALSE
ACAAGCTGTTTAGTCG,PBMC-06-1,PSA04,PSA,DBL,FALSE
ACAAGCTTCACCACAA,PBMC-06-1,PSO12,PSO,DBL,FALSE
ACAAGCTTCGAGCTGC,PBMC-06-1,PSO14,PSO,SNG,FALSE
ACAAGCTTCGGACCAC,PBMC-06-1,PSX01,PSX,SNG,FALSE
ACACAGTCAAACACGG,PBMC-06-1,PSA07,PSA,SNG,TRUE
ACACAGTCAAGTCCAT,PBMC-06-1,PSX04,PSX,SNG,TRUE
ACACAGTCAATCGTCA,PBMC-06-1,PSO15,PSO,SNG,TRUE
ACACAGTCAGTTCCAA,PBMC-06-1,PSX01,PSX,SNG,TRUE
ACACAGTCATCGGAGA,PBMC-06-1,PSA12,PSA,SNG,FALSE
ACACAGTGTACTAAGA,PBMC-06-1,PSA06,PSA,SNG,TRUE
ACACAGTGTGCAATGG,PBMC-06-1,PSA07,PSA,SNG,TRUE
ACACAGTGTGTGTCCG,PBMC-06-1,PSO15,PSO,SNG,TRUE
ACACAGTGTGTGTGGA,PBMC-06-1,PSA04,PSA,SNG,TRUE
ACACAGTGTTTAGAGA,PBMC-06-1,PSX04,PSX,SNG,TRUE
ACACCAAAGACGCATG,PBMC-06-1,PSA05,PSA,SNG,FALSE
ACACCAAAGAGTGACC,PBMC-06-1,PSA15,PSA,DBL,FALSE
ACACCAAAGCCTCTGG,PBMC-06-1,PSA03,PSA,DBL,FALSE
ACACCAAAGGGAGAAT,PBMC-06-1,PSX01,PSX,SNG,FALSE
ACACCAAAGGTAGTCG,PBMC-06-1,PSA16,PSA,SNG,TRUE
ACACCAAAGTCCCAAT,PBMC-06-1,PSO16,PSO,DBL,FALSE
ACACCAAAGTTCCTGA,PBMC-06-1,PSX01,PSX,SNG,TRUE
ACACCAACATCACCAA,PBMC-06-1,PSA16,PSA,DBL,FALSE
ACACCAAGTACGAGCA,PBMC-06-1,PSO12,PSO,DBL,FALSE
ACACCAAGTAGGAGTC,PBMC-06-1,PSA17,PSA,SNG,TRUE
ACACCAAGTCGTATGT,PBMC-06-1,PSA16,PSA,SNG,TRUE
ACACCAATCACGGACC,PBMC-06-1,PSA04,PSA,SNG,TRUE
ACACCAATCATTTGGG,PBMC-06-1,PSO15,PSO,SNG,TRUE
ACACCAATCCGAGGCT,PBMC-06-1,PSA13,PSA,SNG,TRUE
ACACCAATCCTACGGG,PBMC-06-1,PSO15,PSO,SNG,TRUE
ACACCAATCTCCGTGT,PBMC-06-1,PSO15,PSO,SNG,TRUE
ACACGCGCAATGGCAG,PBMC-06-1,PSO11,PSO,DBL,FALSE
ACACGCGCACGCGGTT,PBMC-06-1,PSO11,PSO,SNG,TRUE
ACACGCGCACGTACTA,PBMC-06-1,PSA02,PSA,DBL,FALSE
ACACGCGCACTCCGAG,PBMC-06-1,PSO13,PSO,DBL,FALSE
ACACGCGCACTCCGGA,PBMC-06-1,PSA12,PSA,SNG,TRUE
ACACGCGCAGCGTGCT,PBMC-06-1,PSO12,PSO,DBL,FALSE
ACACGCGCATAAGCGG,PBMC-06-1,PSA02,PSA,SNG,TRUE
ACACGCGCATCGATGT,PBMC-06-1,PSO12,PSO,SNG,TRUE
ACACGCGCATGACAGG,PBMC-06-1,PSA02,PSA,SNG,TRUE
ACACGCGCATTAGGAA,PBMC-06-1,PSA16,PSA,SNG,TRUE
ACACGCGGTACCAATC,PBMC-06-1,PSO15,PSO,SNG,TRUE
ACACGCGGTATCTTCT,PBMC-06-1,PSX01,PSX,SNG,TRUE
ACACGCGGTGGAGAAA,PBMC-06-1,PSO15,PSO,SNG,TRUE
ACACGCGGTTTGTTGG,PBMC-06-1,PSO12,PSO,SNG,TRUE
ACACTGACAATTCGTG,PBMC-06-1,PSX01,PSX,SNG,FALSE
ACACTGACACTCACTC,PBMC-06-1,PSO15,PSO,SNG,TRUE
ACACTGACAGCACCCA,PBMC-06-1,PSO15,PSO,SNG,TRUE
ACACTGACAGCGAACA,PBMC-06-1,PSA13,PSA,SNG,TRUE
ACACTGAGTACAACGG,PBMC-06-1,PSA12,PSA,SNG,TRUE
ACACTGAGTACTGGGA,PBMC-06-1,PSA03,PSA,SNG,TRUE
ACACTGAGTAGTGCGA,PBMC-06-1,PSA14,PSA,SNG,TRUE
ACACTGAGTATTTCTC,PBMC-06-1,PSA17,PSA,SNG,TRUE
ACACTGAGTCAAACGG,PBMC-06-1,PSA06,PSA,DBL,FALSE
ACACTGAGTCAGCGTC,PBMC-06-1,PSO14,PSO,SNG,FALSE
ACACTGAGTCCGTACG,PBMC-06-1,PSA06,PSA,SNG,TRUE
ACACTGAGTGCGGTAA,PBMC-06-1,PSO15,PSO,SNG,TRUE
ACACTGAGTGGTAATA,PBMC-06-1,PSO15,PSO,SNG,FALSE
ACACTGAGTTGGGATG,PBMC-06-1,PSA02,PSA,SNG,TRUE
ACAGAAAAGATCCAAA,PBMC-06-1,PSA15,PSA,SNG,TRUE
ACAGAAAAGGTTCACT,PBMC-06-1,PSO14,PSO,DBL,FALSE
ACAGAAAAGTTCTACG,PBMC-06-1,PSA06,PSA,SNG,TRUE
ACAGAAACAGGACTAG,PBMC-06-1,PSA17,PSA,SNG,TRUE
ACAGAAACAGGCGTTC,PBMC-06-1,PSX01,PSX,SNG,TRUE
ACAGAAACATCGCCTT,PBMC-06-1,PSA14,PSA,SNG,FALSE
ACAGAAACATCGGCCA,PBMC-06-1,PSX04,PSX,SNG,TRUE
ACAGAAAGTAGGCTGA,PBMC-06-1,PSA15,PSA,SNG,FALSE
ACAGAAAGTCATATGC,PBMC-06-1,PSX01,PSX,SNG,TRUE
ACAGAAAGTCGTGATT,PBMC-06-1,PSO14,PSO,AMB,FALSE
ACAGAAAGTGATCATC,PBMC-06-1,PSO15,PSO,AMB,FALSE
ACAGAAATCGAGAAGC,PBMC-06-1,PSA14,PSA,SNG,TRUE
ACAGAAATCGATACTG,PBMC-06-1,PSA04,PSA,SNG,TRUE
ACAGAAATCGGTATGT,PBMC-06-1,PSA14,PSA,DBL,FALSE
ACAGAAATCTGGCCGA,PBMC-06-1,PSA12,PSA,SNG,TRUE
ACAGCCGAGACTCAAA,PBMC-06-1,PSA07,PSA,SNG,TRUE
ACAGCCGAGACTTGTC,PBMC-06-1,PSA17,PSA,DBL,FALSE
ACAGCCGAGCAGCAGT,PBMC-06-1,PSO13,PSO,SNG,TRUE
ACAGCCGAGGAATTAC,PBMC-06-1,PSX04,PSX,SNG,TRUE
ACAGCCGAGTAAGCAT,PBMC-06-1,PSX01,PSX,SNG,TRUE
ACAGCCGCAATAACCC,PBMC-06-1,PSA03,PSA,SNG,TRUE
ACAGCCGCACAGAAGC,PBMC-06-1,PSA14,PSA,SNG,TRUE
ACAGCCGCATCCGATA,PBMC-06-1,PSA07,PSA,SNG,FALSE
ACAGCCGCATGTGCTA,PBMC-06-1,PSX01,PSX,DBL,FALSE
ACAGCCGCATTCATCT,PBMC-06-1,PSA05,PSA,SNG,FALSE
ACAGCCGGTACATACC,PBMC-06-1,PSO15,PSO,SNG,FALSE
ACAGCCGGTACGAGTG,PBMC-06-1,PSA04,PSA,SNG,TRUE
ACAGCCGGTTACACTG,PBMC-06-1,PSA02,PSA,DBL,FALSE
ACAGCCGTCATAGACC,PBMC-06-1,PSA16,PSA,SNG,FALSE
ACAGCCGTCATGGTAC,PBMC-06-1,PSO12,PSO,SNG,TRUE
ACAGCCGTCCGTATGA,PBMC-06-1,PSX01,PSX,SNG,TRUE
ACAGCCGTCCTCTGCA,PBMC-06-1,PSO12,PSO,DBL,FALSE
ACAGCCGTCGAAACAA,PBMC-06-1,PSO13,PSO,SNG,TRUE
ACAGCCGTCTCATGCC,PBMC-06-1,PSA14,PSA,SNG,TRUE
ACAGCCGTCTGACGCG,PBMC-06-1,PSA07,PSA,DBL,FALSE
ACAGGGAAGAGAGCAA,PBMC-06-1,PSA02,PSA,SNG,TRUE
ACAGGGAAGCCAGAGT,PBMC-06-1,PSO14,PSO,SNG,TRUE
ACAGGGACAAATGAGT,PBMC-06-1,PSA13,PSA,SNG,TRUE
ACAGGGACACACGGAA,PBMC-06-1,PSO14,PSO,SNG,FALSE
ACAGGGACAGACGCTC,PBMC-06-1,PSA14,PSA,SNG,FALSE
ACAGGGACAGTCAGTT,PBMC-06-1,PSA12,PSA,SNG,TRUE
ACAGGGAGTTAGGACG,PBMC-06-1,PSO11,PSO,SNG,TRUE
ACAGGGATCATTCTTG,PBMC-06-1,PSA14,PSA,SNG,TRUE
ACAGGGATCCCACAGG,PBMC-06-1,PSO12,PSO,AMB,FALSE
ACAGGGATCCCATAGA,PBMC-06-1,PSA06,PSA,SNG,TRUE
ACAGGGATCCCGTTCA,PBMC-06-1,PSA12,PSA,SNG,TRUE
ACAGGGATCCTAAGTG,PBMC-06-1,PSA07,PSA,SNG,FALSE
ACAGGGATCCTCACGT,PBMC-06-1,PSA02,PSA,SNG,TRUE
ACAGGGATCGCTGACG,PBMC-06-1,PSO12,PSO,DBL,FALSE
ACAGGGATCTCCGAGG,PBMC-06-1,PSA02,PSA,SNG,TRUE
ACAGGGATCTCGTCGT,PBMC-06-1,PSA14,PSA,SNG,TRUE
ACATCCCAGATAACGT,PBMC-06-1,PSO12,PSO,SNG,TRUE
ACATCCCAGCAACAGC,PBMC-06-1,PSX01,PSX,SNG,FALSE
ACATCCCAGCTACGTT,PBMC-06-1,PSA12,PSA,SNG,TRUE
ACATCCCAGCTAGAAT,PBMC-06-1,PSA04,PSA,SNG,TRUE
ACATCCCAGGATTCAA,PBMC-06-1,PSA12,PSA,SNG,TRUE
ACATCCCAGTTGCGCC,PBMC-06-1,PSA16,PSA,SNG,FALSE
ACATCCCCATCGGCCA,PBMC-06-1,PSA17,PSA,SNG,TRUE
ACATCCCGTACGTAGG,PBMC-06-1,PSA03,PSA,SNG,TRUE
ACATCCCGTACTTCCC,PBMC-06-1,PSA07,PSA,SNG,FALSE
ACATCCCGTAGCGTTT,PBMC-06-1,PSA07,PSA,SNG,TRUE
ACATCCCGTAGGAAAG,PBMC-06-1,PSX01,PSX,SNG,TRUE
ACATCCCGTCCATCTC,PBMC-06-1,PSA15,PSA,SNG,FALSE
ACATCCCGTTAATGAG,PBMC-06-1,PSX01,PSX,SNG,TRUE
ACATCCCTCAGCGCAC,PBMC-06-1,PSA14,PSA,SNG,TRUE
ACATCCCTCATCACTT,PBMC-06-1,PSA16,PSA,SNG,TRUE
ACATCCCTCCCTCATG,PBMC-06-1,PSA02,PSA,SNG,TRUE
ACATCCCTCCTCTTTC,PBMC-06-1,PSO11,PSO,AMB,FALSE
ACATCCCTCGAAACAA,PBMC-06-1,PSO15,PSO,SNG,TRUE
ACATCCCTCGACCACG,PBMC-06-1,PSA06,PSA,SNG,TRUE
ACATCCCTCGCTAGCG,PBMC-06-1,PSA02,PSA,DBL,FALSE
ACATCGAAGAAGCGGG,PBMC-06-1,PSA17,PSA,SNG,TRUE
ACATCGAAGACGAGCT,PBMC-06-1,PSA06,PSA,SNG,TRUE
ACATCGAAGGACATCG,PBMC-06-1,PSO11,PSO,DBL,FALSE
ACATCGAAGTAGCTCT,PBMC-06-1,PSA17,PSA,DBL,FALSE
ACATCGAAGTCATTGC,PBMC-06-1,PSA16,PSA,AMB,FALSE
ACATCGACAATTTCTC,PBMC-06-1,PSA13,PSA,AMB,FALSE
ACATCGACACACCAGC,PBMC-06-1,PSX01,PSX,SNG,TRUE
ACATCGACAGCTGTTA,PBMC-06-1,PSA07,PSA,SNG,TRUE
ACATCGACAGGAAGTC,PBMC-06-1,PSA15,PSA,SNG,FALSE
ACATCGACAGTCAGAG,PBMC-06-1,PSA06,PSA,SNG,TRUE
ACATCGACATCAACCA,PBMC-06-1,PSA15,PSA,SNG,TRUE
ACATCGAGTAGATCCT,PBMC-06-1,PSA05,PSA,SNG,TRUE
ACATCGAGTCAGTCTA,PBMC-06-1,PSA05,PSA,SNG,TRUE
ACATCGAGTCCCTGTT,PBMC-06-1,PSA06,PSA,SNG,TRUE
ACATCGAGTGCATTTG,PBMC-06-1,PSX01,PSX,SNG,FALSE
ACATCGAGTGGCGCTT,PBMC-06-1,PSA15,PSA,SNG,TRUE
ACATCGAGTGGCTCTG,PBMC-06-1,PSA15,PSA,SNG,FALSE
ACATCGATCAAATAGG,PBMC-06-1,PSO11,PSO,SNG,TRUE
ACATCGATCCAAAGGG,PBMC-06-1,PSA06,PSA,SNG,TRUE
ACATCGATCCACGTAA,PBMC-06-1,PSO12,PSO,SNG,TRUE
ACATCGATCCACGTGG,PBMC-06-1,PSO15,PSO,DBL,FALSE
ACATCGATCCTGGGTG,PBMC-06-1,PSO14,PSO,AMB,FALSE
ACATCGATCGACGACC,PBMC-06-1,PSA02,PSA,SNG,FALSE
ACATCGATCGCCTCTA,PBMC-06-1,PSA07,PSA,SNG,TRUE
ACATGCAAGCAAGCCA,PBMC-06-1,PSA15,PSA,SNG,TRUE
ACATGCAAGCTCCGAC,PBMC-06-1,PSO14,PSO,SNG,FALSE
ACATGCAAGGACACTG,PBMC-06-1,PSA14,PSA,SNG,TRUE
ACATGCAAGGCGCTTC,PBMC-06-1,PSA12,PSA,SNG,TRUE
ACATGCAAGTCCCGAC,PBMC-06-1,PSA02,PSA,SNG,TRUE
ACATGCAAGTGCTCGC,PBMC-06-1,PSO15,PSO,SNG,FALSE
ACATGCACAAACCACT,PBMC-06-1,PSX04,PSX,SNG,TRUE
ACATGCACAAATTGCC,PBMC-06-1,PSA05,PSA,SNG,TRUE
ACATGCACACACTTAG,PBMC-06-1,PSO15,PSO,SNG,TRUE
ACATGCACACTAGGCC,PBMC-06-1,PSX04,PSX,DBL,FALSE
ACATGCACAGGCCCTA,PBMC-06-1,PSX01,PSX,SNG,TRUE
ACATGCACAGTCAGAG,PBMC-06-1,PSO15,PSO,SNG,TRUE
ACATGCACATAACCCA,PBMC-06-1,PSA03,PSA,SNG,TRUE
ACATGCACATACATCG,PBMC-06-1,PSA17,PSA,DBL,FALSE
ACATGCACATACCACA,PBMC-06-1,PSA15,PSA,SNG,TRUE
ACATGCACATCCAATG,PBMC-06-1,PSO15,PSO,SNG,TRUE
ACATGCACATTGCCTC,PBMC-06-1,PSO15,PSO,SNG,TRUE
ACATGCAGTATGCGTT,PBMC-06-1,PSX04,PSX,SNG,TRUE
ACATGCAGTCACCTTC,PBMC-06-1,PSX04,PSX,SNG,TRUE
ACATGCAGTCTTCGAA,PBMC-06-1,PSX04,PSX,DBL,FALSE
ACATGCAGTGGCATCC,PBMC-06-1,PSX04,PSX,SNG,TRUE
ACATGCAGTTGGACTT,PBMC-06-1,PSA07,PSA,SNG,TRUE
ACATGCATCCTACCGT,PBMC-06-1,PSX01,PSX,SNG,TRUE
ACATGCATCGATGGAG,PBMC-06-1,PSO11,PSO,SNG,TRUE
ACATGCATCGCCGTGA,PBMC-06-1,PSO15,PSO,DBL,FALSE
ACATGCATCTCCATAT,PBMC-06-1,PSO15,PSO,SNG,TRUE
ACATTTCCAAGCTGTT,PBMC-06-1,PSA16,PSA,SNG,TRUE
ACATTTCCACAAGCAG,PBMC-06-1,PSA05,PSA,SNG,TRUE
ACATTTCCACGTAGAG,PBMC-06-1,PSA04,PSA,SNG,TRUE
ACATTTCCAGCTCGGT,PBMC-06-1,PSA15,PSA,SNG,TRUE
ACATTTCCAGCTTCCT,PBMC-06-1,PSA07,PSA,DBL,FALSE
ACATTTCGTACTAAGA,PBMC-06-1,PSA15,PSA,SNG,FALSE
ACATTTCGTCACTAGT,PBMC-06-1,PSA03,PSA,SNG,TRUE
ACATTTCGTCCCTAAA,PBMC-06-1,PSA14,PSA,SNG,TRUE
ACATTTCGTCCGGATC,PBMC-06-1,PSX01,PSX,SNG,TRUE
ACATTTCGTCTAGGCC,PBMC-06-1,PSA02,PSA,SNG,TRUE
ACATTTCGTTCTCCTG,PBMC-06-1,PSA16,PSA,SNG,TRUE
ACATTTCGTTGACTGT,PBMC-06-1,PSA15,PSA,SNG,TRUE
ACATTTCGTTGGCTAT,PBMC-06-1,PSA04,PSA,SNG,TRUE
ACCAAACAGAATCTAG,PBMC-06-1,PSA04,PSA,SNG,TRUE
ACCAAACAGAGGGCGA,PBMC-06-1,PSA17,PSA,DBL,FALSE
ACCAAACAGCCGTTGC,PBMC-06-1,PSA04,PSA,SNG,TRUE
ACCAAACAGTACCCTA,PBMC-06-1,PSA07,PSA,SNG,FALSE
ACCAAACCACAACGAG,PBMC-06-1,PSO11,PSO,SNG,TRUE
ACCAAACCACGCTATA,PBMC-06-1,PSA07,PSA,SNG,TRUE
ACCAAACCAGACGATG,PBMC-06-1,PSX01,PSX,SNG,TRUE
ACCAAACCATTACTCT,PBMC-06-1,PSX04,PSX,DBL,FALSE
ACCAAACGTACCTTCC,PBMC-06-1,PSA07,PSA,SNG,FALSE
ACCAAACGTACTGAGG,PBMC-06-1,PSA14,PSA,SNG,FALSE
ACCAAACGTAGTCTGT,PBMC-06-1,PSA07,PSA,SNG,FALSE
ACCAAACGTATGAGAT,PBMC-06-1,PSA02,PSA,SNG,TRUE
ACCAAACGTCAAGCCC,PBMC-06-1,PSX01,PSX,SNG,TRUE
ACCAAACGTCCTACAA,PBMC-06-1,PSA07,PSA,SNG,FALSE
ACCAAACGTGTGGTCC,PBMC-06-1,PSA02,PSA,SNG,TRUE
ACCAAACGTTTATGCG,PBMC-06-1,PSA04,PSA,SNG,TRUE
ACCAAACTCACTTGTT,PBMC-06-1,PSA13,PSA,SNG,TRUE
ACCAAACTCTCATTGT,PBMC-06-1,PSA02,PSA,SNG,TRUE
ACCAACAAGACGACTG,PBMC-06-1,PSO16,PSO,SNG,TRUE
ACCAACAAGGCTCAAG,PBMC-06-1,PSA06,PSA,SNG,TRUE
ACCAACAAGGGCTTCC,PBMC-06-1,PSA12,PSA,SNG,FALSE
ACCAACACAACATCGT,PBMC-06-1,PSO13,PSO,SNG,TRUE
ACCAACACAGACAAAT,PBMC-06-1,PSA16,PSA,SNG,FALSE
ACCAACACATCACGGC,PBMC-06-1,PSO15,PSO,SNG,FALSE
ACCAACACATGACCCG,PBMC-06-1,PSA03,PSA,AMB,FALSE
ACCAACACATGCTGCG,PBMC-06-1,PSO12,PSO,SNG,TRUE
ACCAACACATGGCACC,PBMC-06-1,PSO13,PSO,SNG,TRUE
ACCAACAGTACAGGTG,PBMC-06-1,PSA07,PSA,SNG,TRUE
ACCAACAGTGGGACAT,PBMC-06-1,PSA13,PSA,DBL,FALSE
ACCAACAGTGTAAACA,PBMC-06-1,PSX01,PSX,SNG,TRUE
ACCAACATCACTGGTA,PBMC-06-1,PSO12,PSO,SNG,FALSE
ACCAACATCCAAACCA,PBMC-06-1,PSA16,PSA,SNG,TRUE
ACCAACATCGAGCCAC,PBMC-06-1,PSO15,PSO,SNG,TRUE
ACCAACATCGCTATTT,PBMC-06-1,PSA07,PSA,SNG,FALSE
ACCAACATCGTCAACA,PBMC-06-1,PSA03,PSA,SNG,FALSE
ACCAACATCTTTACAC,PBMC-06-1,PSX01,PSX,SNG,TRUE
ACCACAAAGAGCCTGA,PBMC-06-1,PSA17,PSA,SNG,TRUE
ACCACAAAGATGTTAG,PBMC-06-1,PSX04,PSX,SNG,TRUE
ACCACAAAGGACGCTA,PBMC-06-1,PSO12,PSO,DBL,FALSE
ACCACAAAGGTCGACA,PBMC-06-1,PSX04,PSX,SNG,TRUE
ACCACAACAATGAAAC,PBMC-06-1,PSA14,PSA,SNG,FALSE
ACCACAACACGTAGAG,PBMC-06-1,PSA04,PSA,SNG,TRUE
ACCACAACAGCGTATT,PBMC-06-1,PSA02,PSA,SNG,FALSE
ACCACAACAGTTGTCA,PBMC-06-1,PSO15,PSO,SNG,TRUE
ACCACAAGTAATTGGA,PBMC-06-1,PSO11,PSO,SNG,TRUE
ACCACAAGTCCGGACT,PBMC-06-1,PSX01,PSX,DBL,FALSE
ACCACAAGTCGGATTT,PBMC-06-1,PSA06,PSA,SNG,TRUE
ACCACAAGTCGGCACT,PBMC-06-1,PSA14,PSA,SNG,FALSE
ACCACAAGTCTTCTAT,PBMC-06-1,PSA04,PSA,SNG,TRUE
ACCACAAGTTCTCCTG,PBMC-06-1,PSA03,PSA,DBL,FALSE
ACCACAATCACCGACG,PBMC-06-1,PSA05,PSA,SNG,TRUE
ACCACAATCAGCTTCC,PBMC-06-1,PSA06,PSA,SNG,TRUE
ACCACAATCGCAGTTA,PBMC-06-1,PSA07,PSA,SNG,TRUE
ACCACAATCTTCTGTA,PBMC-06-1,PSA16,PSA,SNG,TRUE
ACCATTTCACATATGC,PBMC-06-1,PSA06,PSA,SNG,TRUE
ACCATTTGTCGGTAAG,PBMC-06-1,PSO15,PSO,SNG,TRUE
ACCATTTGTGAATTGA,PBMC-06-1,PSA12,PSA,SNG,TRUE
ACCATTTGTGCTAGCC,PBMC-06-1,PSA02,PSA,SNG,TRUE
ACCATTTGTTCCGCTT,PBMC-06-1,PSX04,PSX,SNG,TRUE
ACCCAAAAGCTGAGTG,PBMC-06-1,PSA02,PSA,SNG,TRUE
ACCCAAAAGGCCATAG,PBMC-06-1,PSA13,PSA,SNG,TRUE
ACCCAAAAGGGAGGCA,PBMC-06-1,PSA17,PSA,DBL,FALSE
ACCCAAACACAATGTC,PBMC-06-1,PSA07,PSA,DBL,FALSE
ACCCAAACACAGAGCA,PBMC-06-1,PSA07,PSA,DBL,FALSE
ACCCAAACAGCCTTCT,PBMC-06-1,PSX04,PSX,SNG,TRUE
ACCCAAACAGCGTGAA,PBMC-06-1,PSO15,PSO,SNG,FALSE
ACCCAAACATGGAATA,PBMC-06-1,PSA12,PSA,SNG,FALSE
ACCCAAAGTACAAGTA,PBMC-06-1,PSA16,PSA,SNG,TRUE
ACCCAAAGTCGAACGA,PBMC-06-1,PSA16,PSA,SNG,TRUE
ACCCAAAGTGAACCGA,PBMC-06-1,PSX01,PSX,SNG,TRUE
ACCCAAAGTGCCTGAC,PBMC-06-1,PSA04,PSA,SNG,TRUE
ACCCAAATCCCGTGTT,PBMC-06-1,PSO11,PSO,SNG,FALSE
ACCCAAATCCGGCAGT,PBMC-06-1,PSA06,PSA,AMB,FALSE
ACCCAAATCCTTACCG,PBMC-06-1,PSO12,PSO,SNG,FALSE
ACCCAAATCGACGACC,PBMC-06-1,PSX01,PSX,DBL,FALSE
ACCCAAATCGCAATTG,PBMC-06-1,PSA13,PSA,SNG,TRUE
ACCCAAATCGGCTGGT,PBMC-06-1,PSA06,PSA,DBL,FALSE
ACCCAAATCTATACTC,PBMC-06-1,PSA06,PSA,SNG,TRUE
ACCCAAATCTCGACGG,PBMC-06-1,PSA07,PSA,SNG,TRUE
ACCCTCAAGCACTCTA,PBMC-06-1,PSA13,PSA,SNG,TRUE
ACCCTCAAGCGACTGA,PBMC-06-1,PSO14,PSO,SNG,TRUE
ACCCTCAAGCTTACGT,PBMC-06-1,PSX01,PSX,SNG,TRUE
ACCCTCAAGTCGAAGC,PBMC-06-1,PSA12,PSA,SNG,TRUE
ACCCTCAAGTTCCAGT,PBMC-06-1,PSA15,PSA,SNG,FALSE
ACCCTCACAAGAGGCT,PBMC-06-1,PSO15,PSO,DBL,FALSE
ACCCTCACACGCACCA,PBMC-06-1,PSA02,PSA,SNG,TRUE
ACCCTCACAGGCTACC,PBMC-06-1,PSA14,PSA,SNG,TRUE
ACCCTCACATGCCATA,PBMC-06-1,PSO15,PSO,DBL,FALSE
ACCCTCACATGGCTGC,PBMC-06-1,PSX01,PSX,SNG,TRUE
ACCCTCAGTATCCCAA,PBMC-06-1,PSA07,PSA,SNG,FALSE
ACCCTCAGTATGAGAT,PBMC-06-1,PSA06,PSA,SNG,FALSE
ACCCTCAGTGACTGAG,PBMC-06-1,PSA15,PSA,AMB,FALSE
ACCCTCAGTGGCTCTG,PBMC-06-1,PSA02,PSA,SNG,TRUE
ACCCTCAGTTCATCTT,PBMC-06-1,PSA15,PSA,SNG,TRUE
ACCCTCATCAAGTCGT,PBMC-06-1,PSO13,PSO,SNG,TRUE
ACCCTCATCACCGCTT,PBMC-06-1,PSA16,PSA,SNG,TRUE
ACCCTCATCCAACCGG,PBMC-06-1,PSA05,PSA,SNG,TRUE
ACCCTCATCCCGAATA,PBMC-06-1,PSA17,PSA,DBL,FALSE
ACCCTCATCGCGATCG,PBMC-06-1,PSA03,PSA,SNG,TRUE
ACCCTCATCGGATAAA,PBMC-06-1,PSA04,PSA,SNG,FALSE
ACCCTCATCGTCTAAG,PBMC-06-1,PSA02,PSA,SNG,FALSE
ACCCTCATCGTTGCCT,PBMC-06-1,PSA12,PSA,DBL,FALSE
ACCCTCATCTAACGCA,PBMC-06-1,PSA06,PSA,SNG,TRUE
ACCCTTGAGAGGGTAA,PBMC-06-1,PSO12,PSO,DBL,FALSE
ACCCTTGAGCTACTAC,PBMC-06-1,PSX01,PSX,AMB,FALSE
ACCCTTGAGTTCTACG,PBMC-06-1,PSO15,PSO,SNG,FALSE
ACCCTTGCAACAGTGG,PBMC-06-1,PSO11,PSO,SNG,TRUE
ACCCTTGCAACTTGGT,PBMC-06-1,PSA05,PSA,SNG,TRUE
ACCCTTGCACAAGCAG,PBMC-06-1,PSO11,PSO,AMB,FALSE
ACCCTTGCACGCTATA,PBMC-06-1,PSA12,PSA,SNG,TRUE
ACCCTTGCAGCGCGTT,PBMC-06-1,PSA05,PSA,SNG,TRUE
ACCCTTGCATCGATCA,PBMC-06-1,PSA03,PSA,SNG,TRUE
ACCCTTGCATGGTACT,PBMC-06-1,PSA02,PSA,SNG,TRUE
ACCCTTGGTAATGCGG,PBMC-06-1,PSA15,PSA,SNG,TRUE
ACCCTTGGTAGGACTG,PBMC-06-1,PSA04,PSA,SNG,TRUE
ACCCTTGGTCTAATCG,PBMC-06-1,PSO11,PSO,SNG,TRUE
ACCCTTGGTTGGCCGT,PBMC-06-1,PSA04,PSA,SNG,TRUE
ACCCTTGGTTGGTGTT,PBMC-06-1,PSA17,PSA,SNG,TRUE
ACCCTTGTCAACCCGG,PBMC-06-1,PSA14,PSA,AMB,FALSE
ACCCTTGTCAGAACCT,PBMC-06-1,PSA03,PSA,AMB,FALSE
ACCCTTGTCAGAGTGG,PBMC-06-1,PSA05,PSA,SNG,TRUE
ACCCTTGTCCACAGCG,PBMC-06-1,PSA03,PSA,SNG,TRUE
ACCCTTGTCCATGCAA,PBMC-06-1,PSA06,PSA,SNG,TRUE
ACCGTTCAGCATGCGA,PBMC-06-1,PSO15,PSO,DBL,FALSE
ACCGTTCAGCGCCGTT,PBMC-06-1,PSA05,PSA,SNG,TRUE
ACCGTTCAGGCTAAAT,PBMC-06-1,PSA17,PSA,SNG,FALSE
ACCGTTCAGGTAGCAC,PBMC-06-1,PSA02,PSA,SNG,TRUE
ACCGTTCAGTAGAATC,PBMC-06-1,PSA17,PSA,SNG,TRUE
ACCGTTCCAAATAAGC,PBMC-06-1,PSA15,PSA,SNG,TRUE
ACCGTTCCAACGTATC,PBMC-06-1,PSA04,PSA,SNG,TRUE
ACCGTTCCAAGGGTCA,PBMC-06-1,PSA14,PSA,SNG,TRUE
ACCGTTCCAAGTCCAT,PBMC-06-1,PSA12,PSA,DBL,FALSE
ACCGTTCCAGAGGGTT,PBMC-06-1,PSO15,PSO,SNG,TRUE
ACCGTTCCAGTCCGTG,PBMC-06-1,PSA12,PSA,SNG,FALSE
ACCGTTCCATCACCAA,PBMC-06-1,PSX01,PSX,DBL,FALSE
ACCGTTCCATCAGTCA,PBMC-06-1,PSA05,PSA,AMB,FALSE
ACCGTTCGTAACATAG,PBMC-06-1,PSA12,PSA,SNG,TRUE
ACCGTTCGTGAATAAC,PBMC-06-1,PSA15,PSA,SNG,TRUE
ACCGTTCTCAATCAGC,PBMC-06-1,PSA02,PSA,SNG,TRUE
ACCGTTCTCAGCCCAG,PBMC-06-1,PSA03,PSA,SNG,TRUE
ACCGTTCTCAGGACAG,PBMC-06-1,PSO13,PSO,SNG,TRUE
ACCGTTCTCATCGGGC,PBMC-06-1,PSA04,PSA,DBL,FALSE
ACCGTTCTCCTACTGC,PBMC-06-1,PSO15,PSO,SNG,TRUE
ACCGTTCTCGCAACAT,PBMC-06-1,PSO15,PSO,DBL,FALSE
ACCGTTCTCGCAATGT,PBMC-06-1,PSO16,PSO,AMB,FALSE
ACCGTTCTCGTTCATT,PBMC-06-1,PSA13,PSA,DBL,FALSE
ACCGTTCTCTAGGAAA,PBMC-06-1,PSA12,PSA,DBL,FALSE
ACCTACCAGAAGTCAT,PBMC-06-1,PSA05,PSA,SNG,TRUE
ACCTACCAGAGAGTTT,PBMC-06-1,PSO12,PSO,SNG,TRUE
ACCTACCAGGTAAGAG,PBMC-06-1,PSA02,PSA,SNG,TRUE
ACCTACCAGTAGACAT,PBMC-06-1,PSA16,PSA,SNG,TRUE
ACCTACCCAACATACC,PBMC-06-1,PSX01,PSX,SNG,TRUE
ACCTACCCAACCCGCA,PBMC-06-1,PSA14,PSA,AMB,FALSE
ACCTACCCACAACATC,PBMC-06-1,PSA03,PSA,AMB,FALSE
ACCTACCCACCATATG,PBMC-06-1,PSA04,PSA,SNG,FALSE
ACCTACCCACCATTCC,PBMC-06-1,PSA05,PSA,DBL,FALSE
ACCTACCCACTGTGAT,PBMC-06-1,PSA17,PSA,SNG,TRUE
ACCTACCCAGTATTCG,PBMC-06-1,PSA06,PSA,SNG,TRUE
ACCTACCCATCTGCGG,PBMC-06-1,PSX04,PSX,AMB,FALSE
ACCTACCGTACCCGCA,PBMC-06-1,PSA07,PSA,SNG,TRUE
ACCTACCGTGACTCGC,PBMC-06-1,PSA17,PSA,SNG,TRUE
ACCTACCGTTGTCCCT,PBMC-06-1,PSA17,PSA,SNG,FALSE
ACCTACCTCACGGACC,PBMC-06-1,PSA12,PSA,SNG,TRUE
ACCTACCTCAGTGATC,PBMC-06-1,PSA02,PSA,SNG,TRUE
ACCTACCTCCCTATTA,PBMC-06-1,PSA14,PSA,SNG,TRUE
ACCTGAAAGATGTTGA,PBMC-06-1,PSA12,PSA,SNG,FALSE
ACCTGAAAGCCGGAAT,PBMC-06-1,PSX01,PSX,SNG,TRUE
ACCTGAAAGCGGTATG,PBMC-06-1,PSA12,PSA,SNG,TRUE
ACCTGAAAGGACAAGA,PBMC-06-1,PSA03,PSA,SNG,TRUE
ACCTGAAAGTGGTCAG,PBMC-06-1,PSO15,PSO,SNG,TRUE
ACCTGAACACCCGTAG,PBMC-06-1,PSA12,PSA,SNG,TRUE
ACCTGAACAGAGACTG,PBMC-06-1,PSA12,PSA,SNG,TRUE
ACCTGAACATCGTTCC,PBMC-06-1,PSO12,PSO,SNG,TRUE
ACCTGAACATGTAACC,PBMC-06-1,PSX01,PSX,SNG,FALSE
ACCTGAAGTAGAATGT,PBMC-06-1,PSA17,PSA,SNG,TRUE
ACCTGAAGTAGTTAGA,PBMC-06-1,PSO12,PSO,SNG,TRUE
ACCTGAAGTCGTGTTA,PBMC-06-1,PSA14,PSA,SNG,TRUE
ACCTGAAGTGGGAGAG,PBMC-06-1,PSA02,PSA,DBL,FALSE
ACCTGAAGTGTTCGAT,PBMC-06-1,PSA17,PSA,SNG,TRUE
ACCTGAAGTTGCCTAA,PBMC-06-1,PSO13,PSO,SNG,TRUE
ACCTGAATCAGGTAAA,PBMC-06-1,PSA05,PSA,SNG,TRUE
ACCTGAATCATAGAGA,PBMC-06-1,PSO12,PSO,SNG,TRUE
ACCTGAATCATGCAGT,PBMC-06-1,PSA15,PSA,DBL,FALSE
ACCTGAATCCACGAAT,PBMC-06-1,PSX04,PSX,SNG,TRUE
ACCTGAATCGCCTCTA,PBMC-06-1,PSA14,PSA,SNG,FALSE
ACCTGAATCGCCTTTG,PBMC-06-1,PSO12,PSO,SNG,TRUE
ACCTGAATCTATTGTC,PBMC-06-1,PSA07,PSA,DBL,FALSE
ACCTGAATCTGAACGT,PBMC-06-1,PSX01,PSX,DBL,FALSE
ACCTGAATCTGCCCTA,PBMC-06-1,PSX01,PSX,DBL,FALSE
ACCTGAATCTTTCCGG,PBMC-06-1,PSO12,PSO,SNG,TRUE
ACCTGTCAGACTTAAG,PBMC-06-1,PSA03,PSA,SNG,TRUE
ACCTGTCAGATTCGAA,PBMC-06-1,PSO15,PSO,SNG,TRUE
ACCTGTCAGCCACTCG,PBMC-06-1,PSX04,PSX,SNG,TRUE
ACCTGTCAGCTGACCC,PBMC-06-1,PSX01,PSX,SNG,TRUE
ACCTGTCAGGAGCAAA,PBMC-06-1,PSO12,PSO,SNG,FALSE
ACCTGTCCACGCAAAG,PBMC-06-1,PSA12,PSA,SNG,FALSE
ACCTGTCCACGCGCAT,PBMC-06-1,PSA16,PSA,SNG,TRUE
ACCTGTCCAGAAGCGT,PBMC-06-1,PSA04,PSA,SNG,TRUE
ACCTGTCCAGAGGAAA,PBMC-06-1,PSA17,PSA,SNG,TRUE
ACCTGTCGTAACAAGT,PBMC-06-1,PSA02,PSA,SNG,FALSE
ACCTGTCGTGCCCACA,PBMC-06-1,PSO12,PSO,AMB,FALSE
ACCTGTCGTGCTTCAA,PBMC-06-1,PSO15,PSO,SNG,TRUE
ACCTGTCTCACTCCGT,PBMC-06-1,PSA04,PSA,SNG,TRUE
ACCTGTCTCAGCTGAT,PBMC-06-1,PSA03,PSA,SNG,TRUE
ACCTGTCTCCCTATTA,PBMC-06-1,PSA02,PSA,SNG,TRUE
ACCTGTCTCGACATTG,PBMC-06-1,PSO15,PSO,SNG,FALSE
ACCTGTCTCGCTTACC,PBMC-06-1,PSA05,PSA,DBL,FALSE
ACCTGTCTCGGAATTC,PBMC-06-1,PSO14,PSO,SNG,TRUE
ACCTGTCTCGGACTTA,PBMC-06-1,PSA06,PSA,SNG,TRUE
ACCTGTCTCGTAGCTA,PBMC-06-1,PSO12,PSO,SNG,FALSE
ACCTGTCTCGTCACCT,PBMC-06-1,PSA05,PSA,SNG,TRUE
ACCTGTCTCGTGGCTG,PBMC-06-1,PSA13,PSA,SNG,TRUE
ACCTGTCTCTAGTGTG,PBMC-06-1,PSA03,PSA,SNG,TRUE
ACCTGTCTCTTCTTCC,PBMC-06-1,PSA04,PSA,SNG,TRUE
ACGATCAAGCACCCAC,PBMC-06-1,PSA14,PSA,SNG,TRUE
ACGATCAAGGTCATTC,PBMC-06-1,PSO12,PSO,SNG,TRUE
ACGATCAAGGTCGAGT,PBMC-06-1,PSO12,PSO,SNG,TRUE
ACGATCAAGTCCTGTA,PBMC-06-1,PSA13,PSA,SNG,TRUE
ACGATCACAAACCACT,PBMC-06-1,PSO15,PSO,SNG,TRUE
ACGATCACAACATCGT,PBMC-06-1,PSA17,PSA,SNG,FALSE
ACGATCACATGAATCC,PBMC-06-1,PSA07,PSA,AMB,FALSE
ACGATCAGTCAAATCC,PBMC-06-1,PSA02,PSA,SNG,TRUE
ACGATCAGTCCAGCCA,PBMC-06-1,PSA07,PSA,DBL,FALSE
ACGATCAGTCGAGATG,PBMC-06-1,PSA16,PSA,SNG,TRUE
ACGATCAGTTAGGCCC,PBMC-06-1,PSA04,PSA,SNG,TRUE
ACGATCAGTTCGGCGT,PBMC-06-1,PSA17,PSA,SNG,TRUE
ACGATCATCAAACGTC,PBMC-06-1,PSA17,PSA,SNG,TRUE
ACGATCATCAAGAGGC,PBMC-06-1,PSX04,PSX,SNG,TRUE
ACGATCATCACTGGGC,PBMC-06-1,PSA14,PSA,AMB,FALSE
ACGATCATCGCTCATC,PBMC-06-1,PSO15,PSO,SNG,TRUE
ACGATCATCGGATACT,PBMC-06-1,PSO12,PSO,SNG,TRUE
ACGATCATCTCGTTTA,PBMC-06-1,PSA07,PSA,SNG,TRUE
ACGATGTAGGCCTAGA,PBMC-06-1,PSA02,PSA,SNG,FALSE
ACGATGTCAAAGGCGT,PBMC-06-1,PSA14,PSA,SNG,TRUE
ACGATGTCAGAACATA,PBMC-06-1,PSO15,PSO,SNG,TRUE
ACGATGTCAGCGGTTC,PBMC-06-1,PSA04,PSA,SNG,FALSE
ACGATGTCATCTTAGG,PBMC-06-1,PSX04,PSX,SNG,TRUE
ACGATGTCATTGCAAC,PBMC-06-1,PSO12,PSO,DBL,FALSE
ACGATGTGTAAGCAAT,PBMC-06-1,PSX04,PSX,SNG,TRUE
ACGATGTGTAGAGGAA,PBMC-06-1,PSX04,PSX,SNG,TRUE
ACGATGTGTATGTCCA,PBMC-06-1,PSO11,PSO,SNG,FALSE
ACGATGTGTCGACTGC,PBMC-06-1,PSX01,PSX,SNG,FALSE
ACGATGTGTCGCCTAG,PBMC-06-1,PSO12,PSO,SNG,TRUE
ACGATGTGTTAGGGTG,PBMC-06-1,PSA06,PSA,SNG,TRUE
ACGATGTGTTGTGCAT,PBMC-06-1,PSA12,PSA,AMB,FALSE
ACGATGTTCACCTCAC,PBMC-06-1,PSA17,PSA,SNG,TRUE
ACGATGTTCATTTGGG,PBMC-06-1,PSA17,PSA,SNG,TRUE
ACGATGTTCCTCTTTC,PBMC-06-1,PSA17,PSA,DBL,FALSE
ACGATGTTCGGAGATG,PBMC-06-1,PSA15,PSA,SNG,TRUE
ACGATGTTCGTGCGAC,PBMC-06-1,PSA04,PSA,SNG,TRUE
ACGCACGCAAGGCTTT,PBMC-06-1,PSA02,PSA,DBL,FALSE
ACGCACGCACTACCGG,PBMC-06-1,PSA07,PSA,DBL,FALSE
ACGCACGCATCGATAC,PBMC-06-1,PSA15,PSA,DBL,FALSE
ACGCACGGTACAGTTC,PBMC-06-1,PSX01,PSX,SNG,TRUE
ACGCACGGTCCAAAGG,PBMC-06-1,PSX04,PSX,DBL,FALSE
ACGCACGGTCCGCAGT,PBMC-06-1,PSA03,PSA,SNG,FALSE
ACGCACGGTCGTAATC,PBMC-06-1,PSA15,PSA,SNG,TRUE
ACGCACGGTGTTAAAG,PBMC-06-1,PSA04,PSA,DBL,FALSE
ACGCACGGTTCTTGTT,PBMC-06-1,PSA03,PSA,SNG,TRUE
ACGGAAGAGAAGGGAT,PBMC-06-1,PSA05,PSA,SNG,TRUE
ACGGAAGAGAATTCAG,PBMC-06-1,PSA17,PSA,SNG,TRUE
ACGGAAGAGAGGCTGT,PBMC-06-1,PSO12,PSO,SNG,TRUE
ACGGAAGAGGAAGTAG,PBMC-06-1,PSA04,PSA,AMB,FALSE
ACGGAAGAGTCATGGG,PBMC-06-1,PSA03,PSA,SNG,TRUE
ACGGAAGAGTTATGGA,PBMC-06-1,PSA03,PSA,SNG,TRUE
ACGGAAGCACAGAGCA,PBMC-06-1,PSX04,PSX,SNG,TRUE
ACGGAAGCACCGGAAA,PBMC-06-1,PSA07,PSA,SNG,TRUE
ACGGAAGCACGTATAC,PBMC-06-1,PSO12,PSO,SNG,TRUE
ACGGAAGCACTTGAAC,PBMC-06-1,PSA03,PSA,DBL,FALSE
ACGGAAGCAGGATTCT,PBMC-06-1,PSO13,PSO,DBL,FALSE
ACGGAAGGTACGACAG,PBMC-06-1,PSO15,PSO,DBL,FALSE
ACGGAAGGTCACTCGG,PBMC-06-1,PSO12,PSO,SNG,TRUE
ACGGAAGGTGAGAACC,PBMC-06-1,PSA03,PSA,SNG,TRUE
ACGGAAGTCATTCGGA,PBMC-06-1,PSX04,PSX,SNG,FALSE
ACGGAAGTCGTCCATC,PBMC-06-1,PSO13,PSO,SNG,FALSE
ACGGAAGTCTGTGCGG,PBMC-06-1,PSO13,PSO,SNG,TRUE
ACGGGTCAGACTCTAC,PBMC-06-1,PSO15,PSO,SNG,TRUE
ACGGGTCAGATTGGGC,PBMC-06-1,PSA02,PSA,DBL,FALSE
ACGGGTCAGCCTATTG,PBMC-06-1,PSA17,PSA,SNG,TRUE
ACGGGTCAGGTCGTGA,PBMC-06-1,PSA03,PSA,SNG,TRUE
ACGGGTCAGTCAGAGC,PBMC-06-1,PSA07,PSA,SNG,TRUE
ACGGGTCCAAACTAAG,PBMC-06-1,PSA05,PSA,SNG,TRUE
ACGGGTCCACAATGCT,PBMC-06-1,PSA17,PSA,DBL,FALSE
ACGGGTCCACCGTCTT,PBMC-06-1,PSO11,PSO,SNG,TRUE
ACGGGTCCAGCTGTCG,PBMC-06-1,PSA14,PSA,SNG,TRUE
ACGGGTCGTATGGGAC,PBMC-06-1,PSO14,PSO,DBL,FALSE
ACGGGTCGTCGAGATG,PBMC-06-1,PSA03,PSA,SNG,TRUE
ACGGGTCGTGCGGCTT,PBMC-06-1,PSA15,PSA,SNG,TRUE
ACGGGTCGTGTCCATA,PBMC-06-1,PSX04,PSX,SNG,FALSE
ACGGGTCGTTGGACCC,PBMC-06-1,PSA16,PSA,SNG,TRUE
ACGGGTCGTTTGGAGG,PBMC-06-1,PSA07,PSA,SNG,TRUE
ACGGGTCTCAGTAGGG,PBMC-06-1,PSA07,PSA,SNG,TRUE
ACGGGTCTCCTTACCG,PBMC-06-1,PSA05,PSA,SNG,TRUE
ACGGTCGAGAGCCGTA,PBMC-06-1,PSA06,PSA,SNG,TRUE
ACGGTCGAGCAACCAG,PBMC-06-1,PSA16,PSA,SNG,TRUE
ACGGTCGAGCATAGGC,PBMC-06-1,PSA05,PSA,DBL,FALSE
ACGGTCGAGCGGGTTA,PBMC-06-1,PSA06,PSA,SNG,TRUE
ACGGTCGAGGCCTAAG,PBMC-06-1,PSX01,PSX,SNG,TRUE
ACGGTCGAGGTAATCA,PBMC-06-1,PSA02,PSA,SNG,TRUE
ACGGTCGAGTGATGGC,PBMC-06-1,PSA07,PSA,SNG,TRUE
ACGGTCGAGTTTAGGA,PBMC-06-1,PSA07,PSA,SNG,TRUE
ACGGTCGCAAAGAACT,PBMC-06-1,PSA04,PSA,SNG,TRUE
ACGGTCGCAAAGCTAA,PBMC-06-1,PSA16,PSA,SNG,TRUE
ACGGTCGCAACGATTC,PBMC-06-1,PSO15,PSO,SNG,FALSE
ACGGTCGCACAAGCTT,PBMC-06-1,PSA04,PSA,DBL,FALSE
ACGGTCGCACCACTGG,PBMC-06-1,PSO15,PSO,DBL,FALSE
ACGGTCGCAGAACATA,PBMC-06-1,PSA16,PSA,SNG,FALSE
ACGGTCGCAGTAACAA,PBMC-06-1,PSA13,PSA,SNG,TRUE
ACGGTCGGTCCTCATC,PBMC-06-1,PSA02,PSA,SNG,TRUE
ACGGTCGGTGAGCTCC,PBMC-06-1,PSO15,PSO,SNG,TRUE
ACGGTCGTCACCATGA,PBMC-06-1,PSA07,PSA,SNG,TRUE
ACGGTCGTCAGCGCAC,PBMC-06-1,PSA17,PSA,DBL,FALSE
ACGGTCGTCCGAGGCT,PBMC-06-1,PSA07,PSA,DBL,FALSE
ACGGTCGTCCTCGCAT,PBMC-06-1,PSA04,PSA,SNG,FALSE
ACGGTTAAGACGCTCC,PBMC-06-1,PSA12,PSA,SNG,TRUE
ACGGTTAAGCCGAATG,PBMC-06-1,PSA07,PSA,AMB,FALSE
ACGGTTAAGCGTGCTC,PBMC-06-1,PSA02,PSA,AMB,FALSE
ACGGTTAAGGATACCG,PBMC-06-1,PSO12,PSO,DBL,FALSE
ACGGTTAAGGTGAGCT,PBMC-06-1,PSX01,PSX,SNG,FALSE
ACGGTTACAACAGATA,PBMC-06-1,PSA06,PSA,SNG,FALSE
ACGGTTACAACGTAAA,PBMC-06-1,PSX04,PSX,SNG,TRUE
ACGGTTACAGCCATTA,PBMC-06-1,PSA04,PSA,SNG,TRUE
ACGGTTACATCATCCC,PBMC-06-1,PSA03,PSA,SNG,FALSE
ACGGTTACATGTGACT,PBMC-06-1,PSA14,PSA,SNG,TRUE
ACGGTTACATTGCTGA,PBMC-06-1,PSA02,PSA,SNG,TRUE
ACGGTTAGTACCATAC,PBMC-06-1,PSA12,PSA,SNG,FALSE
ACGGTTAGTAGGCTGA,PBMC-06-1,PSX04,PSX,SNG,TRUE
ACGGTTAGTCGTCTCT,PBMC-06-1,PSA16,PSA,SNG,FALSE
ACGGTTAGTGACTATC,PBMC-06-1,PSA15,PSA,AMB,FALSE
ACGGTTAGTTGGTACT,PBMC-06-1,PSA15,PSA,SNG,TRUE
ACGGTTATCCGGGACT,PBMC-06-1,PSA05,PSA,SNG,TRUE
ACGGTTATCGACATCA,PBMC-06-1,PSA15,PSA,SNG,TRUE
ACGGTTATCGTGTTCC,PBMC-06-1,PSA17,PSA,DBL,FALSE
ACGGTTATCTTACTGT,PBMC-06-1,PSA17,PSA,SNG,TRUE
ACGTAACAGCCAGAGT,PBMC-06-1,PSO14,PSO,SNG,TRUE
ACGTAACAGCGCCTCA,PBMC-06-1,PSA07,PSA,SNG,TRUE
ACGTAACAGCGGCTCT,PBMC-06-1,PSO14,PSO,SNG,TRUE
ACGTAACAGGTTCACT,PBMC-06-1,PSX01,PSX,DBL,FALSE
ACGTAACAGTCCCAGC,PBMC-06-1,PSA05,PSA,DBL,FALSE
ACGTAACCAAACCGGA,PBMC-06-1,PSA03,PSA,SNG,TRUE
ACGTAACCACATGAAA,PBMC-06-1,PSA05,PSA,DBL,FALSE
ACGTAACCACGGCACT,PBMC-06-1,PSO15,PSO,SNG,TRUE
ACGTAACCACGTGTGC,PBMC-06-1,PSA15,PSA,SNG,TRUE
ACGTAACCAGCACGAA,PBMC-06-1,PSA07,PSA,DBL,FALSE
ACGTAACGTAATCAAG,PBMC-06-1,PSA14,PSA,SNG,TRUE
ACGTAACGTACCACGC,PBMC-06-1,PSA14,PSA,SNG,TRUE
ACGTAACGTAGTCTTG,PBMC-06-1,PSA13,PSA,SNG,TRUE
ACGTAACGTGACAGGT,PBMC-06-1,PSA05,PSA,SNG,FALSE
ACGTAACTCAGTCACA,PBMC-06-1,PSA15,PSA,SNG,TRUE
ACGTAACTCCGTATAG,PBMC-06-1,PSO12,PSO,SNG,TRUE
ACGTAACTCCGTGTAA,PBMC-06-1,PSO12,PSO,SNG,TRUE
ACGTAACTCGTTAGAC,PBMC-06-1,PSA02,PSA,SNG,TRUE
ACGTACAAGATAACGT,PBMC-06-1,PSX01,PSX,SNG,TRUE
ACGTACAAGCACTTTG,PBMC-06-1,PSA17,PSA,SNG,TRUE
ACGTACAAGGGACAGG,PBMC-06-1,PSA14,PSA,SNG,TRUE
ACGTACAAGGGAGATA,PBMC-06-1,PSO15,PSO,SNG,FALSE
ACGTACAAGTCATGGG,PBMC-06-1,PSA12,PSA,SNG,TRUE
ACGTACAAGTGTACAA,PBMC-06-1,PSO13,PSO,SNG,TRUE
ACGTACACAATAGTAG,PBMC-06-1,PSA12,PSA,SNG,FALSE
ACGTACACAATCGAAA,PBMC-06-1,PSA03,PSA,DBL,FALSE
ACGTACACACAAATGA,PBMC-06-1,PSO15,PSO,DBL,FALSE
ACGTACACAGCGTACC,PBMC-06-1,PSA05,PSA,SNG,TRUE
ACGTACACAGGCTCTG,PBMC-06-1,PSX01,PSX,SNG,TRUE
ACGTACACATCAGCGC,PBMC-06-1,PSA07,PSA,SNG,TRUE
ACGTACACATGACTAC,PBMC-06-1,PSO11,PSO,SNG,TRUE
ACGTACACATGCTGCG,PBMC-06-1,PSO15,PSO,SNG,FALSE
ACGTACAGTAGACGTG,PBMC-06-1,PSA15,PSA,SNG,TRUE
ACGTACAGTATCCCTC,PBMC-06-1,PSA02,PSA,SNG,TRUE
ACGTACAGTATGCTTG,PBMC-06-1,PSO15,PSO,SNG,TRUE
ACGTACAGTCCGGCAT,PBMC-06-1,PSA04,PSA,DBL,FALSE
ACGTACAGTCGGAACA,PBMC-06-1,PSA07,PSA,SNG,TRUE
ACGTACAGTCTGGTTA,PBMC-06-1,PSA13,PSA,SNG,FALSE
ACGTACAGTCTTCTAT,PBMC-06-1,PSA16,PSA,SNG,TRUE
ACGTACAGTGGCCCAT,PBMC-06-1,PSA06,PSA,SNG,TRUE
ACGTACATCGAGGCAA,PBMC-06-1,PSA16,PSA,DBL,FALSE
ACGTACATCTTACGGA,PBMC-06-1,PSA03,PSA,AMB,FALSE
ACGTAGTAGCTGGCCT,PBMC-06-1,PSA15,PSA,SNG,TRUE
ACGTAGTAGTTTCGAC,PBMC-06-1,PSA17,PSA,DBL,FALSE
ACGTAGTCAACTAGAA,PBMC-06-1,PSA07,PSA,SNG,TRUE
ACGTAGTCAGAATCGG,PBMC-06-1,PSA17,PSA,SNG,TRUE
ACGTAGTCAGATTCGT,PBMC-06-1,PSA07,PSA,SNG,TRUE
ACGTAGTCAGTCGCTG,PBMC-06-1,PSO13,PSO,SNG,FALSE
ACGTAGTCAGTGCGCT,PBMC-06-1,PSA03,PSA,SNG,TRUE
ACGTAGTCATAGATGA,PBMC-06-1,PSA07,PSA,SNG,TRUE
ACGTAGTCATTGAGGG,PBMC-06-1,PSA02,PSA,SNG,TRUE
ACGTAGTGTAATGTGA,PBMC-06-1,PSX01,PSX,DBL,FALSE
ACGTAGTGTACGCGTC,PBMC-06-1,PSO11,PSO,SNG,TRUE
ACGTAGTGTCAACCTA,PBMC-06-1,PSA16,PSA,DBL,FALSE
ACGTAGTGTCGGAACA,PBMC-06-1,PSO12,PSO,DBL,FALSE
ACGTAGTGTGTATACC,PBMC-06-1,PSO15,PSO,SNG,TRUE
ACGTAGTTCATTCGGA,PBMC-06-1,PSA17,PSA,DBL,FALSE
ACGTAGTTCCAGTGTA,PBMC-06-1,PSX01,PSX,SNG,TRUE
ACGTAGTTCCTTTGAT,PBMC-06-1,PSA06,PSA,SNG,TRUE
ACGTAGTTCGGCTTCT,PBMC-06-1,PSA14,PSA,SNG,TRUE
ACGTAGTTCTACTCAT,PBMC-06-1,PSA05,PSA,SNG,TRUE
ACGTAGTTCTCGTCGT,PBMC-06-1,PSA06,PSA,SNG,TRUE
ACGTCCTAGAGGACTC,PBMC-06-1,PSA15,PSA,DBL,FALSE
ACGTCCTAGATAGTGT,PBMC-06-1,PSA07,PSA,DBL,FALSE
ACGTCCTAGCGCCTTG,PBMC-06-1,PSO15,PSO,SNG,FALSE
ACGTCCTAGCGCTTCG,PBMC-06-1,PSO15,PSO,SNG,FALSE
ACGTCCTAGGTAGATT,PBMC-06-1,PSA12,PSA,SNG,TRUE
ACGTCCTAGTTAGTGA,PBMC-06-1,PSX01,PSX,SNG,TRUE
ACGTCCTAGTTCACTG,PBMC-06-1,PSA07,PSA,SNG,TRUE
ACGTCCTAGTTCCATG,PBMC-06-1,PSO16,PSO,DBL,FALSE
ACGTCCTCAAGCGCTC,PBMC-06-1,PSO16,PSO,SNG,TRUE
ACGTCCTCAAGTATAG,PBMC-06-1,PSA16,PSA,DBL,FALSE
ACGTCCTCACAATGAA,PBMC-06-1,PSA15,PSA,SNG,TRUE
ACGTCCTCAGCGTTTA,PBMC-06-1,PSA17,PSA,DBL,FALSE
ACGTCCTGTACCCGAC,PBMC-06-1,PSA04,PSA,SNG,TRUE
ACGTCCTGTTTCGTAG,PBMC-06-1,PSA15,PSA,SNG,TRUE
ACGTCCTTCCGACAGC,PBMC-06-1,PSX01,PSX,SNG,TRUE
ACGTCCTTCTGCTCTG,PBMC-06-1,PSA07,PSA,SNG,TRUE
ACGTTCCAGACTCTTG,PBMC-06-1,PSO11,PSO,AMB,FALSE
ACGTTCCAGACTGTTC,PBMC-06-1,PSO12,PSO,SNG,TRUE
ACGTTCCAGCGAAACC,PBMC-06-1,PSO15,PSO,SNG,TRUE
ACGTTCCAGGCCCAAA,PBMC-06-1,PSA12,PSA,SNG,TRUE
ACGTTCCAGGTTGGAC,PBMC-06-1,PSO15,PSO,SNG,TRUE
ACGTTCCCAGAACATA,PBMC-06-1,PSA03,PSA,SNG,TRUE
ACGTTCCCAGGACTTT,PBMC-06-1,PSA14,PSA,SNG,TRUE
ACGTTCCCATCGAGCC,PBMC-06-1,PSO15,PSO,SNG,TRUE
ACGTTCCCATGACACT,PBMC-06-1,PSA17,PSA,SNG,TRUE
ACGTTCCCATTCTCTA,PBMC-06-1,PSA12,PSA,DBL,FALSE
ACGTTCCGTCCGGTCA,PBMC-06-1,PSA02,PSA,SNG,TRUE
ACGTTCCGTCTGTAGT,PBMC-06-1,PSA12,PSA,SNG,TRUE
ACGTTCCGTGTGCTTA,PBMC-06-1,PSA05,PSA,SNG,TRUE
ACGTTCCGTTTCGTAG,PBMC-06-1,PSO11,PSO,SNG,TRUE
ACGTTCCTCGGTCATA,PBMC-06-1,PSA05,PSA,SNG,TRUE
ACGTTCCTCTGCGATA,PBMC-06-1,PSO15,PSO,DBL,FALSE
ACTACGAAGCCAAGCA,PBMC-06-1,PSA17,PSA,SNG,TRUE
ACTACGAAGCCGATTT,PBMC-06-1,PSO11,PSO,SNG,TRUE
ACTACGAAGGACACTG,PBMC-06-1,PSA05,PSA,SNG,TRUE
ACTACGAAGGACTAAT,PBMC-06-1,PSO15,PSO,SNG,TRUE
ACTACGAAGGCATTTC,PBMC-06-1,PSO13,PSO,SNG,TRUE
ACTACGAAGGTTCTTG,PBMC-06-1,PSO14,PSO,SNG,TRUE
ACTACGAAGTTGCGCC,PBMC-06-1,PSA07,PSA,SNG,FALSE
ACTACGACAAGTATCC,PBMC-06-1,PSO12,PSO,SNG,TRUE
ACTACGACAATGTGGG,PBMC-06-1,PSA04,PSA,AMB,FALSE
ACTACGACAGATACCT,PBMC-06-1,PSA05,PSA,SNG,TRUE
ACTACGACAGCCGTCA,PBMC-06-1,PSA07,PSA,AMB,FALSE
ACTACGACATCCGAGC,PBMC-06-1,PSA03,PSA,SNG,TRUE
ACTACGAGTCCCTAAA,PBMC-06-1,PSX01,PSX,SNG,TRUE
ACTACGAGTGACTATC,PBMC-06-1,PSX01,PSX,SNG,TRUE
ACTACGAGTTCGGTAT,PBMC-06-1,PSA14,PSA,DBL,FALSE
ACTACGATCACGTAGT,PBMC-06-1,PSA07,PSA,SNG,FALSE
ACTACGATCCCAATAG,PBMC-06-1,PSX01,PSX,SNG,TRUE
ACTACGATCCCTTGGT,PBMC-06-1,PSA05,PSA,SNG,FALSE
ACTACGATCGTTCGCT,PBMC-06-1,PSA05,PSA,SNG,FALSE
ACTACGATCTACTATC,PBMC-06-1,PSA04,PSA,SNG,FALSE
ACTACGATCTGATGGT,PBMC-06-1,PSO15,PSO,SNG,TRUE
ACTACGATCTGGAGAG,PBMC-06-1,PSA16,PSA,SNG,TRUE
ACTATCTCAAGTAGTA,PBMC-06-1,PSA07,PSA,SNG,TRUE
ACTATCTCAGTTCACA,PBMC-06-1,PSO15,PSO,DBL,FALSE
ACTATCTCATCCTAAG,PBMC-06-1,PSA05,PSA,SNG,TRUE
ACTATCTCATGCGGTC,PBMC-06-1,PSX01,PSX,DBL,FALSE
ACTATCTGTAACTTCG,PBMC-06-1,PSO15,PSO,SNG,FALSE
ACTATCTGTACTAACC,PBMC-06-1,PSO12,PSO,SNG,FALSE
ACTATCTGTCAGTCTA,PBMC-06-1,PSA04,PSA,SNG,FALSE
ACTATCTGTCCATACA,PBMC-06-1,PSO15,PSO,SNG,TRUE
ACTATCTGTCGCATTA,PBMC-06-1,PSO13,PSO,SNG,TRUE
ACTATCTGTGAATTGA,PBMC-06-1,PSA05,PSA,SNG,TRUE
ACTATGGAGCAAATCA,PBMC-06-1,PSA03,PSA,SNG,TRUE
ACTATGGAGCCTCAAT,PBMC-06-1,PSA04,PSA,SNG,TRUE
ACTATGGCAACGGCTC,PBMC-06-1,PSA13,PSA,DBL,FALSE
ACTATGGCAGAGTAAT,PBMC-06-1,PSA02,PSA,SNG,TRUE
ACTATGGCAGCACAGA,PBMC-06-1,PSA03,PSA,AMB,FALSE
ACTATGGCATCCAACA,PBMC-06-1,PSX04,PSX,SNG,TRUE
ACTATGGGTCAACGCC,PBMC-06-1,PSX01,PSX,SNG,TRUE
ACTATGGGTCCGGTGT,PBMC-06-1,PSA04,PSA,SNG,TRUE
ACTATGGGTTGCACGC,PBMC-06-1,PSA12,PSA,DBL,FALSE
ACTATGGGTTGCGTAT,PBMC-06-1,PSA05,PSA,SNG,TRUE
ACTATGGGTTTACTGG,PBMC-06-1,PSO16,PSO,SNG,FALSE
ACTATGGTCATAGAGA,PBMC-06-1,PSA07,PSA,SNG,TRUE
ACTATGGTCCTTCACG,PBMC-06-1,PSA17,PSA,SNG,TRUE
ACTATGGTCGAGAGAC,PBMC-06-1,PSX01,PSX,DBL,FALSE
ACTATGGTCGCGTGCA,PBMC-06-1,PSO15,PSO,SNG,TRUE
ACTATGGTCGTAGCCG,PBMC-06-1,PSO12,PSO,SNG,TRUE
ACTATGGTCGTAGTGT,PBMC-06-1,PSA06,PSA,SNG,TRUE
ACTATGGTCTAGCATG,PBMC-06-1,PSX01,PSX,DBL,FALSE
ACTATTCAGTAATCCC,PBMC-06-1,PSA12,PSA,SNG,FALSE
ACTATTCCAAGTAGTA,PBMC-06-1,PSX01,PSX,SNG,TRUE
ACTATTCCAATGTTGC,PBMC-06-1,PSA16,PSA,SNG,TRUE
ACTATTCCACATTACG,PBMC-06-1,PSO13,PSO,DBL,FALSE
ACTATTCCACCCAACG,PBMC-06-1,PSO15,PSO,SNG,TRUE
ACTATTCCACGCAAAG,PBMC-06-1,PSA14,PSA,SNG,TRUE
ACTATTCCACTATCGA,PBMC-06-1,PSA05,PSA,SNG,FALSE
ACTATTCCACTCCCTA,PBMC-06-1,PSO15,PSO,DBL,FALSE
ACTATTCCATAGGCGA,PBMC-06-1,PSO15,PSO,SNG,TRUE
ACTATTCGTGTGTGTT,PBMC-06-1,PSO12,PSO,SNG,TRUE
ACTATTCGTTCGTAAC,PBMC-06-1,PSA17,PSA,SNG,TRUE
ACTATTCTCAACACCA,PBMC-06-1,PSA07,PSA,SNG,TRUE
ACTATTCTCATCCTGC,PBMC-06-1,PSX04,PSX,SNG,TRUE
ACTATTCTCATCTCTA,PBMC-06-1,PSA07,PSA,SNG,TRUE
ACTATTCTCCCGGTAG,PBMC-06-1,PSA16,PSA,SNG,FALSE
ACTATTCTCGTGGGAA,PBMC-06-1,PSA07,PSA,DBL,FALSE
ACTATTCTCGTTGTAG,PBMC-06-1,PSA02,PSA,SNG,TRUE
ACTATTCTCTAGCCTC,PBMC-06-1,PSO12,PSO,SNG,TRUE
ACTATTCTCTGCGGCA,PBMC-06-1,PSO15,PSO,SNG,TRUE
ACTATTCTCTGTTGGA,PBMC-06-1,PSX04,PSX,DBL,FALSE
ACTCCCAAGACATATG,PBMC-06-1,PSA05,PSA,SNG,TRUE
ACTCCCAAGCTAGATA,PBMC-06-1,PSA13,PSA,SNG,FALSE
ACTCCCAAGCTCCCTT,PBMC-06-1,PSO14,PSO,SNG,TRUE
ACTCCCAAGGCTATCT,PBMC-06-1,PSX04,PSX,SNG,TRUE
ACTCCCAAGGCTGAAC,PBMC-06-1,PSA14,PSA,SNG,TRUE
ACTCCCAAGGTGAGAA,PBMC-06-1,PSA12,PSA,SNG,TRUE
ACTCCCAAGTCGAGGT,PBMC-06-1,PSA14,PSA,SNG,TRUE
ACTCCCACAAGTGATA,PBMC-06-1,PSA12,PSA,SNG,FALSE
ACTCCCACACCCTAGG,PBMC-06-1,PSO15,PSO,SNG,TRUE
ACTCCCACACGAGGAT,PBMC-06-1,PSA14,PSA,SNG,TRUE
ACTCCCACACTAGGTT,PBMC-06-1,PSX04,PSX,SNG,TRUE
ACTCCCACAGTTAAAG,PBMC-06-1,PSA12,PSA,SNG,TRUE
ACTCCCACATCTAGAC,PBMC-06-1,PSO15,PSO,SNG,FALSE
ACTCCCAGTAACATCC,PBMC-06-1,PSA03,PSA,SNG,FALSE
ACTCCCAGTACCAGAG,PBMC-06-1,PSA05,PSA,SNG,TRUE
ACTCCCAGTATTGGCT,PBMC-06-1,PSA02,PSA,AMB,FALSE
ACTCCCAGTCTACATG,PBMC-06-1,PSA05,PSA,SNG,TRUE
ACTCCCAGTGGTTCTA,PBMC-06-1,PSA13,PSA,SNG,TRUE
ACTCCCAGTTAACCTG,PBMC-06-1,PSA03,PSA,SNG,TRUE
ACTCCCATCAAAGCCT,PBMC-06-1,PSA06,PSA,SNG,TRUE
ACTCCCATCAGAATAG,PBMC-06-1,PSX04,PSX,DBL,FALSE
ACTCCCATCCACGAAT,PBMC-06-1,PSA16,PSA,DBL,FALSE
ACTCCCATCCTACACC,PBMC-06-1,PSA03,PSA,SNG,TRUE
ACTCCCATCGGCTGGT,PBMC-06-1,PSA16,PSA,DBL,FALSE
ACTCCCATCGTGGTAT,PBMC-06-1,PSO12,PSO,SNG,TRUE
ACTCCCATCTATTTCG,PBMC-06-1,PSA04,PSA,SNG,TRUE
ACTCTCGAGACTCGAG,PBMC-06-1,PSX01,PSX,DBL,FALSE
ACTCTCGAGGATAATC,PBMC-06-1,PSA14,PSA,SNG,TRUE
ACTCTCGAGGGCCTCT,PBMC-06-1,PSA17,PSA,DBL,FALSE
ACTCTCGAGTCTAACC,PBMC-06-1,PSO14,PSO,SNG,TRUE
ACTCTCGCACCCTCTA,PBMC-06-1,PSA17,PSA,SNG,TRUE
ACTCTCGCAGACAATA,PBMC-06-1,PSA15,PSA,SNG,FALSE
ACTCTCGCAGGAGGTT,PBMC-06-1,PSA13,PSA,DBL,FALSE
ACTCTCGGTACAGGTG,PBMC-06-1,PSA02,PSA,SNG,TRUE
ACTCTCGGTACCGCGT,PBMC-06-1,PSA02,PSA,SNG,FALSE
ACTCTCGGTCCACGCA,PBMC-06-1,PSA03,PSA,SNG,FALSE
ACTCTCGGTCGAGTGA,PBMC-06-1,PSA06,PSA,SNG,TRUE
ACTCTCGGTGGCCTCA,PBMC-06-1,PSA15,PSA,SNG,TRUE
ACTCTCGGTTGTTTGG,PBMC-06-1,PSA17,PSA,SNG,TRUE
ACTCTCGTCATCTACT,PBMC-06-1,PSO12,PSO,DBL,FALSE
ACTCTCGTCCATCTGC,PBMC-06-1,PSX04,PSX,SNG,FALSE
ACTCTCGTCCCAACTC,PBMC-06-1,PSA12,PSA,SNG,TRUE
ACTCTCGTCCGCAGTG,PBMC-06-1,PSA05,PSA,SNG,TRUE
ACTCTCGTCGAGAAAT,PBMC-06-1,PSA14,PSA,SNG,TRUE
ACTCTCGTCGTCAACA,PBMC-06-1,PSX04,PSX,SNG,TRUE
ACTGATGCACCAGGTC,PBMC-06-1,PSO15,PSO,DBL,FALSE
ACTGATGCACGTTGGC,PBMC-06-1,PSO15,PSO,SNG,TRUE
ACTGATGCAGCACCCA,PBMC-06-1,PSO12,PSO,SNG,TRUE
ACTGATGCAGGAGACT,PBMC-06-1,PSX01,PSX,SNG,TRUE
ACTGATGGTACTTGTG,PBMC-06-1,PSO14,PSO,SNG,TRUE
ACTGATGGTCGTCTCT,PBMC-06-1,PSA04,PSA,SNG,FALSE
ACTGATGGTCGTTTCC,PBMC-06-1,PSX01,PSX,SNG,TRUE
ACTGATGGTGCACAAG,PBMC-06-1,PSA05,PSA,SNG,TRUE
ACTGCAAAGAAGGATG,PBMC-06-1,PSA16,PSA,SNG,TRUE
ACTGCAAAGACATATG,PBMC-06-1,PSX01,PSX,SNG,TRUE
ACTGCAAAGAGTACCG,PBMC-06-1,PSA05,PSA,SNG,TRUE
ACTGCAAAGAGTCACG,PBMC-06-1,PSA02,PSA,SNG,TRUE
ACTGCAAAGCCTCAAT,PBMC-06-1,PSA17,PSA,AMB,FALSE
ACTGCAAAGGATTTAG,PBMC-06-1,PSO12,PSO,DBL,FALSE
ACTGCAAAGGCTCAAG,PBMC-06-1,PSO12,PSO,DBL,FALSE
ACTGCAAAGGGCCAAT,PBMC-06-1,PSO12,PSO,DBL,FALSE
ACTGCAAAGGTGGTTG,PBMC-06-1,PSA13,PSA,SNG,TRUE
ACTGCAACAAATTAGG,PBMC-06-1,PSA06,PSA,SNG,TRUE
ACTGCAACACAAGGTG,PBMC-06-1,PSO12,PSO,SNG,TRUE
ACTGCAACACTGCATA,PBMC-06-1,PSO12,PSO,DBL,FALSE
ACTGCAACATACCACA,PBMC-06-1,PSA04,PSA,SNG,TRUE
ACTGCAACATTCTCTA,PBMC-06-1,PSA15,PSA,SNG,TRUE
ACTGCAAGTAAGCAAT,PBMC-06-1,PSA14,PSA,DBL,FALSE
ACTGCAAGTACTCGAT,PBMC-06-1,PSO11,PSO,DBL,FALSE
ACTGCAAGTATCTCTT,PBMC-06-1,PSA17,PSA,DBL,FALSE
ACTGCAAGTCGGATTT,PBMC-06-1,PSA14,PSA,DBL,FALSE
ACTGCAAGTGCAGATG,PBMC-06-1,PSA17,PSA,SNG,FALSE
ACTGCAAGTTCCATTT,PBMC-06-1,PSO15,PSO,DBL,FALSE
ACTGCAATCACTTGTT,PBMC-06-1,PSA17,PSA,SNG,FALSE
ACTGCAATCCGACAGC,PBMC-06-1,PSA06,PSA,AMB,FALSE
ACTGCAATCCGATGTA,PBMC-06-1,PSA05,PSA,DBL,FALSE
ACTGCAATCGCCGAAC,PBMC-06-1,PSA13,PSA,AMB,FALSE
ACTGCAATCGTCGATA,PBMC-06-1,PSO13,PSO,AMB,FALSE
ACTGCAATCGTTCTGC,PBMC-06-1,PSX01,PSX,SNG,TRUE
ACTGCAATCTATCGTT,PBMC-06-1,PSA16,PSA,SNG,TRUE
ACTGTCCAGAAACTCA,PBMC-06-1,PSA15,PSA,AMB,FALSE
ACTGTCCAGAGTCTGG,PBMC-06-1,PSX04,PSX,SNG,TRUE
ACTGTCCAGATGATTG,PBMC-06-1,PSO15,PSO,SNG,FALSE
ACTGTCCAGATGTAGT,PBMC-06-1,PSO16,PSO,SNG,TRUE
ACTGTCCAGCGCCTCA,PBMC-06-1,PSA02,PSA,AMB,FALSE
ACTGTCCAGGGTTTCT,PBMC-06-1,PSO14,PSO,AMB,FALSE
ACTGTCCAGGTCGCCT,PBMC-06-1,PSO14,PSO,SNG,TRUE
ACTGTCCAGTGCGCTC,PBMC-06-1,PSO13,PSO,SNG,TRUE
ACTGTCCCACAAGGTG,PBMC-06-1,PSA17,PSA,SNG,TRUE
ACTGTCCCACACTTAG,PBMC-06-1,PSO15,PSO,SNG,TRUE
ACTGTCCCACAGTCGC,PBMC-06-1,PSA03,PSA,DBL,FALSE
ACTGTCCCACCAGCCA,PBMC-06-1,PSA02,PSA,DBL,FALSE
ACTGTCCCAGCACAAG,PBMC-06-1,PSA02,PSA,SNG,TRUE
ACTGTCCCAGCATCTA,PBMC-06-1,PSA15,PSA,DBL,FALSE
ACTGTCCCAGCGTGCT,PBMC-06-1,PSA03,PSA,SNG,TRUE
ACTGTCCCAGGTTCAT,PBMC-06-1,PSX01,PSX,DBL,FALSE
ACTGTCCGTAGACGTG,PBMC-06-1,PSA14,PSA,DBL,FALSE
ACTGTCCGTATCGTTG,PBMC-06-1,PSO15,PSO,DBL,FALSE
ACTGTCCGTTCGTTCC,PBMC-06-1,PSA17,PSA,DBL,FALSE
ACTGTCCTCACCTTGC,PBMC-06-1,PSO11,PSO,SNG,FALSE
ACTGTCCTCATGAAAG,PBMC-06-1,PSA03,PSA,SNG,FALSE
ACTGTCCTCATGGCCG,PBMC-06-1,PSA16,PSA,SNG,TRUE
ACTGTGAAGGCATGGT,PBMC-06-1,PSX01,PSX,SNG,TRUE
ACTGTGAAGGTTGACG,PBMC-06-1,PSA16,PSA,SNG,TRUE
ACTGTGACACTGAGGA,PBMC-06-1,PSO12,PSO,SNG,TRUE
ACTGTGACAGCAGTGA,PBMC-06-1,PSA12,PSA,AMB,FALSE
ACTGTGACAGCCGGTT,PBMC-06-1,PSA07,PSA,SNG,FALSE
ACTGTGACAGTCGAGA,PBMC-06-1,PSA04,PSA,SNG,TRUE
ACTGTGACATGAATCC,PBMC-06-1,PSA13,PSA,SNG,TRUE
ACTGTGAGTCCACATA,PBMC-06-1,PSX01,PSX,SNG,TRUE
ACTGTGAGTCGTTTCC,PBMC-06-1,PSA13,PSA,SNG,TRUE
ACTGTGAGTTGATCGT,PBMC-06-1,PSA16,PSA,SNG,FALSE
ACTGTGATCAATCTCT,PBMC-06-1,PSA06,PSA,SNG,TRUE
ACTGTGATCAGATGCT,PBMC-06-1,PSA16,PSA,SNG,TRUE
ACTGTGATCTGGTGGC,PBMC-06-1,PSA04,PSA,SNG,TRUE
ACTTAGGAGACTAAGT,PBMC-06-1,PSA03,PSA,SNG,FALSE
ACTTAGGAGAGCACTG,PBMC-06-1,PSA06,PSA,DBL,FALSE
ACTTAGGAGCTCTTCC,PBMC-06-1,PSA14,PSA,SNG,FALSE
ACTTAGGAGGTAGTCG,PBMC-06-1,PSX01,PSX,AMB,FALSE
ACTTAGGAGTAGCCAG,PBMC-06-1,PSA05,PSA,DBL,FALSE
ACTTAGGAGTCATGGG,PBMC-06-1,PSA04,PSA,SNG,TRUE
ACTTAGGAGTCTCGTA,PBMC-06-1,PSA07,PSA,SNG,TRUE
ACTTAGGAGTTTCAGC,PBMC-06-1,PSA15,PSA,SNG,TRUE
ACTTAGGCAAGCAATA,PBMC-06-1,PSA13,PSA,SNG,TRUE
ACTTAGGCAATCAAGA,PBMC-06-1,PSO16,PSO,DBL,FALSE
ACTTAGGCATCAGTGT,PBMC-06-1,PSO12,PSO,SNG,TRUE
ACTTAGGCATGACACT,PBMC-06-1,PSO12,PSO,SNG,TRUE
ACTTAGGGTACCTAGT,PBMC-06-1,PSA05,PSA,SNG,TRUE
ACTTAGGGTCAACCAT,PBMC-06-1,PSA05,PSA,SNG,TRUE
ACTTAGGGTGATACCT,PBMC-06-1,PSO13,PSO,DBL,FALSE
ACTTAGGGTGTACAGG,PBMC-06-1,PSA07,PSA,SNG,TRUE
ACTTAGGTCATGAAAG,PBMC-06-1,PSA13,PSA,SNG,TRUE
ACTTAGGTCGAGGCAA,PBMC-06-1,PSO12,PSO,DBL,FALSE
ACTTATCAGAGTATAC,PBMC-06-1,PSX01,PSX,SNG,TRUE
ACTTATCAGGACGCTA,PBMC-06-1,PSA04,PSA,SNG,TRUE
ACTTATCAGGCTGAAC,PBMC-06-1,PSA13,PSA,DBL,FALSE
ACTTATCAGGGAGGGT,PBMC-06-1,PSX01,PSX,SNG,FALSE
ACTTATCAGGTCTGGA,PBMC-06-1,PSA16,PSA,SNG,TRUE
ACTTATCAGTGCACTT,PBMC-06-1,PSA07,PSA,SNG,TRUE
ACTTATCCAAGCACCC,PBMC-06-1,PSA14,PSA,SNG,TRUE
ACTTATCCACAATGCT,PBMC-06-1,PSA17,PSA,SNG,TRUE
ACTTATCCACCCAACG,PBMC-06-1,PSA05,PSA,DBL,FALSE
ACTTATCCATGTAACC,PBMC-06-1,PSA13,PSA,SNG,TRUE
ACTTATCGTACACTCA,PBMC-06-1,PSA14,PSA,SNG,TRUE
ACTTATCGTCAAGCGA,PBMC-06-1,PSA06,PSA,SNG,FALSE
ACTTATCGTCTAATCG,PBMC-06-1,PSO15,PSO,SNG,TRUE
ACTTATCGTGAGGAAA,PBMC-06-1,PSO16,PSO,DBL,FALSE
ACTTATCGTGTACGCC,PBMC-06-1,PSA16,PSA,SNG,TRUE
ACTTATCGTGTCCACG,PBMC-06-1,PSA16,PSA,SNG,TRUE
ACTTATCGTTAAGAAC,PBMC-06-1,PSA07,PSA,SNG,TRUE
ACTTATCGTTACTCAG,PBMC-06-1,PSA03,PSA,SNG,TRUE
ACTTATCGTTCAGCGC,PBMC-06-1,PSO15,PSO,SNG,FALSE
ACTTATCGTTCTCGTC,PBMC-06-1,PSA06,PSA,SNG,TRUE
ACTTATCGTTCTCTAT,PBMC-06-1,PSO11,PSO,SNG,TRUE
ACTTATCTCAAGCTTG,PBMC-06-1,PSO12,PSO,SNG,TRUE
ACTTATCTCATCAGTG,PBMC-06-1,PSO14,PSO,SNG,FALSE
ACTTATCTCCTCGATC,PBMC-06-1,PSA14,PSA,SNG,TRUE
ACTTATCTCGCAATGT,PBMC-06-1,PSA02,PSA,SNG,TRUE
ACTTATCTCTCTAAGG,PBMC-06-1,PSX01,PSX,SNG,FALSE
ACTTCCGAGCTCGGCT,PBMC-06-1,PSO14,PSO,SNG,TRUE
ACTTCCGAGGCGCTCT,PBMC-06-1,PSA05,PSA,SNG,TRUE
ACTTCCGAGGCTCAAG,PBMC-06-1,PSA13,PSA,SNG,TRUE
ACTTCCGAGGGTATAT,PBMC-06-1,PSA02,PSA,SNG,TRUE
ACTTCCGAGGTAAAGG,PBMC-06-1,PSA06,PSA,SNG,TRUE
ACTTCCGAGTGCGACA,PBMC-06-1,PSA07,PSA,SNG,TRUE
ACTTCCGCAAGCGCTC,PBMC-06-1,PSO15,PSO,DBL,FALSE
ACTTCCGCAAGGAGTC,PBMC-06-1,PSA02,PSA,DBL,FALSE
ACTTCCGCAATTGAGA,PBMC-06-1,PSA15,PSA,SNG,TRUE
ACTTCCGCATGACTGT,PBMC-06-1,PSX01,PSX,SNG,TRUE
ACTTCCGGTATGCGGA,PBMC-06-1,PSO15,PSO,SNG,TRUE
ACTTCCGGTCGGCCTA,PBMC-06-1,PSA16,PSA,SNG,TRUE
ACTTCCGGTGCAATGG,PBMC-06-1,PSO15,PSO,DBL,FALSE
ACTTCCGGTTCAGCTA,PBMC-06-1,PSO15,PSO,SNG,TRUE
ACTTCCGGTTGTGGCC,PBMC-06-1,PSA02,PSA,SNG,TRUE
ACTTCCGTCAGCTTCC,PBMC-06-1,PSO12,PSO,AMB,FALSE
ACTTCCGTCGTAGTGT,PBMC-06-1,PSO15,PSO,SNG,TRUE
ACTTCCGTCTACTATC,PBMC-06-1,PSA02,PSA,SNG,TRUE
ACTTCCGTCTGAGGTT,PBMC-06-1,PSX04,PSX,SNG,TRUE
ACTTCCGTCTGGTGCG,PBMC-06-1,PSA15,PSA,SNG,TRUE
ACTTCGCCAATGACCT,PBMC-06-1,PSA02,PSA,SNG,TRUE
ACTTCGCCACCTAAAC,PBMC-06-1,PSA14,PSA,SNG,TRUE
ACTTCGCCATAGGAGC,PBMC-06-1,PSA04,PSA,SNG,TRUE
ACTTCGCCATAGGCGA,PBMC-06-1,PSA16,PSA,SNG,TRUE
ACTTCGCGTAGTCGGA,PBMC-06-1,PSA17,PSA,SNG,TRUE
ACTTCGCGTTAGTCGT,PBMC-06-1,PSO15,PSO,SNG,TRUE
ACTTCGCGTTCACGAT,PBMC-06-1,PSA17,PSA,DBL,FALSE
ACTTCGCGTTCTCAGA,PBMC-06-1,PSA12,PSA,SNG,FALSE
ACTTTCAAGAACGTGC,PBMC-06-1,PSA16,PSA,SNG,FALSE
ACTTTCAAGAGAGCCT,PBMC-06-1,PSA17,PSA,SNG,FALSE
ACTTTCAAGCCTAGGA,PBMC-06-1,PSO15,PSO,SNG,TRUE
ACTTTCAAGCTGACCC,PBMC-06-1,PSO15,PSO,DBL,FALSE
ACTTTCAAGGTTATAG,PBMC-06-1,PSA15,PSA,SNG,TRUE
ACTTTCAAGTATGGAT,PBMC-06-1,PSO11,PSO,SNG,FALSE
ACTTTCACAAGTCATC,PBMC-06-1,PSA16,PSA,SNG,TRUE
ACTTTCACACGGTGTC,PBMC-06-1,PSO15,PSO,SNG,TRUE
ACTTTCACACTGTGAT,PBMC-06-1,PSA07,PSA,SNG,TRUE
ACTTTCACAGATCACT,PBMC-06-1,PSX01,PSX,SNG,TRUE
ACTTTCACAGGTATGG,PBMC-06-1,PSA04,PSA,SNG,TRUE
ACTTTCAGTAGCGATG,PBMC-06-1,PSA02,PSA,DBL,FALSE
ACTTTCAGTAGTTAGA,PBMC-06-1,PSA07,PSA,SNG,TRUE
ACTTTCAGTCAAGGCA,PBMC-06-1,PSA14,PSA,DBL,FALSE
ACTTTCAGTGGGTATG,PBMC-06-1,PSX04,PSX,SNG,TRUE
ACTTTCAGTTTAGTCG,PBMC-06-1,PSA13,PSA,DBL,FALSE
ACTTTCATCAATCAGC,PBMC-06-1,PSO15,PSO,SNG,TRUE
ACTTTCATCTACGCAA,PBMC-06-1,PSA05,PSA,DBL,FALSE
ACTTTGTAGAGCAAGA,PBMC-06-1,PSA14,PSA,SNG,TRUE
ACTTTGTAGCGTGAGT,PBMC-06-1,PSO15,PSO,SNG,TRUE
ACTTTGTAGGTGTGAC,PBMC-06-1,PSA13,PSA,SNG,TRUE
ACTTTGTCAAACCATC,PBMC-06-1,PSX01,PSX,SNG,TRUE
ACTTTGTCAAGTGGTG,PBMC-06-1,PSA17,PSA,SNG,TRUE
ACTTTGTCAATGCAGG,PBMC-06-1,PSA07,PSA,SNG,TRUE
ACTTTGTCATCAGCGC,PBMC-06-1,PSA15,PSA,SNG,TRUE
ACTTTGTGTAGCGATG,PBMC-06-1,PSX01,PSX,DBL,FALSE
ACTTTGTGTCCGACGT,PBMC-06-1,PSA02,PSA,SNG,TRUE
ACTTTGTGTTTGGCTA,PBMC-06-1,PSX04,PSX,SNG,TRUE
ACTTTGTTCCAGCTCT,PBMC-06-1,PSA06,PSA,DBL,FALSE
ACTTTGTTCCCGATCT,PBMC-06-1,PSX01,PSX,DBL,FALSE
ACTTTGTTCCCTAGGG,PBMC-06-1,PSA12,PSA,SNG,TRUE
ACTTTGTTCCCTCGTA,PBMC-06-1,PSA17,PSA,SNG,TRUE
ACTTTGTTCCGTATAG,PBMC-06-1,PSO11,PSO,SNG,TRUE
ACTTTGTTCGACACCG,PBMC-06-1,PSA07,PSA,SNG,TRUE
ACTTTGTTCGATCCCT,PBMC-06-1,PSA07,PSA,SNG,TRUE
ACTTTGTTCGGCGATC,PBMC-06-1,PSA05,PSA,AMB,FALSE
ACTTTGTTCGTAGTGT,PBMC-06-1,PSA07,PSA,SNG,TRUE
ACTTTGTTCTGCAGCG,PBMC-06-1,PSA03,PSA,SNG,TRUE
AGAAATGAGGTGCTAG,PBMC-06-1,PSA05,PSA,SNG,TRUE
AGAAATGAGTAAACGT,PBMC-06-1,PSO12,PSO,SNG,TRUE
AGAAATGAGTGTTGTC,PBMC-06-1,PSA16,PSA,SNG,TRUE
AGAAATGAGTTGAAAC,PBMC-06-1,PSA14,PSA,SNG,TRUE
AGAAATGCAAACGAGC,PBMC-06-1,PSA15,PSA,SNG,TRUE
AGAAATGCAAACTCTG,PBMC-06-1,PSA15,PSA,SNG,FALSE
AGAAATGCAAAGCACG,PBMC-06-1,PSA05,PSA,DBL,FALSE
AGAAATGCACGCGCAT,PBMC-06-1,PSX04,PSX,SNG,FALSE
AGAAATGCACTCCTGT,PBMC-06-1,PSA02,PSA,SNG,TRUE
AGAAATGCAGCGGTCT,PBMC-06-1,PSA16,PSA,SNG,TRUE
AGAAATGCAGTTAGAA,PBMC-06-1,PSA02,PSA,SNG,TRUE
AGAAATGCATCCTATT,PBMC-06-1,PSA15,PSA,SNG,TRUE
AGAAATGGTCAGGTAG,PBMC-06-1,PSA13,PSA,SNG,FALSE
AGAAATGGTGCATGAG,PBMC-06-1,PSX01,PSX,DBL,FALSE
AGAAATGGTTGGCTAT,PBMC-06-1,PSA03,PSA,SNG,TRUE
AGAAATGTCAACCCGG,PBMC-06-1,PSA14,PSA,SNG,TRUE
AGAAATGTCCGCTGTT,PBMC-06-1,PSO12,PSO,SNG,TRUE
AGAAATGTCGAGAAGC,PBMC-06-1,PSA07,PSA,SNG,TRUE
AGAACAAAGCAGTAAT,PBMC-06-1,PSA02,PSA,SNG,TRUE
AGAACAAAGCCGCACT,PBMC-06-1,PSO16,PSO,SNG,TRUE
AGAACAAAGGAAAGAC,PBMC-06-1,PSA15,PSA,SNG,TRUE
AGAACAAAGGCGCTTC,PBMC-06-1,PSO12,PSO,SNG,TRUE
AGAACAAAGGTTCACT,PBMC-06-1,PSX01,PSX,SNG,TRUE
AGAACAAAGTCATGAA,PBMC-06-1,PSA03,PSA,DBL,FALSE
AGAACAACAGAAGCGT,PBMC-06-1,PSO15,PSO,SNG,TRUE
AGAACAAGTAGCTAAA,PBMC-06-1,PSO13,PSO,SNG,FALSE
AGAACAAGTATTTCTC,PBMC-06-1,PSA15,PSA,SNG,TRUE
AGAACAAGTCCGGTCA,PBMC-06-1,PSA15,PSA,SNG,TRUE
AGAACAAGTGCCGTTG,PBMC-06-1,PSX04,PSX,DBL,FALSE
AGAACAAGTGTATCCA,PBMC-06-1,PSO14,PSO,SNG,TRUE
AGAACAATCAGTGTGT,PBMC-06-1,PSA13,PSA,SNG,TRUE
AGAACAATCTAACGGT,PBMC-06-1,PSA05,PSA,DBL,FALSE
AGAACCTAGAGTCAAT,PBMC-06-1,PSA07,PSA,SNG,TRUE
AGAACCTAGATACCAA,PBMC-06-1,PSO12,PSO,DBL,FALSE
AGAACCTAGCGTGCTC,PBMC-06-1,PSX01,PSX,SNG,FALSE
AGAACCTAGCTCCACG,PBMC-06-1,PSO11,PSO,DBL,FALSE
AGAACCTAGGTCTTTG,PBMC-06-1,PSO15,PSO,SNG,TRUE
AGAACCTCAAACTCGT,PBMC-06-1,PSO12,PSO,SNG,TRUE
AGAACCTCAACAGATA,PBMC-06-1,PSX01,PSX,SNG,TRUE
AGAACCTCAACTCATG,PBMC-06-1,PSA15,PSA,SNG,TRUE
AGAACCTCACGTTCGG,PBMC-06-1,PSA14,PSA,SNG,TRUE
AGAACCTCAGGCATGA,PBMC-06-1,PSX01,PSX,DBL,FALSE
AGAACCTCATAACAGA,PBMC-06-1,PSA15,PSA,SNG,TRUE
AGAACCTCATGTTTGG,PBMC-06-1,PSA05,PSA,SNG,TRUE
AGAACCTGTCGCTGCA,PBMC-06-1,PSA12,PSA,SNG,FALSE
AGAACCTGTGAATGAT,PBMC-06-1,PSX01,PSX,SNG,FALSE
AGAACCTGTGCCGTAC,PBMC-06-1,PSA17,PSA,SNG,TRUE
AGAACCTGTGCGGCTT,PBMC-06-1,PSX04,PSX,DBL,FALSE
AGAACCTGTTCAATCG,PBMC-06-1,PSA15,PSA,SNG,TRUE
AGAACCTGTTCCACAA,PBMC-06-1,PSA17,PSA,SNG,TRUE
AGAACCTGTTTAGACC,PBMC-06-1,PSA17,PSA,SNG,TRUE
AGAACCTTCATGAGTC,PBMC-06-1,PSA16,PSA,DBL,FALSE
AGAACCTTCTGTGCGG,PBMC-06-1,PSO12,PSO,SNG,TRUE
AGAAGCGCACCCAAGC,PBMC-06-1,PSA17,PSA,SNG,TRUE
AGAAGCGGTACGAAAT,PBMC-06-1,PSA12,PSA,SNG,TRUE
AGAAGCGGTAGGAGGG,PBMC-06-1,PSA15,PSA,SNG,TRUE
AGAAGCGGTAGTGATA,PBMC-06-1,PSA15,PSA,DBL,FALSE
AGAAGCGGTCGCTTAA,PBMC-06-1,PSO12,PSO,SNG,FALSE
AGAAGCGGTCGTCATA,PBMC-06-1,PSA07,PSA,SNG,TRUE
AGAAGCGGTCTGTCAA,PBMC-06-1,PSA07,PSA,SNG,FALSE
AGAAGCGGTGAAAGTT,PBMC-06-1,PSA15,PSA,SNG,TRUE
AGAAGCGGTTGTAAAG,PBMC-06-1,PSA06,PSA,DBL,FALSE
AGAAGCGGTTTAGTCG,PBMC-06-1,PSA03,PSA,DBL,FALSE
AGAAGTAAGAGGTCAC,PBMC-06-1,PSA05,PSA,SNG,TRUE
AGAAGTAAGCAACAGC,PBMC-06-1,PSO12,PSO,SNG,FALSE
AGAAGTAAGCGGACAT,PBMC-06-1,PSA14,PSA,SNG,FALSE
AGAAGTAAGCTAAATG,PBMC-06-1,PSA06,PSA,SNG,TRUE
AGAAGTAAGCTAATCC,PBMC-06-1,PSA13,PSA,DBL,FALSE
AGAAGTACAACGCATT,PBMC-06-1,PSA17,PSA,SNG,TRUE
AGAAGTACAAGACTGG,PBMC-06-1,PSA02,PSA,SNG,TRUE
AGAAGTACACCAAAGG,PBMC-06-1,PSO15,PSO,SNG,TRUE
AGAAGTACAGTAGTTC,PBMC-06-1,PSA02,PSA,SNG,TRUE
AGAAGTACAGTCGGTC,PBMC-06-1,PSX01,PSX,SNG,TRUE
AGAAGTACATCTCAAG,PBMC-06-1,PSO15,PSO,SNG,FALSE
AGAAGTACATCTCATT,PBMC-06-1,PSX04,PSX,SNG,TRUE
AGAAGTACATGGCTGC,PBMC-06-1,PSA07,PSA,AMB,FALSE
AGAAGTACATTGGCAT,PBMC-06-1,PSA05,PSA,SNG,TRUE
AGAAGTAGTACGTAGG,PBMC-06-1,PSA04,PSA,DBL,FALSE
AGAAGTAGTAGCCCTG,PBMC-06-1,PSO15,PSO,SNG,TRUE
AGAAGTAGTATTAAGG,PBMC-06-1,PSO15,PSO,SNG,TRUE
AGAAGTAGTCCTATAG,PBMC-06-1,PSA02,PSA,SNG,TRUE
AGAAGTAGTTGAAGTA,PBMC-06-1,PSA16,PSA,SNG,TRUE
AGAAGTATCATTTGCT,PBMC-06-1,PSA04,PSA,SNG,TRUE
AGAAGTATCCCGTTCA,PBMC-06-1,PSO14,PSO,DBL,FALSE
AGAAGTATCGCGGTAC,PBMC-06-1,PSA05,PSA,SNG,FALSE
AGAAGTATCGTTCCTG,PBMC-06-1,PSA17,PSA,SNG,TRUE
AGAAGTATCGTTTACT,PBMC-06-1,PSA12,PSA,SNG,TRUE
AGACAAAAGATTCGAA,PBMC-06-1,PSA02,PSA,DBL,FALSE
AGACAAAAGTGAGCCA,PBMC-06-1,PSA14,PSA,SNG,TRUE
AGACAAACACATACTG,PBMC-06-1,PSA06,PSA,SNG,TRUE
AGACAAACAGACCTGC,PBMC-06-1,PSA04,PSA,DBL,FALSE
AGACAAACATAAGCGG,PBMC-06-1,PSA04,PSA,SNG,TRUE
AGACAAAGTAATTAGG,PBMC-06-1,PSO12,PSO,SNG,TRUE
AGACAAAGTACGGTTT,PBMC-06-1,PSA16,PSA,SNG,TRUE
AGACAAAGTGGAAATT,PBMC-06-1,PSA02,PSA,DBL,FALSE
AGACAAAGTGGATACG,PBMC-06-1,PSO15,PSO,SNG,TRUE
AGACAAAGTGTGTACT,PBMC-06-1,PSA06,PSA,SNG,FALSE
AGACAAAGTTGGTGTT,PBMC-06-1,PSO15,PSO,DBL,FALSE
AGACAAAGTTGTATGC,PBMC-06-1,PSA06,PSA,DBL,FALSE
AGACAAATCATCTCTA,PBMC-06-1,PSO11,PSO,SNG,TRUE
AGACAAATCATGGCCG,PBMC-06-1,PSA02,PSA,SNG,TRUE
AGACAAATCGGTAGAG,PBMC-06-1,PSX04,PSX,SNG,TRUE
AGACAAATCTCTCCGA,PBMC-06-1,PSO14,PSO,SNG,TRUE
AGACAAATCTTAAGGC,PBMC-06-1,PSA02,PSA,SNG,TRUE
AGACACTAGAGAGTGA,PBMC-06-1,PSX01,PSX,SNG,TRUE
AGACACTAGCAGCACA,PBMC-06-1,PSA13,PSA,DBL,FALSE
AGACACTAGGCATCGA,PBMC-06-1,PSA16,PSA,SNG,TRUE
AGACACTAGGCCCAAA,PBMC-06-1,PSA17,PSA,SNG,TRUE
AGACACTAGGGACAGG,PBMC-06-1,PSA05,PSA,SNG,TRUE
AGACACTAGGGATCTG,PBMC-06-1,PSA07,PSA,SNG,TRUE
AGACACTAGGTCGAGT,PBMC-06-1,PSA07,PSA,SNG,TRUE
AGACACTAGGTGCAGT,PBMC-06-1,PSA14,PSA,SNG,TRUE
AGACACTAGTGATCGG,PBMC-06-1,PSA12,PSA,SNG,TRUE
AGACACTAGTTTCTTC,PBMC-06-1,PSA05,PSA,SNG,TRUE
AGACACTCAAGAGTGC,PBMC-06-1,PSO15,PSO,SNG,TRUE
AGACACTCAAGCAATA,PBMC-06-1,PSA03,PSA,SNG,FALSE
AGACACTCAAGCACAG,PBMC-06-1,PSA07,PSA,SNG,TRUE
AGACACTCACAGCTGC,PBMC-06-1,PSO11,PSO,SNG,TRUE
AGACACTCACGCGGTT,PBMC-06-1,PSX04,PSX,SNG,TRUE
AGACACTCAGGCATTT,PBMC-06-1,PSA16,PSA,SNG,TRUE
AGACACTCATTCTCTA,PBMC-06-1,PSA05,PSA,DBL,FALSE
AGACACTGTGCGTTTA,PBMC-06-1,PSX04,PSX,SNG,TRUE
AGACACTGTTCCACAA,PBMC-06-1,PSA03,PSA,SNG,TRUE
AGACACTTCACAAGAA,PBMC-06-1,PSA06,PSA,SNG,TRUE
AGACACTTCACCGGGT,PBMC-06-1,PSA16,PSA,SNG,FALSE
AGACACTTCCGGTAGC,PBMC-06-1,PSO14,PSO,SNG,FALSE
AGACACTTCGGCTGTG,PBMC-06-1,PSX04,PSX,AMB,FALSE
AGACACTTCGGCTTGG,PBMC-06-1,PSA12,PSA,SNG,TRUE
AGACACTTCTTGGATG,PBMC-06-1,PSA17,PSA,SNG,TRUE
AGACAGGAGGATACAT,PBMC-06-1,PSA15,PSA,DBL,FALSE
AGACAGGCAAGGTCAG,PBMC-06-1,PSA04,PSA,SNG,FALSE
AGACAGGCACCATAAC,PBMC-06-1,PSO15,PSO,SNG,TRUE
AGACAGGCACCCTATC,PBMC-06-1,PSA04,PSA,SNG,TRUE
AGACAGGCAGACCATT,PBMC-06-1,PSO11,PSO,SNG,TRUE
AGACAGGCAGCTGTCG,PBMC-06-1,PSX01,PSX,SNG,FALSE
AGACAGGCATCTCGTC,PBMC-06-1,PSA05,PSA,SNG,TRUE
AGACAGGCATGGCCCA,PBMC-06-1,PSA16,PSA,SNG,TRUE
AGACAGGCATGTAACC,PBMC-06-1,PSO14,PSO,SNG,TRUE
AGACAGGGTCGACTTA,PBMC-06-1,PSA07,PSA,SNG,TRUE
AGACAGGGTCTCGACG,PBMC-06-1,PSA04,PSA,SNG,TRUE
AGACAGGGTGGATCAG,PBMC-06-1,PSO16,PSO,SNG,TRUE
AGACAGGGTTCTCAGA,PBMC-06-1,PSA07,PSA,DBL,FALSE
AGACAGGTCATCACCC,PBMC-06-1,PSA02,PSA,SNG,TRUE
AGACAGGTCGCAACAT,PBMC-06-1,PSA14,PSA,SNG,TRUE
AGACAGGTCTAACGGT,PBMC-06-1,PSO13,PSO,SNG,FALSE
AGACCATAGAAAGCGA,PBMC-06-1,PSA05,PSA,SNG,TRUE
AGACCATAGAATGTTG,PBMC-06-1,PSA03,PSA,SNG,TRUE
AGACCATAGAGTTGCG,PBMC-06-1,PSA14,PSA,SNG,TRUE
AGACCATAGGGATCTG,PBMC-06-1,PSA17,PSA,SNG,TRUE
AGACCATAGTACTGTC,PBMC-06-1,PSA16,PSA,SNG,FALSE
AGACCATAGTGATCGG,PBMC-06-1,PSX01,PSX,DBL,FALSE
AGACCATCAACAAGAT,PBMC-06-1,PSO14,PSO,AMB,FALSE
AGACCATCAATGCTCA,PBMC-06-1,PSA02,PSA,SNG,TRUE
AGACCATCACGTACAT,PBMC-06-1,PSA17,PSA,SNG,TRUE
AGACCATCACTGTCGG,PBMC-06-1,PSA12,PSA,SNG,TRUE
AGACCATCAGAAGCTG,PBMC-06-1,PSX04,PSX,SNG,TRUE
AGACCATCAGCAGTTT,PBMC-06-1,PSO11,PSO,SNG,TRUE
AGACCATGTAGTCGGA,PBMC-06-1,PSA14,PSA,DBL,FALSE
AGACCATGTGCAGATG,PBMC-06-1,PSO16,PSO,SNG,TRUE
AGACCATGTGCGAACA,PBMC-06-1,PSO12,PSO,SNG,TRUE
AGACCATGTGTGCTTA,PBMC-06-1,PSA02,PSA,DBL,FALSE
AGACCATTCAAGCCCG,PBMC-06-1,PSX04,PSX,DBL,FALSE
AGACCATTCAAGTGGG,PBMC-06-1,PSO14,PSO,SNG,TRUE
AGACCATTCCAGCACG,PBMC-06-1,PSO16,PSO,AMB,FALSE
AGACCATTCCGCAAAT,PBMC-06-1,PSX04,PSX,SNG,TRUE
AGACCATTCCGCTTAC,PBMC-06-1,PSO15,PSO,SNG,TRUE
AGACCATTCCTTACCG,PBMC-06-1,PSX04,PSX,SNG,TRUE
AGACCATTCGAATGCT,PBMC-06-1,PSA14,PSA,SNG,TRUE
AGACCATTCGCTAAAC,PBMC-06-1,PSA16,PSA,SNG,TRUE
AGACCATTCGCTTGAA,PBMC-06-1,PSA15,PSA,DBL,FALSE
AGACCATTCGTAGAGG,PBMC-06-1,PSA04,PSA,SNG,TRUE
AGACCATTCTCTCTAA,PBMC-06-1,PSA15,PSA,SNG,TRUE
AGACCCGAGCTGGCCT,PBMC-06-1,PSA03,PSA,SNG,FALSE
AGACCCGAGGTTTACC,PBMC-06-1,PSA15,PSA,SNG,TRUE
AGACCCGAGTAAACAC,PBMC-06-1,PSA02,PSA,SNG,TRUE
AGACCCGAGTGCACAG,PBMC-06-1,PSX01,PSX,SNG,TRUE
AGACCCGCAACGGCCT,PBMC-06-1,PSO12,PSO,DBL,FALSE
AGACCCGCACTCATAG,PBMC-06-1,PSA17,PSA,SNG,TRUE
AGACCCGCATAGGTAA,PBMC-06-1,PSA17,PSA,SNG,FALSE
AGACCCGCATCAGCTA,PBMC-06-1,PSO11,PSO,DBL,FALSE
AGACCCGGTATCAGCT,PBMC-06-1,PSX01,PSX,DBL,FALSE
AGACCCGGTCTACGTA,PBMC-06-1,PSA02,PSA,DBL,FALSE
AGACCCGGTGGCACTC,PBMC-06-1,PSA02,PSA,DBL,FALSE
AGACCCGTCAATCCAG,PBMC-06-1,PSO11,PSO,SNG,TRUE
AGACCCGTCACCTGGG,PBMC-06-1,PSA12,PSA,SNG,TRUE
AGACCCGTCAGGGATG,PBMC-06-1,PSA07,PSA,SNG,TRUE
AGACCCGTCATGCTAG,PBMC-06-1,PSA06,PSA,SNG,TRUE
AGACCCGTCCACATAG,PBMC-06-1,PSA02,PSA,SNG,TRUE
AGACCCGTCTCCGCAT,PBMC-06-1,PSA04,PSA,SNG,TRUE
AGACCCGTCTCTCCGA,PBMC-06-1,PSO15,PSO,SNG,TRUE
AGACCCGTCTGAATGC,PBMC-06-1,PSX01,PSX,SNG,FALSE
AGACCCGTCTTGATTC,PBMC-06-1,PSA14,PSA,SNG,TRUE
AGACTCACAAAGGGTC,PBMC-06-1,PSA02,PSA,SNG,TRUE
AGACTCACAAATTAGG,PBMC-06-1,PSA02,PSA,SNG,TRUE
AGACTCACAAGAGTAT,PBMC-06-1,PSX04,PSX,SNG,TRUE
AGACTCACACGTTGGC,PBMC-06-1,PSA07,PSA,SNG,TRUE
AGACTCACACTGGCGT,PBMC-06-1,PSA17,PSA,SNG,TRUE
AGACTCAGTAAGCAAT,PBMC-06-1,PSA13,PSA,SNG,TRUE
AGACTCAGTGACGTCC,PBMC-06-1,PSO12,PSO,SNG,TRUE
AGACTCAGTGCAATAA,PBMC-06-1,PSX04,PSX,SNG,FALSE
AGACTCAGTGGAGAAA,PBMC-06-1,PSA13,PSA,AMB,FALSE
AGACTCAGTGGTATGG,PBMC-06-1,PSA02,PSA,SNG,TRUE
AGACTCAGTTGGAGAC,PBMC-06-1,PSA07,PSA,DBL,FALSE
AGAGAATAGACCTCCG,PBMC-06-1,PSX01,PSX,SNG,TRUE
AGAGAATAGATCACTC,PBMC-06-1,PSA05,PSA,DBL,FALSE
AGAGAATAGCTGTTAC,PBMC-06-1,PSO14,PSO,DBL,FALSE
AGAGAATAGCTTCATG,PBMC-06-1,PSA07,PSA,SNG,TRUE
AGAGAATAGGCCGCTT,PBMC-06-1,PSA03,PSA,AMB,FALSE
AGAGAATAGTGCCTCG,PBMC-06-1,PSA04,PSA,SNG,TRUE
AGAGAATCAACGGGTA,PBMC-06-1,PSA02,PSA,SNG,FALSE
AGAGAATCAACTCGTA,PBMC-06-1,PSA07,PSA,SNG,TRUE
AGAGAATCAATCAGCT,PBMC-06-1,PSA16,PSA,DBL,FALSE
AGAGAATCAGACTGCC,PBMC-06-1,PSA17,PSA,SNG,TRUE
AGAGAATCAGGCGAAT,PBMC-06-1,PSO13,PSO,SNG,TRUE
AGAGAATCATAGACTC,PBMC-06-1,PSA04,PSA,SNG,TRUE
AGAGAATGTACGTGTT,PBMC-06-1,PSA05,PSA,SNG,TRUE
AGAGAATGTATGACAA,PBMC-06-1,PSA05,PSA,SNG,FALSE
AGAGAATGTGAGTTTC,PBMC-06-1,PSO14,PSO,SNG,TRUE
AGAGAATGTTTACCTT,PBMC-06-1,PSA14,PSA,SNG,TRUE
AGAGAATTCCACAAGT,PBMC-06-1,PSX01,PSX,SNG,TRUE
AGAGAATTCCCGAATA,PBMC-06-1,PSA16,PSA,DBL,FALSE
AGAGAATTCCCTCAAC,PBMC-06-1,PSO11,PSO,DBL,FALSE
AGAGAATTCGCTGACG,PBMC-06-1,PSA13,PSA,SNG,TRUE
AGAGAATTCGGATACT,PBMC-06-1,PSA05,PSA,DBL,FALSE
AGAGAATTCTCGCTTG,PBMC-06-1,PSO15,PSO,SNG,TRUE
AGAGAGCAGAGCATCG,PBMC-06-1,PSX04,PSX,SNG,TRUE
AGAGAGCAGATGTTGA,PBMC-06-1,PSA07,PSA,SNG,TRUE
AGAGAGCAGGAACGAA,PBMC-06-1,PSA05,PSA,SNG,TRUE
AGAGAGCCAAAGAACT,PBMC-06-1,PSA16,PSA,SNG,TRUE
AGAGAGCCAAATTAGG,PBMC-06-1,PSX04,PSX,SNG,TRUE
AGAGAGCCAAGGCCTC,PBMC-06-1,PSA15,PSA,SNG,TRUE
AGAGAGCCACGTTGGC,PBMC-06-1,PSA05,PSA,SNG,FALSE
AGAGAGCCACTAAACC,PBMC-06-1,PSA04,PSA,SNG,TRUE
AGAGAGCCAGCTGGTC,PBMC-06-1,PSA17,PSA,DBL,FALSE
AGAGAGCCAGTAGAGC,PBMC-06-1,PSA17,PSA,SNG,TRUE
AGAGAGCCATTAAGCC,PBMC-06-1,PSO15,PSO,SNG,FALSE
AGAGAGCGTAATGTGA,PBMC-06-1,PSA12,PSA,SNG,FALSE
AGAGAGCGTACAAAGT,PBMC-06-1,PSA05,PSA,DBL,FALSE
AGAGAGCGTACCGGCT,PBMC-06-1,PSA14,PSA,SNG,TRUE
AGAGAGCGTAGACGGT,PBMC-06-1,PSO14,PSO,SNG,TRUE
AGAGAGCGTAGGACCA,PBMC-06-1,PSX04,PSX,SNG,TRUE
AGAGAGCGTGAGTTTC,PBMC-06-1,PSA17,PSA,SNG,TRUE
AGAGAGCGTGGCACTC,PBMC-06-1,PSA13,PSA,SNG,TRUE
AGAGAGCGTTAGCGGA,PBMC-06-1,PSA07,PSA,DBL,FALSE
AGAGAGCGTTCCTACC,PBMC-06-1,PSA02,PSA,SNG,TRUE
AGAGAGCGTTCGTACA,PBMC-06-1,PSA15,PSA,SNG,TRUE
AGAGAGCGTTGCGGCT,PBMC-06-1,PSA13,PSA,SNG,TRUE
AGAGAGCGTTGTCCCT,PBMC-06-1,PSA04,PSA,DBL,FALSE
AGAGAGCTCACAAGGG,PBMC-06-1,PSA05,PSA,DBL,FALSE
AGAGAGCTCGCCGATG,PBMC-06-1,PSA14,PSA,SNG,TRUE
AGAGCAGAGACTACCT,PBMC-06-1,PSA16,PSA,SNG,FALSE
AGAGCAGAGCCGAACA,PBMC-06-1,PSX01,PSX,SNG,TRUE
AGAGCAGAGTCAGAGC,PBMC-06-1,PSX01,PSX,SNG,TRUE
AGAGCAGAGTTGCCCG,PBMC-06-1,PSA04,PSA,SNG,TRUE
AGAGCAGCAAATCGGG,PBMC-06-1,PSO15,PSO,SNG,TRUE
AGAGCAGCAACACTAC,PBMC-06-1,PSA02,PSA,AMB,FALSE
AGAGCAGCAAGTTTGC,PBMC-06-1,PSA04,PSA,SNG,TRUE
AGAGCAGCACACGGAA,PBMC-06-1,PSA05,PSA,SNG,TRUE
AGAGCAGCACCGTACG,PBMC-06-1,PSO15,PSO,SNG,TRUE
AGAGCAGCACTGTTCC,PBMC-06-1,PSA16,PSA,SNG,TRUE
AGAGCAGCAGAGTGAC,PBMC-06-1,PSO15,PSO,SNG,TRUE
AGAGCAGCAGCTCATA,PBMC-06-1,PSA16,PSA,DBL,FALSE
AGAGCAGCAGGACTAG,PBMC-06-1,PSA14,PSA,SNG,TRUE
AGAGCAGCAGTTGCGC,PBMC-06-1,PSO14,PSO,AMB,FALSE
AGAGCAGCATAGGCGA,PBMC-06-1,PSA05,PSA,SNG,TRUE
AGAGCAGCATCTGGGC,PBMC-06-1,PSA12,PSA,DBL,FALSE
AGAGCAGGTATCAGGG,PBMC-06-1,PSO15,PSO,SNG,TRUE
AGAGCAGGTCCCTAAA,PBMC-06-1,PSA02,PSA,SNG,FALSE
AGAGCAGGTCGCTTGG,PBMC-06-1,PSA12,PSA,SNG,TRUE
AGAGCAGGTGAATGTA,PBMC-06-1,PSA03,PSA,SNG,TRUE
AGAGCAGGTGAGACCA,PBMC-06-1,PSA04,PSA,SNG,TRUE
AGAGCAGGTGCGTGCT,PBMC-06-1,PSO13,PSO,SNG,TRUE
AGAGCAGGTTTGGAGG,PBMC-06-1,PSA03,PSA,SNG,TRUE
AGAGCAGGTTTGTGGT,PBMC-06-1,PSA12,PSA,AMB,FALSE
AGAGCAGTCATATGGC,PBMC-06-1,PSA13,PSA,SNG,TRUE
AGAGCAGTCCACCCTA,PBMC-06-1,PSA06,PSA,SNG,TRUE
AGAGCAGTCTCAGTCC,PBMC-06-1,PSA14,PSA,SNG,TRUE
AGAGCAGTCTCTATGT,PBMC-06-1,PSA07,PSA,SNG,TRUE
AGAGCCCAGACTAAGT,PBMC-06-1,PSO11,PSO,DBL,FALSE
AGAGCCCAGCTAATGA,PBMC-06-1,PSO13,PSO,DBL,FALSE
AGAGCCCAGGATAATC,PBMC-06-1,PSX01,PSX,SNG,TRUE
AGAGCCCAGGCATGGT,PBMC-06-1,PSA13,PSA,SNG,TRUE
AGAGCCCAGGTAGTAT,PBMC-06-1,PSA04,PSA,SNG,TRUE
AGAGCCCAGTCAGGGT,PBMC-06-1,PSX01,PSX,SNG,FALSE
AGAGCCCCAACGCATT,PBMC-06-1,PSA17,PSA,DBL,FALSE
AGAGCCCCACAGTCAT,PBMC-06-1,PSO14,PSO,SNG,FALSE
AGAGCCCCAGCTGTTA,PBMC-06-1,PSA17,PSA,SNG,FALSE
AGAGCCCGTAACATAG,PBMC-06-1,PSX01,PSX,SNG,TRUE
AGAGCCCGTAAGCGGT,PBMC-06-1,PSA07,PSA,SNG,TRUE
AGAGCCCGTCCCTCAT,PBMC-06-1,PSA02,PSA,SNG,TRUE
AGAGCCCGTGTATACC,PBMC-06-1,PSX04,PSX,SNG,TRUE
AGAGCCCGTTAGAGAT,PBMC-06-1,PSA03,PSA,SNG,TRUE
AGAGCCCTCAACGAGG,PBMC-06-1,PSA03,PSA,SNG,TRUE
AGAGCCCTCATTGCCC,PBMC-06-1,PSA02,PSA,SNG,TRUE
AGAGCCCTCGAGAAAT,PBMC-06-1,PSA14,PSA,DBL,FALSE
AGAGCCCTCGCCAATA,PBMC-06-1,PSA02,PSA,SNG,TRUE
AGAGCCCTCTCCGCAT,PBMC-06-1,PSA05,PSA,SNG,TRUE
AGAGCCCTCTGTTCAT,PBMC-06-1,PSX01,PSX,SNG,TRUE
AGATAGAAGATGAATC,PBMC-06-1,PSO15,PSO,SNG,FALSE
AGATAGAAGCACTCAT,PBMC-06-1,PSA16,PSA,SNG,TRUE
AGATAGAAGCGACTGA,PBMC-06-1,PSA13,PSA,DBL,FALSE
AGATAGAAGGTACAGC,PBMC-06-1,PSA17,PSA,SNG,TRUE
AGATAGAAGTAGAGTT,PBMC-06-1,PSA16,PSA,SNG,TRUE
AGATAGAAGTATAACG,PBMC-06-1,PSA05,PSA,SNG,FALSE
AGATAGAAGTGTAGAT,PBMC-06-1,PSA17,PSA,SNG,TRUE
AGATAGACAACACGAG,PBMC-06-1,PSA16,PSA,SNG,TRUE
AGATAGACAACGTATC,PBMC-06-1,PSO15,PSO,SNG,TRUE
AGATAGACACGGATCC,PBMC-06-1,PSX01,PSX,SNG,TRUE
AGATAGACACTCGATA,PBMC-06-1,PSA07,PSA,SNG,TRUE
AGATAGACATAACCCA,PBMC-06-1,PSA05,PSA,SNG,FALSE
AGATAGACATCAGTCA,PBMC-06-1,PSA17,PSA,SNG,TRUE
AGATAGAGTATGTCTG,PBMC-06-1,PSX01,PSX,SNG,FALSE
AGATAGAGTCCACATA,PBMC-06-1,PSA17,PSA,SNG,TRUE
AGATAGAGTCGCATGC,PBMC-06-1,PSO12,PSO,SNG,TRUE
AGATAGAGTGACATCT,PBMC-06-1,PSA03,PSA,SNG,TRUE
AGATAGAGTGGCCTCA,PBMC-06-1,PSO15,PSO,SNG,TRUE
AGATAGATCAAAGGAT,PBMC-06-1,PSA17,PSA,SNG,TRUE
AGATAGATCTTCCGTG,PBMC-06-1,PSA13,PSA,SNG,TRUE
AGATCCACAACGTATC,PBMC-06-1,PSA12,PSA,SNG,TRUE
AGATCCACACCATTCC,PBMC-06-1,PSA07,PSA,SNG,TRUE
AGATCCACAGGACTTT,PBMC-06-1,PSA07,PSA,SNG,TRUE
AGATCCACATGATAGA,PBMC-06-1,PSO15,PSO,SNG,FALSE
AGATCCAGTACAATAG,PBMC-06-1,PSX01,PSX,SNG,FALSE
AGATCCAGTAGATTAG,PBMC-06-1,PSA03,PSA,SNG,TRUE
AGATCCAGTCGCTTGG,PBMC-06-1,PSO16,PSO,SNG,TRUE
AGATCCAGTCGGTAAG,PBMC-06-1,PSA16,PSA,SNG,TRUE
AGATCCAGTTAAGTCC,PBMC-06-1,PSA16,PSA,SNG,TRUE
AGATCCATCACGGTCG,PBMC-06-1,PSA16,PSA,SNG,TRUE
AGATCCATCCAAGCAT,PBMC-06-1,PSO11,PSO,SNG,TRUE
AGATCCATCCGCTAGG,PBMC-06-1,PSA05,PSA,SNG,FALSE
AGATCCATCGCCAACG,PBMC-06-1,PSA06,PSA,SNG,TRUE
AGATCCATCGTAGCTA,PBMC-06-1,PSA12,PSA,SNG,TRUE
AGATCCATCTCGGTAA,PBMC-06-1,PSA07,PSA,SNG,TRUE
AGATCGTAGCAGGCAT,PBMC-06-1,PSA07,PSA,SNG,TRUE
AGATCGTAGCCAGTAG,PBMC-06-1,PSA17,PSA,SNG,TRUE
AGATCGTAGGCATCAG,PBMC-06-1,PSA04,PSA,SNG,TRUE
AGATCGTAGGGACAGG,PBMC-06-1,PSX01,PSX,SNG,TRUE
AGATCGTAGTGCTCAT,PBMC-06-1,PSO15,PSO,SNG,TRUE
AGATCGTCACAATTCG,PBMC-06-1,PSA04,PSA,SNG,TRUE
AGATCGTCACATTCGA,PBMC-06-1,PSA17,PSA,SNG,FALSE
AGATCGTCAGGCACTC,PBMC-06-1,PSX01,PSX,SNG,TRUE
AGATCGTCATCGGAAG,PBMC-06-1,PSA16,PSA,SNG,TRUE
AGATCGTGTATACCTG,PBMC-06-1,PSA16,PSA,SNG,TRUE
AGATCGTGTCAACCTA,PBMC-06-1,PSA06,PSA,DBL,FALSE
AGATCGTGTGGGATTG,PBMC-06-1,PSA07,PSA,SNG,FALSE
AGATCGTGTTAAAGTG,PBMC-06-1,PSO16,PSO,SNG,TRUE
AGATCGTGTTAGGGAC,PBMC-06-1,PSA17,PSA,SNG,TRUE
AGATCGTGTTATTCTC,PBMC-06-1,PSO15,PSO,SNG,TRUE
AGATCGTGTTCGGCTG,PBMC-06-1,PSA07,PSA,SNG,TRUE
AGATCGTGTTGCTAGT,PBMC-06-1,PSO15,PSO,SNG,TRUE
AGATCGTTCATTACCT,PBMC-06-1,PSA14,PSA,SNG,TRUE
AGATCGTTCCTAACAG,PBMC-06-1,PSA17,PSA,SNG,TRUE
AGATCGTTCGGACAAG,PBMC-06-1,PSA13,PSA,DBL,FALSE
AGATGAAAGAATTGTG,PBMC-06-1,PSO15,PSO,SNG,TRUE
AGATGAAAGTCTAGCT,PBMC-06-1,PSA17,PSA,SNG,TRUE
AGATGAACACTCATAG,PBMC-06-1,PSA13,PSA,SNG,TRUE
AGATGAACAGGCATGA,PBMC-06-1,PSA12,PSA,SNG,TRUE
AGATGAAGTAACTGCT,PBMC-06-1,PSX01,PSX,SNG,FALSE
AGATGAAGTAGCTTTG,PBMC-06-1,PSO15,PSO,DBL,FALSE
AGATGAAGTCACGACC,PBMC-06-1,PSA07,PSA,SNG,TRUE
AGATGAAGTCGCATGC,PBMC-06-1,PSO11,PSO,SNG,FALSE
AGATGAAGTTAGAGAT,PBMC-06-1,PSA02,PSA,DBL,FALSE
AGATGAAGTTGACTAC,PBMC-06-1,PSA02,PSA,SNG,TRUE
AGATGAATCATCTGTT,PBMC-06-1,PSA02,PSA,SNG,TRUE
AGATGAATCCCAGGAC,PBMC-06-1,PSA02,PSA,DBL,FALSE
AGATGAATCCGTAGTA,PBMC-06-1,PSA17,PSA,DBL,FALSE
AGATGAATCGACGACC,PBMC-06-1,PSA12,PSA,SNG,TRUE
AGATGAATCGTGGCTG,PBMC-06-1,PSA03,PSA,SNG,TRUE
AGATGAATCGTGTGGC,PBMC-06-1,PSA07,PSA,SNG,FALSE
AGATGAATCTACACTT,PBMC-06-1,PSA16,PSA,DBL,FALSE
AGATGAATCTATGTGG,PBMC-06-1,PSA06,PSA,SNG,TRUE
AGATGCTAGCTCGGCT,PBMC-06-1,PSX01,PSX,SNG,FALSE
AGATGCTAGTAGGGTC,PBMC-06-1,PSO11,PSO,DBL,FALSE
AGATGCTAGTCACTCA,PBMC-06-1,PSX01,PSX,SNG,TRUE
AGATGCTCAAATGCTC,PBMC-06-1,PSA17,PSA,SNG,TRUE
AGATGCTCAATCACGT,PBMC-06-1,PSO15,PSO,SNG,TRUE
AGATGCTCAGGAATCG,PBMC-06-1,PSA12,PSA,DBL,FALSE
AGATGCTCAGTCGTTA,PBMC-06-1,PSO15,PSO,SNG,TRUE
AGATGCTGTAAGTAGT,PBMC-06-1,PSA14,PSA,SNG,TRUE
AGATGCTGTAGAGTTA,PBMC-06-1,PSA02,PSA,SNG,TRUE
AGATGCTGTCCGACGT,PBMC-06-1,PSA05,PSA,SNG,TRUE
AGATGCTGTCTTTCTA,PBMC-06-1,PSA07,PSA,DBL,FALSE
AGATGCTGTGCCAAGA,PBMC-06-1,PSA04,PSA,SNG,TRUE
AGATGCTGTGGCTGAA,PBMC-06-1,PSA05,PSA,DBL,FALSE
AGATGCTGTGTTACAC,PBMC-06-1,PSA16,PSA,SNG,TRUE
AGATGCTGTTACACAC,PBMC-06-1,PSA14,PSA,DBL,FALSE
AGATGCTTCAAATGAG,PBMC-06-1,PSA16,PSA,SNG,TRUE
AGATGCTTCATCGCTC,PBMC-06-1,PSA14,PSA,SNG,TRUE
AGATGCTTCGCAGTGC,PBMC-06-1,PSA16,PSA,SNG,TRUE
AGATGCTTCGCCTAGG,PBMC-06-1,PSA15,PSA,SNG,TRUE
AGATGCTTCGCCTATC,PBMC-06-1,PSO15,PSO,SNG,TRUE
AGATGCTTCTTCGCTG,PBMC-06-1,PSA12,PSA,DBL,FALSE
AGCATCAAGACTGTTC,PBMC-06-1,PSO13,PSO,SNG,FALSE
AGCATCAAGGTCTGGA,PBMC-06-1,PSA12,PSA,SNG,TRUE
AGCATCACAAAGACTA,PBMC-06-1,PSA12,PSA,SNG,TRUE
AGCATCACACCCAATA,PBMC-06-1,PSX01,PSX,SNG,TRUE
AGCATCACATACCAGT,PBMC-06-1,PSA16,PSA,SNG,FALSE
AGCATCACATGCACTA,PBMC-06-1,PSA02,PSA,SNG,TRUE
AGCATCACATTGACCA,PBMC-06-1,PSO15,PSO,SNG,FALSE
AGCATCAGTTTCGTAG,PBMC-06-1,PSA07,PSA,DBL,FALSE
AGCATCATCCTGGGAC,PBMC-06-1,PSA16,PSA,SNG,TRUE
AGCATCATCTAACACG,PBMC-06-1,PSO15,PSO,SNG,TRUE
AGCATCATCTTAATCC,PBMC-06-1,PSA02,PSA,SNG,TRUE
AGCATCATCTTGATTC,PBMC-06-1,PSA17,PSA,SNG,FALSE
AGCCAATAGAGCAGAA,PBMC-06-1,PSX01,PSX,SNG,TRUE
AGCCAATAGGAACGCT,PBMC-06-1,PSA07,PSA,SNG,TRUE
AGCCAATCAAATAGCA,PBMC-06-1,PSA05,PSA,SNG,TRUE
AGCCAATCAGACACAG,PBMC-06-1,PSX04,PSX,SNG,TRUE
AGCCAATCAGCGACAA,PBMC-06-1,PSA02,PSA,DBL,FALSE
AGCCAATCAGCTGGTC,PBMC-06-1,PSA16,PSA,SNG,TRUE
AGCCAATCATACAGCT,PBMC-06-1,PSA02,PSA,SNG,TRUE
AGCCAATCATTATGCG,PBMC-06-1,PSA16,PSA,DBL,FALSE
AGCCAATGTAGTGCGA,PBMC-06-1,PSX01,PSX,SNG,FALSE
AGCCAATGTCACGTGC,PBMC-06-1,PSA06,PSA,SNG,FALSE
AGCCAATGTTATAGCC,PBMC-06-1,PSA05,PSA,SNG,TRUE
AGCCAATTCAGCAGAG,PBMC-06-1,PSA07,PSA,SNG,TRUE
AGCCAATTCCCGAGTG,PBMC-06-1,PSO12,PSO,SNG,FALSE
AGCCAATTCGTTTACT,PBMC-06-1,PSA06,PSA,DBL,FALSE
AGCCACGAGACTTCGT,PBMC-06-1,PSA16,PSA,SNG,TRUE
AGCCACGAGCAAGGAA,PBMC-06-1,PSA16,PSA,SNG,TRUE
AGCCACGCAAACCACT,PBMC-06-1,PSO16,PSO,AMB,FALSE
AGCCACGCAGAGTGAC,PBMC-06-1,PSO15,PSO,SNG,TRUE
AGCCACGCATATCGGT,PBMC-06-1,PSO11,PSO,DBL,FALSE
AGCCACGCATGAAGGC,PBMC-06-1,PSA15,PSA,SNG,TRUE
AGCCACGGTCAGCTTA,PBMC-06-1,PSX04,PSX,SNG,TRUE
AGCCACGGTCGCGTCA,PBMC-06-1,PSA06,PSA,SNG,FALSE
AGCCACGGTCTTGCGG,PBMC-06-1,PSX01,PSX,SNG,FALSE
AGCCACGGTGATACCT,PBMC-06-1,PSA02,PSA,SNG,TRUE
AGCCACGGTGGTTCTA,PBMC-06-1,PSX04,PSX,SNG,TRUE
AGCCACGGTGTACAGG,PBMC-06-1,PSO15,PSO,SNG,TRUE
AGCCACGTCAAGCCAT,PBMC-06-1,PSX01,PSX,DBL,FALSE
AGCCACGTCACTACTT,PBMC-06-1,PSA16,PSA,DBL,FALSE
AGCCACGTCAGGTGTT,PBMC-06-1,PSA16,PSA,SNG,FALSE
AGCCACGTCCACAGGC,PBMC-06-1,PSO15,PSO,SNG,TRUE
AGCCAGCAGAGAGCGG,PBMC-06-1,PSA14,PSA,SNG,TRUE
AGCCAGCAGCGTCAGA,PBMC-06-1,PSX01,PSX,SNG,TRUE
AGCCAGCAGCTGGCTC,PBMC-06-1,PSA16,PSA,SNG,TRUE
AGCCAGCAGTCAGCGA,PBMC-06-1,PSO15,PSO,SNG,TRUE
AGCCAGCAGTCGCCAC,PBMC-06-1,PSA07,PSA,SNG,TRUE
AGCCAGCCAAGAGTTA,PBMC-06-1,PSO15,PSO,DBL,FALSE
AGCCAGCCAAGGTTGG,PBMC-06-1,PSA07,PSA,SNG,TRUE
AGCCAGCCACAAGTGG,PBMC-06-1,PSA13,PSA,SNG,TRUE
AGCCAGCCAGTAGTGG,PBMC-06-1,PSA07,PSA,SNG,TRUE
AGCCAGCCATAATCGC,PBMC-06-1,PSX01,PSX,SNG,TRUE
AGCCAGCCATCATTGG,PBMC-06-1,PSA15,PSA,SNG,TRUE
AGCCAGCCATGCGGTC,PBMC-06-1,PSA04,PSA,SNG,TRUE
AGCCAGCGTCGACTTA,PBMC-06-1,PSA13,PSA,SNG,FALSE
AGCCAGCTCATGAGAA,PBMC-06-1,PSX04,PSX,SNG,TRUE
AGCCAGCTCCCAAGCG,PBMC-06-1,PSA03,PSA,SNG,FALSE
AGCCAGCTCTCAATCT,PBMC-06-1,PSA04,PSA,AMB,FALSE
AGCCAGCTCTGGCCTT,PBMC-06-1,PSA04,PSA,SNG,FALSE
AGCGATTAGCACCAGA,PBMC-06-1,PSA02,PSA,SNG,TRUE
AGCGATTAGCGGATCA,PBMC-06-1,PSA15,PSA,SNG,TRUE
AGCGATTAGTAATACG,PBMC-06-1,PSA07,PSA,SNG,TRUE
AGCGATTAGTAGGAAG,PBMC-06-1,PSA07,PSA,SNG,TRUE
AGCGATTCAAAGAGTT,PBMC-06-1,PSA12,PSA,SNG,TRUE
AGCGATTCAACATCGT,PBMC-06-1,PSA05,PSA,SNG,TRUE
AGCGATTCACGACTAT,PBMC-06-1,PSA14,PSA,SNG,TRUE
AGCGATTCAGACCAGA,PBMC-06-1,PSA13,PSA,SNG,TRUE
AGCGATTGTCATCACA,PBMC-06-1,PSA04,PSA,SNG,TRUE
AGCGATTGTGTATTCG,PBMC-06-1,PSA16,PSA,SNG,TRUE
AGCGATTGTGTGATGG,PBMC-06-1,PSA07,PSA,SNG,FALSE
AGCGATTGTGTGTTTG,PBMC-06-1,PSA15,PSA,SNG,TRUE
AGCGATTGTTAGTCGT,PBMC-06-1,PSA17,PSA,SNG,TRUE
AGCGATTGTTATAGAG,PBMC-06-1,PSA04,PSA,SNG,TRUE
AGCGATTGTTATCCAG,PBMC-06-1,PSX01,PSX,SNG,TRUE
AGCGATTGTTTGGGAG,PBMC-06-1,PSA13,PSA,SNG,TRUE
AGCGATTTCAAGCTTG,PBMC-06-1,PSO12,PSO,SNG,TRUE
AGCGATTTCACGGGAA,PBMC-06-1,PSA03,PSA,SNG,TRUE
AGCGATTTCGCAGAGA,PBMC-06-1,PSA14,PSA,SNG,TRUE
AGCGATTTCGGTAACT,PBMC-06-1,PSA17,PSA,DBL,FALSE
AGCGATTTCTCTGCCA,PBMC-06-1,PSA16,PSA,SNG,TRUE
AGCGCCAAGCTGTTCA,PBMC-06-1,PSA16,PSA,DBL,FALSE
AGCGCCAAGGCCTGCT,PBMC-06-1,PSA14,PSA,DBL,FALSE
AGCGCCAAGGGACCAT,PBMC-06-1,PSA02,PSA,SNG,TRUE
AGCGCCAAGGGATGTC,PBMC-06-1,PSA02,PSA,DBL,FALSE
AGCGCCAAGGGCAACT,PBMC-06-1,PSO12,PSO,SNG,TRUE
AGCGCCAAGTCGTTAC,PBMC-06-1,PSA17,PSA,SNG,FALSE
AGCGCCACAAATTGCC,PBMC-06-1,PSO13,PSO,SNG,TRUE
AGCGCCACAAGTCGTT,PBMC-06-1,PSX04,PSX,SNG,TRUE
AGCGCCACAAGTTCCA,PBMC-06-1,PSO14,PSO,SNG,TRUE
AGCGCCACACCCATAA,PBMC-06-1,PSA03,PSA,SNG,TRUE
AGCGCCACACGGAAGT,PBMC-06-1,PSA17,PSA,AMB,FALSE
AGCGCCACACGGCGTT,PBMC-06-1,PSA06,PSA,DBL,FALSE
AGCGCCACACTGGATT,PBMC-06-1,PSO15,PSO,DBL,FALSE
AGCGCCACACTTTAGG,PBMC-06-1,PSA07,PSA,DBL,FALSE
AGCGCCACAGCATTGT,PBMC-06-1,PSX01,PSX,SNG,TRUE
AGCGCCAGTACTAGCT,PBMC-06-1,PSA12,PSA,SNG,TRUE
AGCGCCAGTCATCGCG,PBMC-06-1,PSX01,PSX,DBL,FALSE
AGCGCCAGTCCTGTCT,PBMC-06-1,PSX01,PSX,SNG,TRUE
AGCGCCAGTGACTAAA,PBMC-06-1,PSA06,PSA,SNG,FALSE
AGCGCCAGTGTACGCC,PBMC-06-1,PSA14,PSA,DBL,FALSE
AGCGCCATCAACTCTT,PBMC-06-1,PSA07,PSA,SNG,TRUE
AGCGCCATCAAGGACG,PBMC-06-1,PSA07,PSA,SNG,TRUE
AGCGCCATCCCTCGAT,PBMC-06-1,PSX04,PSX,SNG,TRUE
AGCGCCATCGCGGTAC,PBMC-06-1,PSA05,PSA,SNG,TRUE
AGCGCTGAGAGGGCGA,PBMC-06-1,PSO15,PSO,SNG,TRUE
AGCGCTGAGTCATAGA,PBMC-06-1,PSA03,PSA,SNG,TRUE
AGCGCTGAGTGTTGAA,PBMC-06-1,PSO11,PSO,DBL,FALSE
AGCGCTGCAACACTAC,PBMC-06-1,PSX01,PSX,SNG,TRUE
AGCGCTGCAAGGCAAC,PBMC-06-1,PSX01,PSX,SNG,TRUE
AGCGCTGCAATCGCAT,PBMC-06-1,PSO12,PSO,SNG,TRUE
AGCGCTGCACATACTG,PBMC-06-1,PSA02,PSA,SNG,TRUE
AGCGCTGCACTCCTGT,PBMC-06-1,PSA12,PSA,SNG,TRUE
AGCGCTGCATCACGGC,PBMC-06-1,PSA07,PSA,SNG,FALSE
AGCGCTGCATGCAGGA,PBMC-06-1,PSA02,PSA,SNG,FALSE
AGCGCTGGTACTGAGG,PBMC-06-1,PSA12,PSA,SNG,TRUE
AGCGCTGGTAGCCAGA,PBMC-06-1,PSA17,PSA,SNG,TRUE
AGCGCTGGTAGGACCA,PBMC-06-1,PSX01,PSX,DBL,FALSE
AGCGCTGGTATCACGT,PBMC-06-1,PSA17,PSA,SNG,FALSE
AGCGCTGGTCAATCTG,PBMC-06-1,PSO11,PSO,SNG,TRUE
AGCGCTGGTCCCGGTA,PBMC-06-1,PSX04,PSX,SNG,TRUE
AGCGCTGGTCGCCACA,PBMC-06-1,PSA17,PSA,SNG,TRUE
AGCGCTGGTCGGAAAC,PBMC-06-1,PSA06,PSA,SNG,TRUE
AGCGCTGGTCTCAAGT,PBMC-06-1,PSA02,PSA,AMB,FALSE
AGCGCTGGTGAATAAC,PBMC-06-1,PSA03,PSA,SNG,TRUE
AGCGCTGGTTACACAC,PBMC-06-1,PSX04,PSX,SNG,TRUE
AGCGCTGGTTCCACAA,PBMC-06-1,PSO15,PSO,SNG,TRUE
AGCGCTGTCATCCTGC,PBMC-06-1,PSX01,PSX,SNG,TRUE
AGCGCTGTCCAGTACA,PBMC-06-1,PSO15,PSO,SNG,TRUE
AGCGCTGTCTGGTCAA,PBMC-06-1,PSO11,PSO,DBL,FALSE
AGCGTATCAAACCGGA,PBMC-06-1,PSA05,PSA,SNG,TRUE
AGCGTATCAAGAAACT,PBMC-06-1,PSA02,PSA,SNG,TRUE
AGCGTATCAGCCTTCT,PBMC-06-1,PSX01,PSX,SNG,TRUE
AGCGTATGTACGAGCA,PBMC-06-1,PSA02,PSA,SNG,TRUE
AGCGTATGTCGAAACG,PBMC-06-1,PSA07,PSA,SNG,TRUE
AGCGTATGTCTTACTT,PBMC-06-1,PSX04,PSX,DBL,FALSE
AGCGTATGTGCAGGAT,PBMC-06-1,PSO14,PSO,SNG,FALSE
AGCGTATGTGTGGACA,PBMC-06-1,PSA12,PSA,DBL,FALSE
AGCGTATGTTCTCCCA,PBMC-06-1,PSO16,PSO,DBL,FALSE
AGCGTATGTTGGCCGT,PBMC-06-1,PSA07,PSA,SNG,TRUE
AGCGTCGAGCGCATCC,PBMC-06-1,PSA12,PSA,SNG,TRUE
AGCGTCGCAATAAGGT,PBMC-06-1,PSO15,PSO,SNG,TRUE
AGCGTCGCACTGTCCT,PBMC-06-1,PSA05,PSA,SNG,TRUE
AGCGTCGGTACGTACT,PBMC-06-1,PSO14,PSO,SNG,FALSE
AGCGTCGGTCGAACAG,PBMC-06-1,PSA07,PSA,SNG,TRUE
AGCGTCGGTGTTCCTC,PBMC-06-1,PSA05,PSA,SNG,FALSE
AGCTACAAGCAACCAG,PBMC-06-1,PSA02,PSA,SNG,TRUE
AGCTACAAGCACCGAA,PBMC-06-1,PSA05,PSA,DBL,FALSE
AGCTACAAGCAGCACA,PBMC-06-1,PSA02,PSA,SNG,TRUE
AGCTACAAGCCTCAGC,PBMC-06-1,PSA04,PSA,SNG,TRUE
AGCTACAAGCTGTACT,PBMC-06-1,PSO14,PSO,SNG,FALSE
AGCTACAAGTCAGCGA,PBMC-06-1,PSA12,PSA,SNG,TRUE
AGCTACACAAGAGGCT,PBMC-06-1,PSX01,PSX,SNG,TRUE
AGCTACACAGACCATT,PBMC-06-1,PSO14,PSO,SNG,TRUE
AGCTACACAGAGCTAG,PBMC-06-1,PSX04,PSX,SNG,TRUE
AGCTACACATGAAGGC,PBMC-06-1,PSA13,PSA,SNG,TRUE
AGCTACAGTAGGTAGC,PBMC-06-1,PSA15,PSA,SNG,TRUE
AGCTACAGTGGTCAAG,PBMC-06-1,PSX04,PSX,SNG,TRUE
AGCTACAGTTACTCAG,PBMC-06-1,PSA04,PSA,SNG,TRUE
AGCTACATCACCTCTG,PBMC-06-1,PSA15,PSA,SNG,TRUE
AGCTACATCGAAGGAC,PBMC-06-1,PSA02,PSA,SNG,TRUE
AGCTACATCGACACTA,PBMC-06-1,PSX04,PSX,DBL,FALSE
AGCTACATCTCTTGCG,PBMC-06-1,PSX01,PSX,SNG,FALSE
AGCTACATCTGCGTCT,PBMC-06-1,PSO12,PSO,SNG,FALSE
AGCTACATCTTAGCAG,PBMC-06-1,PSA07,PSA,SNG,TRUE
AGCTCAAAGATCACTC,PBMC-06-1,PSA16,PSA,SNG,TRUE
AGCTCAAAGCGAACTG,PBMC-06-1,PSA17,PSA,SNG,TRUE
AGCTCAAAGCTTAGTC,PBMC-06-1,PSA02,PSA,SNG,TRUE
AGCTCAAAGGAAAGGT,PBMC-06-1,PSA03,PSA,SNG,TRUE
AGCTCAAAGGCAATGC,PBMC-06-1,PSA17,PSA,SNG,TRUE
AGCTCAACAACAACAA,PBMC-06-1,PSA05,PSA,SNG,TRUE
AGCTCAACATTCCTCG,PBMC-06-1,PSA05,PSA,SNG,TRUE
AGCTCAAGTTACCGTA,PBMC-06-1,PSX01,PSX,SNG,TRUE
AGCTCAATCCGAGTGC,PBMC-06-1,PSO11,PSO,DBL,FALSE
AGCTCAATCGGAGTAG,PBMC-06-1,PSA15,PSA,SNG,TRUE
AGCTTCCAGAAATTGC,PBMC-06-1,PSO12,PSO,SNG,TRUE
AGCTTCCAGCAGCGAT,PBMC-06-1,PSO15,PSO,SNG,TRUE
AGCTTCCAGCGTCTCG,PBMC-06-1,PSA03,PSA,SNG,TRUE
AGCTTCCAGGACTATA,PBMC-06-1,PSA14,PSA,SNG,TRUE
AGCTTCCAGGCTCCCA,PBMC-06-1,PSX01,PSX,SNG,TRUE
AGCTTCCAGGGATGTC,PBMC-06-1,PSA05,PSA,SNG,TRUE
AGCTTCCAGTAGGGTC,PBMC-06-1,PSA13,PSA,SNG,TRUE
AGCTTCCCACACACGC,PBMC-06-1,PSA14,PSA,SNG,TRUE
AGCTTCCCACACCTGG,PBMC-06-1,PSO15,PSO,SNG,TRUE
AGCTTCCCACACTTAG,PBMC-06-1,PSA06,PSA,SNG,FALSE
AGCTTCCCACCAGTAT,PBMC-06-1,PSA17,PSA,SNG,TRUE
AGCTTCCCACTACCCT,PBMC-06-1,PSA15,PSA,SNG,TRUE
AGCTTCCCAGAATGTA,PBMC-06-1,PSA07,PSA,SNG,TRUE
AGCTTCCCAGTAGATA,PBMC-06-1,PSX01,PSX,SNG,FALSE
AGCTTCCCAGTCGAGA,PBMC-06-1,PSO12,PSO,SNG,FALSE
AGCTTCCCATAGGTTC,PBMC-06-1,PSX04,PSX,SNG,TRUE
AGCTTCCCATCGATGT,PBMC-06-1,PSA05,PSA,SNG,FALSE
AGCTTCCGTACCATAC,PBMC-06-1,PSO15,PSO,DBL,FALSE
AGCTTCCGTACGTGAG,PBMC-06-1,PSA06,PSA,SNG,TRUE
AGCTTCCGTCGTACAT,PBMC-06-1,PSA07,PSA,SNG,FALSE
AGCTTCCGTCTCTCAC,PBMC-06-1,PSA07,PSA,SNG,TRUE
AGCTTCCGTGCAGTGA,PBMC-06-1,PSO12,PSO,SNG,TRUE
AGCTTCCTCAACCTCC,PBMC-06-1,PSA07,PSA,SNG,TRUE
AGCTTCCTCACAACCA,PBMC-06-1,PSA03,PSA,DBL,FALSE
AGCTTCCTCAGAGTTC,PBMC-06-1,PSA17,PSA,DBL,FALSE
AGCTTCCTCCAGCCTT,PBMC-06-1,PSA07,PSA,SNG,TRUE
AGCTTCCTCCCTTGGT,PBMC-06-1,PSA17,PSA,SNG,TRUE
AGCTTCCTCCGACGGT,PBMC-06-1,PSA02,PSA,DBL,FALSE
AGCTTCCTCGCTCCTA,PBMC-06-1,PSA16,PSA,SNG,TRUE
AGCTTCCTCGTGGTAT,PBMC-06-1,PSA13,PSA,SNG,FALSE
AGCTTCCTCGTGTGGC,PBMC-06-1,PSA05,PSA,SNG,TRUE
AGCTTCCTCGTTCGCT,PBMC-06-1,PSX04,PSX,SNG,TRUE
AGCTTCCTCTAGTCAG,PBMC-06-1,PSO16,PSO,SNG,FALSE
AGCTTCCTCTTTCAGT,PBMC-06-1,PSX01,PSX,SNG,TRUE
AGGAAATAGACCCGCT,PBMC-06-1,PSO14,PSO,SNG,TRUE
AGGAAATAGACTGAGC,PBMC-06-1,PSO14,PSO,DBL,FALSE
AGGAAATAGCATGCGA,PBMC-06-1,PSO12,PSO,SNG,TRUE
AGGAAATAGCGAACTG,PBMC-06-1,PSA13,PSA,SNG,TRUE
AGGAAATAGGTGCATG,PBMC-06-1,PSA16,PSA,SNG,TRUE
AGGAAATAGTACCATC,PBMC-06-1,PSA07,PSA,DBL,FALSE
AGGAAATAGTAGACCG,PBMC-06-1,PSA14,PSA,SNG,TRUE
AGGAAATCAAACACGG,PBMC-06-1,PSA16,PSA,SNG,TRUE
AGGAAATCAAACTCTG,PBMC-06-1,PSO11,PSO,SNG,TRUE
AGGAAATCAGACACAG,PBMC-06-1,PSA02,PSA,SNG,TRUE
AGGAAATCAGTTGCGC,PBMC-06-1,PSA13,PSA,SNG,FALSE
AGGAAATCATGTTCAG,PBMC-06-1,PSO11,PSO,SNG,FALSE
AGGAAATGTACAGGTG,PBMC-06-1,PSO15,PSO,SNG,TRUE
AGGAAATGTACCTAAC,PBMC-06-1,PSA02,PSA,DBL,FALSE
AGGAAATGTAGTCGGA,PBMC-06-1,PSA13,PSA,SNG,TRUE
AGGAAATGTTCGGCTG,PBMC-06-1,PSX01,PSX,SNG,FALSE
AGGAAATTCAAACCCA,PBMC-06-1,PSA06,PSA,SNG,TRUE
AGGAAATTCAAGCCCG,PBMC-06-1,PSA05,PSA,SNG,TRUE
AGGAAATTCACAAGGG,PBMC-06-1,PSA16,PSA,SNG,TRUE
AGGAAATTCATCGCAA,PBMC-06-1,PSA12,PSA,DBL,FALSE
AGGAAATTCATTGAGC,PBMC-06-1,PSO14,PSO,SNG,TRUE
AGGAAATTCTAGTGAC,PBMC-06-1,PSA04,PSA,SNG,TRUE
AGGAAATTCTTCCTAA,PBMC-06-1,PSA05,PSA,SNG,TRUE
AGGAATAAGGCATTTC,PBMC-06-1,PSX01,PSX,SNG,FALSE
AGGAATAAGGGCTTCC,PBMC-06-1,PSA03,PSA,SNG,TRUE
AGGAATAAGTAATTGG,PBMC-06-1,PSA14,PSA,AMB,FALSE
AGGAATAAGTCTGCGC,PBMC-06-1,PSA14,PSA,SNG,FALSE
AGGAATACAACCGACC,PBMC-06-1,PSA02,PSA,SNG,TRUE
AGGAATACACTGTCGG,PBMC-06-1,PSO12,PSO,SNG,TRUE
AGGAATACAGCCGTCA,PBMC-06-1,PSO15,PSO,SNG,TRUE
AGGAATACAGTCGGTC,PBMC-06-1,PSA16,PSA,SNG,TRUE
AGGAATACATAAGCGG,PBMC-06-1,PSO12,PSO,SNG,TRUE
AGGAATAGTAGGAGTC,PBMC-06-1,PSO13,PSO,AMB,FALSE
AGGAATAGTCGAACGA,PBMC-06-1,PSA07,PSA,DBL,FALSE
AGGAATAGTCTGTAGT,PBMC-06-1,PSA14,PSA,SNG,FALSE
AGGAATAGTCTGTCCT,PBMC-06-1,PSA02,PSA,SNG,TRUE
AGGAATAGTCTGTGAT,PBMC-06-1,PSO12,PSO,DBL,FALSE
AGGAATAGTGGAAATT,PBMC-06-1,PSA06,PSA,SNG,TRUE
AGGAATAGTGTTCCAA,PBMC-06-1,PSA14,PSA,SNG,TRUE
AGGAATAGTGTTGATC,PBMC-06-1,PSA04,PSA,SNG,FALSE
AGGAATATCACTTTGT,PBMC-06-1,PSA16,PSA,SNG,TRUE
AGGAATATCATCTGTT,PBMC-06-1,PSO12,PSO,SNG,TRUE
AGGAATATCTAGTCAG,PBMC-06-1,PSA02,PSA,SNG,FALSE
AGGACGAAGATCCGAG,PBMC-06-1,PSO14,PSO,DBL,FALSE
AGGACGAAGGAAAGAC,PBMC-06-1,PSA17,PSA,SNG,TRUE
AGGACGAAGGGATGTC,PBMC-06-1,PSX01,PSX,SNG,TRUE
AGGACGACACAGTATC,PBMC-06-1,PSO11,PSO,DBL,FALSE
AGGACGACAGTCTCTC,PBMC-06-1,PSX01,PSX,SNG,FALSE
AGGACGACATTGACAC,PBMC-06-1,PSA16,PSA,SNG,TRUE
AGGACGAGTAAGGCCA,PBMC-06-1,PSO13,PSO,SNG,TRUE
AGGACGAGTAGGAGGG,PBMC-06-1,PSA13,PSA,DBL,FALSE
AGGACGAGTAGGCAGT,PBMC-06-1,PSA05,PSA,SNG,TRUE
AGGACGAGTATCACCA,PBMC-06-1,PSA16,PSA,SNG,TRUE
AGGACGAGTATCGTAC,PBMC-06-1,PSO15,PSO,SNG,TRUE
AGGACGAGTCCCTCAT,PBMC-06-1,PSX01,PSX,DBL,FALSE
AGGACGAGTCCGGTCA,PBMC-06-1,PSA14,PSA,SNG,TRUE
AGGACGAGTGGCTGAA,PBMC-06-1,PSA03,PSA,DBL,FALSE
AGGACGATCACTACTT,PBMC-06-1,PSX01,PSX,SNG,TRUE
AGGACGATCAGTCCGG,PBMC-06-1,PSX01,PSX,SNG,TRUE
AGGACGATCCATTCAT,PBMC-06-1,PSA14,PSA,SNG,TRUE
AGGACGATCCCAAGCG,PBMC-06-1,PSA03,PSA,SNG,TRUE
AGGACGATCGGTAAGG,PBMC-06-1,PSA05,PSA,SNG,TRUE
AGGACGATCTCATTGT,PBMC-06-1,PSO15,PSO,SNG,TRUE
AGGACTTAGATACTGA,PBMC-06-1,PSX04,PSX,DBL,FALSE
AGGACTTAGGTGATCG,PBMC-06-1,PSA16,PSA,DBL,FALSE
AGGACTTAGTAATTGG,PBMC-06-1,PSA05,PSA,DBL,FALSE
AGGACTTAGTACCGGA,PBMC-06-1,PSA12,PSA,SNG,TRUE
AGGACTTAGTGCCAGA,PBMC-06-1,PSA07,PSA,SNG,TRUE
AGGACTTCAAGCTGTT,PBMC-06-1,PSA14,PSA,SNG,TRUE
AGGACTTCACTCCCTA,PBMC-06-1,PSA04,PSA,SNG,TRUE
AGGACTTCACTTGAGT,PBMC-06-1,PSA12,PSA,SNG,TRUE
AGGACTTCAGGTACGA,PBMC-06-1,PSX01,PSX,SNG,TRUE
AGGACTTGTCAATCTG,PBMC-06-1,PSA07,PSA,SNG,TRUE
AGGACTTGTCATCTAG,PBMC-06-1,PSA02,PSA,SNG,TRUE
AGGACTTGTCATGGCC,PBMC-06-1,PSA14,PSA,AMB,FALSE
AGGACTTGTCGGTGTC,PBMC-06-1,PSA17,PSA,SNG,TRUE
AGGACTTGTGTGAGCA,PBMC-06-1,PSA07,PSA,DBL,FALSE
AGGACTTTCACGTCCT,PBMC-06-1,PSA15,PSA,AMB,FALSE
AGGACTTTCCACGGAC,PBMC-06-1,PSA14,PSA,SNG,TRUE
AGGACTTTCCATTGGA,PBMC-06-1,PSA17,PSA,SNG,TRUE
AGGACTTTCCCAGCGA,PBMC-06-1,PSA16,PSA,SNG,TRUE
AGGACTTTCCTCACCA,PBMC-06-1,PSX04,PSX,SNG,TRUE
AGGACTTTCGGTGTAT,PBMC-06-1,PSA16,PSA,SNG,TRUE
AGGACTTTCTAGACAC,PBMC-06-1,PSO15,PSO,SNG,FALSE
AGGAGGTAGAGTGTTA,PBMC-06-1,PSA04,PSA,SNG,FALSE
AGGAGGTAGGAACTAT,PBMC-06-1,PSA02,PSA,SNG,TRUE
AGGAGGTAGGCGACAT,PBMC-06-1,PSA13,PSA,SNG,TRUE
AGGAGGTCAACATCGT,PBMC-06-1,PSA15,PSA,DBL,FALSE
AGGAGGTCAACGGCTC,PBMC-06-1,PSO12,PSO,SNG,TRUE
AGGAGGTCAAGTACCT,PBMC-06-1,PSA06,PSA,SNG,TRUE
AGGAGGTCAAGTGCAG,PBMC-06-1,PSA06,PSA,SNG,FALSE
AGGAGGTCAAGTTCGT,PBMC-06-1,PSO15,PSO,DBL,FALSE
AGGAGGTCAATACGAA,PBMC-06-1,PSO16,PSO,SNG,TRUE
AGGAGGTCAATATCCG,PBMC-06-1,PSA13,PSA,AMB,FALSE
AGGAGGTCACACCGCA,PBMC-06-1,PSA17,PSA,SNG,TRUE
AGGAGGTCAGGACAGT,PBMC-06-1,PSO14,PSO,SNG,TRUE
AGGAGGTCATAGTCGT,PBMC-06-1,PSO12,PSO,SNG,FALSE
AGGAGGTCATATGAAG,PBMC-06-1,PSA05,PSA,DBL,FALSE
AGGAGGTGTCTCAGGC,PBMC-06-1,PSA02,PSA,SNG,TRUE
AGGAGGTGTTGTTGAC,PBMC-06-1,PSA17,PSA,SNG,FALSE
AGGAGGTTCACCGCTT,PBMC-06-1,PSO15,PSO,SNG,FALSE
AGGAGGTTCCGCGAGT,PBMC-06-1,PSX04,PSX,AMB,FALSE
AGGAGGTTCCGCTAGG,PBMC-06-1,PSA14,PSA,SNG,TRUE
AGGAGGTTCCTATTTG,PBMC-06-1,PSO12,PSO,DBL,FALSE
AGGAGGTTCGACATAC,PBMC-06-1,PSA07,PSA,DBL,FALSE
AGGAGGTTCGACCCAG,PBMC-06-1,PSA17,PSA,SNG,TRUE
AGGAGGTTCGGAAACG,PBMC-06-1,PSO15,PSO,SNG,FALSE
AGGAGGTTCTGTTCAT,PBMC-06-1,PSO13,PSO,DBL,FALSE
AGGATAAAGATCGCTT,PBMC-06-1,PSA17,PSA,SNG,TRUE
AGGATAAAGATTGTGA,PBMC-06-1,PSA05,PSA,DBL,FALSE
AGGATAAAGCGTGCCT,PBMC-06-1,PSO15,PSO,DBL,FALSE
AGGATAAAGTACTGGG,PBMC-06-1,PSO14,PSO,SNG,TRUE
AGGATAACACAAACGG,PBMC-06-1,PSA07,PSA,SNG,FALSE
AGGATAACAGCGATTT,PBMC-06-1,PSX04,PSX,SNG,TRUE
AGGATAACATGCCGAC,PBMC-06-1,PSA07,PSA,SNG,TRUE
AGGATAACATTCGATG,PBMC-06-1,PSA13,PSA,DBL,FALSE
AGGATAAGTCCTCATC,PBMC-06-1,PSA07,PSA,SNG,TRUE
AGGATAATCACACCCT,PBMC-06-1,PSA04,PSA,SNG,TRUE
AGGATAATCCATTGTT,PBMC-06-1,PSX01,PSX,SNG,TRUE
AGGATAATCCTCACCA,PBMC-06-1,PSA03,PSA,SNG,TRUE
AGGATAATCCTGTACC,PBMC-06-1,PSO15,PSO,SNG,TRUE
AGGATAATCTATACTC,PBMC-06-1,PSA06,PSA,SNG,TRUE
AGGATCTAGAAGGCTC,PBMC-06-1,PSO15,PSO,SNG,TRUE
AGGATCTAGCGCTTCG,PBMC-06-1,PSA17,PSA,SNG,TRUE
AGGATCTAGGAACGTC,PBMC-06-1,PSX01,PSX,DBL,FALSE
AGGATCTAGGGTCAAC,PBMC-06-1,PSO12,PSO,AMB,FALSE
AGGATCTAGGTAAACT,PBMC-06-1,PSA17,PSA,SNG,TRUE
AGGATCTAGTACCGGA,PBMC-06-1,PSA12,PSA,SNG,TRUE
AGGATCTCAACAACAA,PBMC-06-1,PSA16,PSA,SNG,FALSE
AGGATCTGTCGCGGTT,PBMC-06-1,PSA02,PSA,SNG,TRUE
AGGATCTGTGTTCGTA,PBMC-06-1,PSA07,PSA,DBL,FALSE
AGGATCTTCAAGTCTG,PBMC-06-1,PSA12,PSA,SNG,TRUE
AGGATCTTCAGGGATG,PBMC-06-1,PSX01,PSX,SNG,FALSE
AGGATCTTCAGTGTCA,PBMC-06-1,PSA12,PSA,SNG,TRUE
AGGATCTTCGTCGATA,PBMC-06-1,PSA07,PSA,AMB,FALSE
AGGCATTAGACATATG,PBMC-06-1,PSX04,PSX,SNG,TRUE
AGGCATTAGCGGTAAC,PBMC-06-1,PSO15,PSO,SNG,TRUE
AGGCATTCAAGCAGGT,PBMC-06-1,PSA04,PSA,SNG,TRUE
AGGCATTCAAGTGACG,PBMC-06-1,PSA07,PSA,DBL,FALSE
AGGCATTCAATCGCGC,PBMC-06-1,PSA15,PSA,SNG,TRUE
AGGCATTCACATTACG,PBMC-06-1,PSA05,PSA,DBL,FALSE
AGGCATTCAGAGAAAG,PBMC-06-1,PSX01,PSX,SNG,TRUE
AGGCATTGTCCCTCAT,PBMC-06-1,PSA13,PSA,SNG,TRUE
AGGCATTGTCGAATTC,PBMC-06-1,PSA15,PSA,SNG,TRUE
AGGCATTGTCTTGAGT,PBMC-06-1,PSO12,PSO,SNG,TRUE
AGGCATTGTTTCGGCG,PBMC-06-1,PSA17,PSA,SNG,FALSE
AGGCATTTCAATCGGT,PBMC-06-1,PSO14,PSO,DBL,FALSE
AGGCATTTCTGTCGCT,PBMC-06-1,PSA07,PSA,SNG,TRUE
AGGCCACAGAACAAGG,PBMC-06-1,PSA07,PSA,SNG,TRUE
AGGCCACAGAAGCCTG,PBMC-06-1,PSA04,PSA,SNG,TRUE
AGGCCACAGCATGGGT,PBMC-06-1,PSA17,PSA,SNG,TRUE
AGGCCACAGCGGATCA,PBMC-06-1,PSA15,PSA,SNG,FALSE
AGGCCACCAAATCAAG,PBMC-06-1,PSA16,PSA,SNG,TRUE
AGGCCACCAATTTCGG,PBMC-06-1,PSA15,PSA,SNG,TRUE
AGGCCACCACTCCGGA,PBMC-06-1,PSA03,PSA,SNG,TRUE
AGGCCACCAGTGAGCA,PBMC-06-1,PSA15,PSA,SNG,FALSE
AGGCCACCATAACTCG,PBMC-06-1,PSA15,PSA,SNG,TRUE
AGGCCACCATGAGTAA,PBMC-06-1,PSX01,PSX,SNG,TRUE
AGGCCACGTAGGACTG,PBMC-06-1,PSA15,PSA,SNG,TRUE
AGGCCACGTATGAAAC,PBMC-06-1,PSA13,PSA,SNG,TRUE
AGGCCACGTTCTCTCG,PBMC-06-1,PSA07,PSA,SNG,TRUE
AGGCCACGTTGCATTG,PBMC-06-1,PSA02,PSA,SNG,TRUE
AGGCCACGTTGTGTAC,PBMC-06-1,PSA17,PSA,SNG,FALSE
AGGCCACGTTTCCATT,PBMC-06-1,PSA02,PSA,SNG,TRUE
AGGCCACTCGCTTGAA,PBMC-06-1,PSA03,PSA,SNG,TRUE
AGGCCACTCTCCAAGA,PBMC-06-1,PSX01,PSX,SNG,TRUE
AGGCCACTCTTACTGT,PBMC-06-1,PSA17,PSA,SNG,TRUE
AGGCTGCAGATGGCGT,PBMC-06-1,PSO14,PSO,SNG,FALSE
AGGCTGCGTCCACACG,PBMC-06-1,PSX04,PSX,DBL,FALSE
AGGCTGCGTCGCATGC,PBMC-06-1,PSX04,PSX,SNG,TRUE
AGGCTGCGTCTTCAAG,PBMC-06-1,PSA17,PSA,DBL,FALSE
AGGCTGCGTGCATCTA,PBMC-06-1,PSA16,PSA,SNG,TRUE
AGGCTGCGTGCATGTT,PBMC-06-1,PSX01,PSX,SNG,TRUE
AGGCTGCGTGGCCACT,PBMC-06-1,PSO15,PSO,SNG,TRUE
AGGCTGCGTTCGCGTG,PBMC-06-1,PSA07,PSA,SNG,TRUE
AGGCTGCTCATTTGCT,PBMC-06-1,PSA07,PSA,SNG,TRUE
AGGCTGCTCCCAGTGG,PBMC-06-1,PSA17,PSA,SNG,TRUE
AGGCTGCTCTTCGCTG,PBMC-06-1,PSA15,PSA,SNG,TRUE
AGGGAGTAGACTTCGT,PBMC-06-1,PSA16,PSA,DBL,FALSE
AGGGAGTAGACTTGTC,PBMC-06-1,PSO12,PSO,SNG,TRUE
AGGGAGTAGCTGTTAC,PBMC-06-1,PSA07,PSA,SNG,TRUE
AGGGAGTAGTGCCTCG,PBMC-06-1,PSA17,PSA,SNG,TRUE
AGGGAGTAGTTTGTCG,PBMC-06-1,PSA16,PSA,SNG,TRUE
AGGGAGTCACACACGC,PBMC-06-1,PSX01,PSX,SNG,TRUE
AGGGAGTCACAGGATG,PBMC-06-1,PSA14,PSA,SNG,TRUE
AGGGAGTCACGTATAC,PBMC-06-1,PSA06,PSA,SNG,TRUE
AGGGAGTCAGAGCTAG,PBMC-06-1,PSO15,PSO,SNG,TRUE
AGGGAGTCAGTGGCTC,PBMC-06-1,PSX04,PSX,SNG,TRUE
AGGGAGTGTATCTTCT,PBMC-06-1,PSO15,PSO,SNG,FALSE
AGGGAGTGTCAGGTAG,PBMC-06-1,PSX04,PSX,SNG,TRUE
AGGGAGTGTCAGTCGC,PBMC-06-1,PSO11,PSO,SNG,TRUE
AGGGAGTGTCCAAATC,PBMC-06-1,PSA03,PSA,SNG,TRUE
AGGGAGTGTCCCGGTA,PBMC-06-1,PSX04,PSX,SNG,TRUE
AGGGAGTGTGCCGTTG,PBMC-06-1,PSA13,PSA,SNG,TRUE
AGGGAGTGTGCGTCGT,PBMC-06-1,PSA17,PSA,DBL,FALSE
AGGGAGTGTTGCCATA,PBMC-06-1,PSA16,PSA,SNG,TRUE
AGGGAGTTCACCATAG,PBMC-06-1,PSX01,PSX,SNG,TRUE
AGGGAGTTCAGACCTA,PBMC-06-1,PSX01,PSX,SNG,TRUE
AGGGAGTTCAGTCAGT,PBMC-06-1,PSA02,PSA,SNG,TRUE
AGGGAGTTCATGCCCT,PBMC-06-1,PSO12,PSO,DBL,FALSE
AGGGAGTTCATTACTC,PBMC-06-1,PSA16,PSA,SNG,FALSE
AGGGAGTTCCGACAGC,PBMC-06-1,PSX04,PSX,SNG,TRUE
AGGGAGTTCCTTCTTC,PBMC-06-1,PSA14,PSA,SNG,TRUE
AGGGAGTTCGCCAGTG,PBMC-06-1,PSO12,PSO,SNG,TRUE
AGGGAGTTCGGTAAGG,PBMC-06-1,PSA05,PSA,SNG,TRUE
AGGGAGTTCTGTCCCA,PBMC-06-1,PSA05,PSA,SNG,TRUE
AGGGAGTTCTGTCGCT,PBMC-06-1,PSA16,PSA,DBL,FALSE
AGGGCCTAGACCCGCT,PBMC-06-1,PSA06,PSA,SNG,TRUE
AGGGCCTAGCAAGTCG,PBMC-06-1,PSO15,PSO,SNG,TRUE
AGGGCCTAGGCCCACT,PBMC-06-1,PSA14,PSA,SNG,TRUE
AGGGCCTAGTAAAGCT,PBMC-06-1,PSO12,PSO,SNG,TRUE
AGGGCCTCAAGAGAGA,PBMC-06-1,PSO13,PSO,SNG,TRUE
AGGGCCTCAGGAACCA,PBMC-06-1,PSA17,PSA,SNG,TRUE
AGGGCCTCAGTAGAGC,PBMC-06-1,PSA17,PSA,SNG,TRUE
AGGGCCTCAGTATTCG,PBMC-06-1,PSA12,PSA,SNG,TRUE
AGGGCCTCAGTGACCC,PBMC-06-1,PSO15,PSO,SNG,TRUE
AGGGCCTCATAGGTAA,PBMC-06-1,PSA14,PSA,SNG,TRUE
AGGGCCTCATGACTCA,PBMC-06-1,PSO13,PSO,SNG,TRUE
AGGGCCTGTGAATTGA,PBMC-06-1,PSA14,PSA,SNG,TRUE
AGGGCCTGTGGAAATT,PBMC-06-1,PSO15,PSO,DBL,FALSE
AGGGCCTGTTAGAGTA,PBMC-06-1,PSA03,PSA,SNG,TRUE
AGGGCCTGTTCAGCTA,PBMC-06-1,PSO15,PSO,SNG,TRUE
AGGGCCTTCGACATTG,PBMC-06-1,PSA02,PSA,SNG,TRUE
AGGGCCTTCGTTCCTG,PBMC-06-1,PSA03,PSA,SNG,TRUE
AGGGCCTTCTATTGTC,PBMC-06-1,PSO15,PSO,DBL,FALSE
AGGGCCTTCTGTTCAT,PBMC-06-1,PSA14,PSA,SNG,TRUE
AGGGCTCAGAAACTAC,PBMC-06-1,PSX04,PSX,DBL,FALSE
AGGGCTCAGATTGATG,PBMC-06-1,PSO11,PSO,SNG,TRUE
AGGGCTCAGCTAGATA,PBMC-06-1,PSX01,PSX,SNG,TRUE
AGGGCTCAGGACGGAG,PBMC-06-1,PSA13,PSA,SNG,TRUE
AGGGCTCAGGCATCAG,PBMC-06-1,PSA05,PSA,SNG,FALSE
AGGGCTCAGGGCAATC,PBMC-06-1,PSA07,PSA,SNG,TRUE
AGGGCTCAGTGGACTG,PBMC-06-1,PSA16,PSA,SNG,TRUE
AGGGCTCAGTGTAGTA,PBMC-06-1,PSA07,PSA,SNG,FALSE
AGGGCTCAGTTCATGC,PBMC-06-1,PSA14,PSA,SNG,TRUE
AGGGCTCCAACCGACC,PBMC-06-1,PSO15,PSO,SNG,FALSE
AGGGCTCCAACGACTT,PBMC-06-1,PSO16,PSO,SNG,FALSE
AGGGCTCCACAGAGCA,PBMC-06-1,PSA02,PSA,DBL,FALSE
AGGGCTCCACGTGTGC,PBMC-06-1,PSA14,PSA,SNG,TRUE
AGGGCTCGTACGATTC,PBMC-06-1,PSA03,PSA,SNG,FALSE
AGGGCTCGTACTGTTG,PBMC-06-1,PSA04,PSA,SNG,TRUE
AGGGCTCGTAGACGGT,PBMC-06-1,PSA16,PSA,SNG,FALSE
AGGGCTCGTATGTCAC,PBMC-06-1,PSA15,PSA,SNG,FALSE
AGGGCTCGTCTCTCTG,PBMC-06-1,PSA02,PSA,AMB,FALSE
AGGGCTCTCACTCACC,PBMC-06-1,PSX01,PSX,AMB,FALSE
AGGGCTCTCCCTCGAT,PBMC-06-1,PSO12,PSO,SNG,TRUE
AGGGTCCAGAACCGCA,PBMC-06-1,PSA15,PSA,SNG,TRUE
AGGGTCCAGAATCCCT,PBMC-06-1,PSA13,PSA,SNG,FALSE
AGGGTCCAGATGTAGT,PBMC-06-1,PSA02,PSA,DBL,FALSE
AGGGTCCAGGCTGTAG,PBMC-06-1,PSA07,PSA,SNG,TRUE
AGGGTCCCAATCGAAA,PBMC-06-1,PSA16,PSA,SNG,TRUE
AGGGTCCCATCGATGT,PBMC-06-1,PSA06,PSA,SNG,TRUE
AGGGTCCCATGCTGCG,PBMC-06-1,PSX01,PSX,SNG,TRUE
AGGGTCCCATTATGCG,PBMC-06-1,PSA04,PSA,SNG,TRUE
AGGGTCCGTCGATTTG,PBMC-06-1,PSA05,PSA,SNG,TRUE
AGGGTCCGTCGCAACC,PBMC-06-1,PSA15,PSA,SNG,TRUE
AGGGTCCGTCTTCCGT,PBMC-06-1,PSA05,PSA,SNG,TRUE
AGGGTCCGTTTACGTG,PBMC-06-1,PSA02,PSA,SNG,FALSE
AGGGTCCGTTTGTGGT,PBMC-06-1,PSA06,PSA,SNG,TRUE
AGGGTCCGTTTGTTGG,PBMC-06-1,PSA03,PSA,SNG,TRUE
AGGGTCCTCCCTCAAC,PBMC-06-1,PSA07,PSA,SNG,TRUE
AGGGTCCTCGACATTG,PBMC-06-1,PSA13,PSA,SNG,TRUE
AGGGTCCTCGTGGAAG,PBMC-06-1,PSO13,PSO,SNG,TRUE
AGGGTCCTCTGAGGTT,PBMC-06-1,PSO15,PSO,SNG,TRUE
AGGGTGAAGACCGCCT,PBMC-06-1,PSO15,PSO,SNG,TRUE
AGGGTGAAGACTTCGT,PBMC-06-1,PSO13,PSO,AMB,FALSE
AGGGTGAAGCGCATCC,PBMC-06-1,PSA16,PSA,DBL,FALSE
AGGGTGAAGGTCACTT,PBMC-06-1,PSA12,PSA,SNG,FALSE
AGGGTGAAGGTTAAAC,PBMC-06-1,PSA12,PSA,SNG,TRUE
AGGGTGAAGTCCTGTA,PBMC-06-1,PSA17,PSA,SNG,TRUE
AGGGTGACAACAAGTA,PBMC-06-1,PSO11,PSO,SNG,FALSE
AGGGTGACAGATCCAT,PBMC-06-1,PSA16,PSA,SNG,TRUE
AGGGTGACAGTAGAGC,PBMC-06-1,PSA07,PSA,SNG,FALSE
AGGGTGACAGTTGCGC,PBMC-06-1,PSA06,PSA,SNG,TRUE
AGGGTGAGTAAGTTGA,PBMC-06-1,PSA15,PSA,SNG,TRUE
AGGGTGAGTATGCGGA,PBMC-06-1,PSA17,PSA,SNG,TRUE
AGGGTGAGTCCTGTTC,PBMC-06-1,PSA14,PSA,AMB,FALSE
AGGGTGAGTCTTGTCC,PBMC-06-1,PSA07,PSA,SNG,FALSE
AGGGTGAGTGGCCTCA,PBMC-06-1,PSA17,PSA,SNG,TRUE
AGGGTGATCATTTCGT,PBMC-06-1,PSX01,PSX,DBL,FALSE
AGGGTGATCGAATCCA,PBMC-06-1,PSO15,PSO,DBL,FALSE
AGGGTGATCGACTCCT,PBMC-06-1,PSO12,PSO,SNG,FALSE
AGGGTGATCGAGTCCG,PBMC-06-1,PSO15,PSO,SNG,TRUE
AGGGTGATCGCCAGTG,PBMC-06-1,PSO16,PSO,SNG,TRUE
AGGGTGATCGCTGCGA,PBMC-06-1,PSO15,PSO,SNG,TRUE
AGGGTGATCTCTATAC,PBMC-06-1,PSA15,PSA,SNG,TRUE
AGGGTTTAGATGTTGA,PBMC-06-1,PSO12,PSO,SNG,FALSE
AGGGTTTAGGGAACAA,PBMC-06-1,PSA07,PSA,SNG,TRUE
AGGGTTTAGGTGATAT,PBMC-06-1,PSA07,PSA,SNG,TRUE
AGGGTTTAGTAAATGC,PBMC-06-1,PSA03,PSA,SNG,TRUE
AGGGTTTCAAAGGCGT,PBMC-06-1,PSA07,PSA,SNG,TRUE
AGGGTTTCAGTATACC,PBMC-06-1,PSA04,PSA,SNG,TRUE
AGGGTTTGTACGCTTA,PBMC-06-1,PSA04,PSA,SNG,TRUE
AGGGTTTGTAGTGCGA,PBMC-06-1,PSA14,PSA,SNG,TRUE
AGGGTTTGTCAAAGTA,PBMC-06-1,PSO15,PSO,SNG,FALSE
AGGGTTTGTCTAGATC,PBMC-06-1,PSA14,PSA,SNG,TRUE
AGGGTTTGTTGAAGTA,PBMC-06-1,PSA06,PSA,SNG,TRUE
AGGGTTTGTTGCAAGG,PBMC-06-1,PSA06,PSA,SNG,TRUE
AGGGTTTTCAACCGAT,PBMC-06-1,PSA17,PSA,SNG,TRUE
AGGGTTTTCAACCTTT,PBMC-06-1,PSX01,PSX,DBL,FALSE
AGGGTTTTCTTCGCTG,PBMC-06-1,PSA06,PSA,SNG,TRUE
AGGTAGGAGAGAACCC,PBMC-06-1,PSA17,PSA,SNG,FALSE
AGGTAGGAGAGAGCGG,PBMC-06-1,PSA17,PSA,SNG,TRUE
AGGTAGGAGCTAATCC,PBMC-06-1,PSO11,PSO,SNG,TRUE
AGGTAGGAGTGTTGAA,PBMC-06-1,PSA14,PSA,SNG,FALSE
AGGTAGGCAACCCTAA,PBMC-06-1,PSA16,PSA,SNG,TRUE
AGGTAGGCAAGGCTTT,PBMC-06-1,PSA02,PSA,SNG,TRUE
AGGTAGGCACGCGCTA,PBMC-06-1,PSA02,PSA,SNG,TRUE
AGGTAGGCACTACTTT,PBMC-06-1,PSA13,PSA,SNG,FALSE
AGGTAGGCACTATCGA,PBMC-06-1,PSO15,PSO,SNG,TRUE
AGGTAGGCAGCTATTG,PBMC-06-1,PSX04,PSX,DBL,FALSE
AGGTAGGCAGGTTCAT,PBMC-06-1,PSA05,PSA,SNG,TRUE
AGGTAGGCATCGCTCT,PBMC-06-1,PSX01,PSX,SNG,TRUE
AGGTAGGCATGAGGGT,PBMC-06-1,PSA07,PSA,AMB,FALSE
AGGTAGGGTACTCGAT,PBMC-06-1,PSO13,PSO,SNG,TRUE
AGGTAGGGTATCATGC,PBMC-06-1,PSA05,PSA,DBL,FALSE
AGGTAGGGTCGGTAAG,PBMC-06-1,PSA05,PSA,DBL,FALSE
AGGTAGGGTGCAACAG,PBMC-06-1,PSA17,PSA,SNG,TRUE
AGGTAGGGTGCCCAGT,PBMC-06-1,PSO13,PSO,AMB,FALSE
AGGTAGGGTTCTCCCA,PBMC-06-1,PSA06,PSA,SNG,TRUE
AGGTAGGTCAACTACG,PBMC-06-1,PSA12,PSA,SNG,FALSE
AGGTAGGTCCCTATTA,PBMC-06-1,PSA16,PSA,SNG,TRUE
AGGTAGGTCGAGGCAA,PBMC-06-1,PSA07,PSA,SNG,FALSE
AGGTAGGTCGGATACT,PBMC-06-1,PSX04,PSX,DBL,FALSE
AGGTAGGTCGTACACA,PBMC-06-1,PSA12,PSA,SNG,TRUE
AGGTAGGTCTGCTTTA,PBMC-06-1,PSA17,PSA,DBL,FALSE
AGGTAGGTCTGTCTCG,PBMC-06-1,PSA05,PSA,SNG,TRUE
AGGTCATAGAATCTAG,PBMC-06-1,PSO16,PSO,DBL,FALSE
AGGTCATAGACCTTTG,PBMC-06-1,PSA07,PSA,SNG,FALSE
AGGTCATAGCATGAAT,PBMC-06-1,PSA07,PSA,SNG,TRUE
AGGTCATAGCTATCTG,PBMC-06-1,PSA05,PSA,SNG,TRUE
AGGTCATCAAAGCGTG,PBMC-06-1,PSA03,PSA,SNG,FALSE
AGGTCATCACAACATC,PBMC-06-1,PSX01,PSX,SNG,TRUE
AGGTCATCAGAGGGTT,PBMC-06-1,PSX01,PSX,SNG,TRUE
AGGTCATCAGATGCGA,PBMC-06-1,PSA13,PSA,SNG,TRUE
AGGTCATCAGCTACCG,PBMC-06-1,PSA04,PSA,SNG,TRUE
AGGTCATCATCGCTCT,PBMC-06-1,PSO13,PSO,SNG,TRUE
AGGTCATCATGGAAGC,PBMC-06-1,PSO15,PSO,SNG,TRUE
AGGTCATGTCAGTCGC,PBMC-06-1,PSO12,PSO,SNG,TRUE
AGGTCATGTCATGCAT,PBMC-06-1,PSA07,PSA,SNG,TRUE
AGGTCATGTCGAGCTC,PBMC-06-1,PSA06,PSA,DBL,FALSE
AGGTCATGTCGTATGT,PBMC-06-1,PSO14,PSO,SNG,TRUE
AGGTCATGTCTCTCCA,PBMC-06-1,PSA13,PSA,DBL,FALSE
AGGTCATGTGACAGGT,PBMC-06-1,PSA06,PSA,SNG,FALSE
AGGTCATGTGTGGTCC,PBMC-06-1,PSO11,PSO,SNG,TRUE
AGGTCATGTTATAGCC,PBMC-06-1,PSA12,PSA,SNG,TRUE
AGGTCATGTTTCCCAC,PBMC-06-1,PSA16,PSA,SNG,FALSE
AGGTCATTCAGCCCAG,PBMC-06-1,PSA07,PSA,SNG,TRUE
AGGTCATTCGGTCAGC,PBMC-06-1,PSA17,PSA,SNG,TRUE
AGGTCATTCTCTAGGA,PBMC-06-1,PSX01,PSX,DBL,FALSE
AGGTCTAAGAGACAAG,PBMC-06-1,PSO15,PSO,SNG,TRUE
AGGTCTAAGCCACTCG,PBMC-06-1,PSA06,PSA,AMB,FALSE
AGGTCTACAACGGCTC,PBMC-06-1,PSA02,PSA,SNG,TRUE
AGGTCTACACCTCAGG,PBMC-06-1,PSO12,PSO,SNG,TRUE
AGGTCTACAGAAACCG,PBMC-06-1,PSA07,PSA,DBL,FALSE
AGGTCTACAGAGCTAG,PBMC-06-1,PSX01,PSX,SNG,TRUE
AGGTCTACAGGCTATT,PBMC-06-1,PSO11,PSO,SNG,TRUE
AGGTCTACAGGTAGTG,PBMC-06-1,PSA03,PSA,DBL,FALSE
AGGTCTACAGTTAGAA,PBMC-06-1,PSA17,PSA,SNG,TRUE
AGGTCTACATCAACCA,PBMC-06-1,PSO14,PSO,SNG,TRUE
AGGTCTACATGTGGTT,PBMC-06-1,PSA07,PSA,SNG,TRUE
AGGTCTACATTGGGAG,PBMC-06-1,PSA15,PSA,SNG,FALSE
AGGTCTAGTAGCTAAA,PBMC-06-1,PSA17,PSA,SNG,TRUE
AGGTCTAGTCTACAAC,PBMC-06-1,PSO11,PSO,SNG,TRUE
AGGTCTAGTCTTCGAA,PBMC-06-1,PSA13,PSA,SNG,TRUE
AGGTCTAGTGGTAACG,PBMC-06-1,PSO12,PSO,SNG,FALSE
AGGTCTAGTGTTAACC,PBMC-06-1,PSO15,PSO,SNG,TRUE
AGGTCTAGTTGCCGCA,PBMC-06-1,PSA04,PSA,SNG,FALSE
AGGTCTAGTTTCGACA,PBMC-06-1,PSA05,PSA,SNG,TRUE
AGGTCTATCGAATCCA,PBMC-06-1,PSA06,PSA,SNG,FALSE
AGGTCTATCGCTTGAA,PBMC-06-1,PSX01,PSX,SNG,TRUE
AGGTCTATCGTAGGGA,PBMC-06-1,PSA12,PSA,DBL,FALSE
AGGTGTTAGACTGTTC,PBMC-06-1,PSA16,PSA,SNG,TRUE
AGGTGTTAGCGACAGT,PBMC-06-1,PSX04,PSX,SNG,TRUE
AGGTGTTAGGATTTGA,PBMC-06-1,PSX01,PSX,SNG,TRUE
AGGTGTTAGTGCAAAT,PBMC-06-1,PSX01,PSX,SNG,TRUE
AGGTGTTCAGTGGGTA,PBMC-06-1,PSA03,PSA,SNG,TRUE
AGGTGTTCATGTGACT,PBMC-06-1,PSO15,PSO,SNG,FALSE
AGGTGTTGTAACTGCT,PBMC-06-1,PSA13,PSA,SNG,TRUE
AGGTGTTGTAGACGGT,PBMC-06-1,PSA02,PSA,SNG,TRUE
AGGTGTTGTATGCGTT,PBMC-06-1,PSX04,PSX,SNG,TRUE
AGGTGTTGTCCGTACG,PBMC-06-1,PSA07,PSA,DBL,FALSE
AGGTGTTGTGGTCTAT,PBMC-06-1,PSO14,PSO,SNG,TRUE
AGGTGTTGTGTTCCTC,PBMC-06-1,PSA07,PSA,SNG,FALSE
AGGTGTTGTTTCGATG,PBMC-06-1,PSA06,PSA,SNG,TRUE
AGGTGTTTCAAACTGC,PBMC-06-1,PSO15,PSO,SNG,TRUE
AGGTGTTTCAGACCCG,PBMC-06-1,PSA03,PSA,SNG,FALSE
AGGTGTTTCAGCAGAG,PBMC-06-1,PSA15,PSA,SNG,TRUE
AGGTGTTTCGAAACAA,PBMC-06-1,PSO11,PSO,SNG,TRUE
AGGTGTTTCGACATTG,PBMC-06-1,PSA07,PSA,SNG,TRUE
AGGTGTTTCGGACTTA,PBMC-06-1,PSO15,PSO,SNG,FALSE
AGGTTACAGAAGTCAT,PBMC-06-1,PSA07,PSA,SNG,FALSE
AGGTTACAGAATTGTG,PBMC-06-1,PSA02,PSA,SNG,TRUE
AGGTTACAGATGAATC,PBMC-06-1,PSA16,PSA,SNG,TRUE
AGGTTACAGCCAACCC,PBMC-06-1,PSA07,PSA,DBL,FALSE
AGGTTACAGGATTCCT,PBMC-06-1,PSA15,PSA,SNG,FALSE
AGGTTACAGTGTGTTC,PBMC-06-1,PSA17,PSA,SNG,TRUE
AGGTTACCAACGTAAA,PBMC-06-1,PSA12,PSA,SNG,TRUE
AGGTTACCACACGGAA,PBMC-06-1,PSO12,PSO,SNG,TRUE
AGGTTACCACCAGACC,PBMC-06-1,PSX01,PSX,DBL,FALSE
AGGTTACCACTGGATT,PBMC-06-1,PSA06,PSA,SNG,TRUE
AGGTTACCACTTCAGA,PBMC-06-1,PSA07,PSA,DBL,FALSE
AGGTTACCAGAGCCCT,PBMC-06-1,PSA12,PSA,SNG,TRUE
AGGTTACCAGCGCGTT,PBMC-06-1,PSX04,PSX,SNG,TRUE
AGGTTACCAGCTCATA,PBMC-06-1,PSA06,PSA,DBL,FALSE
AGGTTACGTAAGATTG,PBMC-06-1,PSA15,PSA,DBL,FALSE
AGGTTACGTCGGCACT,PBMC-06-1,PSA07,PSA,SNG,FALSE
AGGTTACGTCTTGCTC,PBMC-06-1,PSA05,PSA,SNG,TRUE
AGGTTACGTGGAGAAA,PBMC-06-1,PSA05,PSA,SNG,TRUE
AGGTTACGTGTCCGGT,PBMC-06-1,PSA15,PSA,SNG,TRUE
AGGTTACGTTTCCAAG,PBMC-06-1,PSO15,PSO,DBL,FALSE
AGGTTACTCACGACTA,PBMC-06-1,PSA07,PSA,DBL,FALSE
AGGTTACTCACGATAC,PBMC-06-1,PSO14,PSO,SNG,TRUE
AGGTTACTCCCGGTAG,PBMC-06-1,PSA14,PSA,DBL,FALSE
AGGTTACTCCGTAATG,PBMC-06-1,PSA07,PSA,SNG,TRUE
AGGTTGTAGAACTGAT,PBMC-06-1,PSA15,PSA,SNG,TRUE
AGGTTGTAGAAGCTCG,PBMC-06-1,PSO14,PSO,DBL,FALSE
AGGTTGTAGAGAGCAA,PBMC-06-1,PSX04,PSX,SNG,TRUE
AGGTTGTAGCTGAGCA,PBMC-06-1,PSA16,PSA,SNG,TRUE
AGGTTGTAGCTTTCCC,PBMC-06-1,PSA12,PSA,SNG,FALSE
AGGTTGTAGGCAGTCA,PBMC-06-1,PSA07,PSA,DBL,FALSE
AGGTTGTAGGTATTGA,PBMC-06-1,PSO12,PSO,SNG,TRUE
AGGTTGTAGGTGAGCT,PBMC-06-1,PSO15,PSO,SNG,FALSE
AGGTTGTAGTATAGAC,PBMC-06-1,PSA12,PSA,DBL,FALSE
AGGTTGTCACAAATCC,PBMC-06-1,PSA16,PSA,SNG,TRUE
AGGTTGTCAGCGACAA,PBMC-06-1,PSA16,PSA,SNG,FALSE
AGGTTGTCAGCTACAT,PBMC-06-1,PSO12,PSO,SNG,FALSE
AGGTTGTCATGTTCAG,PBMC-06-1,PSO15,PSO,SNG,TRUE
AGGTTGTGTAAGGCCA,PBMC-06-1,PSA05,PSA,AMB,FALSE
AGGTTGTGTGTAACGG,PBMC-06-1,PSA06,PSA,DBL,FALSE
AGGTTGTGTTGATGTC,PBMC-06-1,PSA15,PSA,SNG,TRUE
AGGTTGTTCGGCCAAC,PBMC-06-1,PSA12,PSA,SNG,TRUE
AGGTTGTTCGGCGATC,PBMC-06-1,PSA17,PSA,DBL,FALSE
AGGTTGTTCGGTCGGT,PBMC-06-1,PSA13,PSA,SNG,TRUE
AGGTTGTTCTCTGACC,PBMC-06-1,PSO14,PSO,SNG,TRUE
AGGTTGTTCTTTCAGT,PBMC-06-1,PSA14,PSA,DBL,FALSE
AGTAACCAGAAGTCAT,PBMC-06-1,PSA14,PSA,SNG,TRUE
AGTAACCAGATGCTAA,PBMC-06-1,PSA02,PSA,SNG,TRUE
AGTAACCAGCCATCCG,PBMC-06-1,PSO15,PSO,SNG,TRUE
AGTAACCAGGTCCCTG,PBMC-06-1,PSO11,PSO,SNG,TRUE
AGTAACCAGTAGGAAG,PBMC-06-1,PSA16,PSA,SNG,FALSE
AGTAACCAGTTACTCG,PBMC-06-1,PSA07,PSA,SNG,TRUE
AGTAACCCAATCGTCA,PBMC-06-1,PSA17,PSA,SNG,TRUE
AGTAACCCAATGACCT,PBMC-06-1,PSO15,PSO,SNG,FALSE
AGTAACCCAGAGGCTA,PBMC-06-1,PSO15,PSO,SNG,TRUE
AGTAACCCAGCATACT,PBMC-06-1,PSA07,PSA,SNG,TRUE
AGTAACCCATTGGGAG,PBMC-06-1,PSA16,PSA,SNG,TRUE
AGTAACCGTAACGGTG,PBMC-06-1,PSO14,PSO,AMB,FALSE
AGTAACCGTACCGCGT,PBMC-06-1,PSO12,PSO,SNG,TRUE
AGTAACCGTATGTCCA,PBMC-06-1,PSA02,PSA,SNG,TRUE
AGTAACCGTCACTCGG,PBMC-06-1,PSA17,PSA,SNG,TRUE
AGTAACCGTCAGTCTA,PBMC-06-1,PSO12,PSO,SNG,FALSE
AGTAACCGTCGTTCAA,PBMC-06-1,PSA05,PSA,SNG,TRUE
AGTAACCGTCTTCCGT,PBMC-06-1,PSA05,PSA,SNG,TRUE
AGTAACCGTTAGGGTG,PBMC-06-1,PSA17,PSA,SNG,TRUE
AGTAACCTCAGCTGAT,PBMC-06-1,PSO16,PSO,DBL,FALSE
AGTAACCTCAGGAGAC,PBMC-06-1,PSA03,PSA,DBL,FALSE
AGTAACCTCTTACTGT,PBMC-06-1,PSA05,PSA,SNG,TRUE
AGTACCACAACTAGAA,PBMC-06-1,PSA03,PSA,DBL,FALSE
AGTACCACACAGACGA,PBMC-06-1,PSO12,PSO,SNG,FALSE
AGTACCACACAGTGTT,PBMC-06-1,PSO15,PSO,DBL,FALSE
AGTACCACACGCAAAG,PBMC-06-1,PSA05,PSA,SNG,TRUE
AGTACCACAGAACATA,PBMC-06-1,PSA02,PSA,SNG,TRUE
AGTACCACAGATCCTA,PBMC-06-1,PSA13,PSA,SNG,FALSE
AGTACCACAGCTTCCT,PBMC-06-1,PSA02,PSA,SNG,TRUE
AGTACCAGTACCCGAC,PBMC-06-1,PSO14,PSO,AMB,FALSE
AGTACCAGTCACCACG,PBMC-06-1,PSX04,PSX,SNG,TRUE
AGTACCAGTCCTCAGG,PBMC-06-1,PSA17,PSA,SNG,TRUE
AGTACCAGTCGTCGGT,PBMC-06-1,PSA06,PSA,AMB,FALSE
AGTACCAGTGAGCTCC,PBMC-06-1,PSA04,PSA,DBL,FALSE
AGTACCAGTGAGTTTC,PBMC-06-1,PSA07,PSA,SNG,TRUE
AGTACCAGTGGGTCAA,PBMC-06-1,PSA12,PSA,SNG,TRUE
AGTACCAGTGGTCCCA,PBMC-06-1,PSA14,PSA,SNG,TRUE
AGTACCAGTTAGGCCC,PBMC-06-1,PSA17,PSA,SNG,TRUE
AGTACCAGTTCTCGCT,PBMC-06-1,PSA03,PSA,SNG,TRUE
AGTACTGAGAAATTGC,PBMC-06-1,PSA15,PSA,SNG,TRUE
AGTACTGAGAACTTCC,PBMC-06-1,PSA02,PSA,SNG,FALSE
AGTACTGAGCGCCATC,PBMC-06-1,PSO12,PSO,SNG,TRUE
AGTACTGAGCGTACAG,PBMC-06-1,PSA17,PSA,DBL,FALSE
AGTACTGAGCTGGCCT,PBMC-06-1,PSA03,PSA,DBL,FALSE
AGTACTGAGTGCGTCC,PBMC-06-1,PSX01,PSX,SNG,FALSE
AGTACTGCAGCCTTCT,PBMC-06-1,PSA07,PSA,SNG,TRUE
AGTACTGGTAGAGTTA,PBMC-06-1,PSO11,PSO,SNG,TRUE
AGTACTGGTAGTTCCA,PBMC-06-1,PSA07,PSA,SNG,TRUE
AGTACTGGTATCGAGG,PBMC-06-1,PSA07,PSA,SNG,TRUE
AGTACTGGTCTACGTA,PBMC-06-1,PSA14,PSA,SNG,TRUE
AGTACTGGTGAGGCAT,PBMC-06-1,PSA07,PSA,SNG,TRUE
AGTACTGGTTATGTCG,PBMC-06-1,PSO11,PSO,DBL,FALSE
AGTACTGGTTGTACGT,PBMC-06-1,PSO13,PSO,SNG,TRUE
AGTACTGGTTGTCATG,PBMC-06-1,PSA04,PSA,SNG,TRUE
AGTACTGTCAGCGCGT,PBMC-06-1,PSA12,PSA,SNG,TRUE
AGTACTGTCCAAGGGA,PBMC-06-1,PSO12,PSO,SNG,TRUE
AGTACTGTCGATACTG,PBMC-06-1,PSA04,PSA,DBL,FALSE
AGTACTGTCGGATAAA,PBMC-06-1,PSX01,PSX,SNG,TRUE
AGTACTGTCTACTGAG,PBMC-06-1,PSO11,PSO,SNG,TRUE
AGTAGCTAGAACAAGG,PBMC-06-1,PSO14,PSO,SNG,TRUE
AGTAGCTAGAATTCAG,PBMC-06-1,PSA02,PSA,SNG,TRUE
AGTAGCTAGACACACG,PBMC-06-1,PSA16,PSA,SNG,TRUE
AGTAGCTAGCACTAGG,PBMC-06-1,PSA12,PSA,SNG,TRUE
AGTAGCTAGCAGCACA,PBMC-06-1,PSA04,PSA,SNG,TRUE
AGTAGCTAGCCGTTGC,PBMC-06-1,PSA04,PSA,AMB,FALSE
AGTAGCTAGCTCTATG,PBMC-06-1,PSA05,PSA,SNG,TRUE
AGTAGCTAGGCGTTAG,PBMC-06-1,PSX04,PSX,SNG,TRUE
AGTAGCTAGGGTTGCA,PBMC-06-1,PSA17,PSA,DBL,FALSE
AGTAGCTAGGTAAGGA,PBMC-06-1,PSO11,PSO,DBL,FALSE
AGTAGCTAGTGGATAT,PBMC-06-1,PSX01,PSX,DBL,FALSE
AGTAGCTCAAACCACT,PBMC-06-1,PSA14,PSA,SNG,TRUE
AGTAGCTCACAAGCCC,PBMC-06-1,PSA15,PSA,SNG,TRUE
AGTAGCTCACAGCTTA,PBMC-06-1,PSA06,PSA,DBL,FALSE
AGTAGCTCAGCTGTCG,PBMC-06-1,PSA07,PSA,SNG,TRUE
AGTAGCTCAGGGTTGA,PBMC-06-1,PSO11,PSO,DBL,FALSE
AGTAGCTGTAATACCC,PBMC-06-1,PSX01,PSX,SNG,TRUE
AGTAGCTGTAGCGATG,PBMC-06-1,PSA07,PSA,SNG,FALSE
AGTAGCTGTTCCAAAC,PBMC-06-1,PSO13,PSO,DBL,FALSE
AGTAGCTTCAAGGTGG,PBMC-06-1,PSA05,PSA,AMB,FALSE
AGTAGCTTCACCTTGC,PBMC-06-1,PSA06,PSA,SNG,TRUE
AGTAGCTTCCAACCGG,PBMC-06-1,PSA15,PSA,SNG,TRUE
AGTAGCTTCCCGTGTT,PBMC-06-1,PSA13,PSA,SNG,TRUE
AGTAGCTTCGCGGACT,PBMC-06-1,PSA14,PSA,SNG,TRUE
AGTAGCTTCGGTGCAC,PBMC-06-1,PSX04,PSX,SNG,TRUE
AGTAGCTTCTCTGCCA,PBMC-06-1,PSA07,PSA,SNG,FALSE
AGTAGTCAGAAGGGAT,PBMC-06-1,PSA07,PSA,DBL,FALSE
AGTAGTCAGAGAGCCT,PBMC-06-1,PSA07,PSA,SNG,TRUE
AGTAGTCAGAGCATTA,PBMC-06-1,PSO13,PSO,SNG,FALSE
AGTAGTCAGCGATCGA,PBMC-06-1,PSA03,PSA,SNG,FALSE
AGTAGTCAGGGCAGGA,PBMC-06-1,PSO12,PSO,DBL,FALSE
AGTAGTCAGTGAGCCA,PBMC-06-1,PSA17,PSA,SNG,TRUE
AGTAGTCAGTGGAATT,PBMC-06-1,PSA05,PSA,SNG,FALSE
AGTAGTCCAAACAGGC,PBMC-06-1,PSX01,PSX,SNG,FALSE
AGTAGTCCACTGTCGG,PBMC-06-1,PSA05,PSA,SNG,TRUE
AGTAGTCCACTTCATT,PBMC-06-1,PSX01,PSX,SNG,TRUE
AGTAGTCCAGTAACAA,PBMC-06-1,PSA16,PSA,SNG,TRUE
AGTAGTCCATACTTTC,PBMC-06-1,PSO11,PSO,AMB,FALSE
AGTAGTCCATGTTCGA,PBMC-06-1,PSA07,PSA,SNG,TRUE
AGTAGTCCATTGTAGC,PBMC-06-1,PSA12,PSA,AMB,FALSE
AGTAGTCGTAACATCC,PBMC-06-1,PSX04,PSX,SNG,TRUE
AGTAGTCGTTCAGTAC,PBMC-06-1,PSA13,PSA,SNG,TRUE
AGTAGTCGTTGGATCT,PBMC-06-1,PSX01,PSX,DBL,FALSE
AGTAGTCTCATGAGAA,PBMC-06-1,PSA15,PSA,SNG,TRUE
AGTAGTCTCCGTAGGC,PBMC-06-1,PSA17,PSA,SNG,TRUE
AGTAGTCTCCTACACC,PBMC-06-1,PSO13,PSO,DBL,FALSE
AGTAGTCTCGGCTGGT,PBMC-06-1,PSA07,PSA,DBL,FALSE
AGTAGTCTCGGTAGGA,PBMC-06-1,PSA15,PSA,SNG,TRUE
AGTAGTCTCTTGTGCC,PBMC-06-1,PSA12,PSA,SNG,TRUE
AGTCAACAGAGCAAGA,PBMC-06-1,PSA07,PSA,SNG,TRUE
AGTCAACAGCAGATAT,PBMC-06-1,PSA05,PSA,SNG,TRUE
AGTCAACAGCTACGTT,PBMC-06-1,PSA17,PSA,SNG,TRUE
AGTCAACAGGAGAGGC,PBMC-06-1,PSA17,PSA,SNG,TRUE
AGTCAACAGGTAAACT,PBMC-06-1,PSO12,PSO,SNG,TRUE
AGTCAACAGGTGAGAA,PBMC-06-1,PSA07,PSA,SNG,TRUE
AGTCAACCACCATAAC,PBMC-06-1,PSO11,PSO,SNG,TRUE
AGTCAACCATCGAGCC,PBMC-06-1,PSO12,PSO,SNG,TRUE
AGTCAACCATCTGCGG,PBMC-06-1,PSA05,PSA,DBL,FALSE
AGTCAACCATGACGTT,PBMC-06-1,PSA05,PSA,SNG,TRUE
AGTCAACGTACGTGAG,PBMC-06-1,PSX01,PSX,SNG,TRUE
AGTCAACGTACGTGTT,PBMC-06-1,PSA05,PSA,SNG,TRUE
AGTCAACGTACTGACT,PBMC-06-1,PSO14,PSO,SNG,TRUE
AGTCAACGTCACAGTT,PBMC-06-1,PSA03,PSA,SNG,TRUE
AGTCAACTCAACTGGT,PBMC-06-1,PSA02,PSA,SNG,FALSE
AGTCAACTCGCCGATG,PBMC-06-1,PSA02,PSA,SNG,TRUE
AGTCAACTCGCTCCTA,PBMC-06-1,PSO15,PSO,SNG,TRUE
AGTCAACTCTCAGGCG,PBMC-06-1,PSA06,PSA,DBL,FALSE
AGTCAACTCTGGTCAA,PBMC-06-1,PSA12,PSA,SNG,TRUE
AGTCAACTCTTAGCTT,PBMC-06-1,PSA03,PSA,SNG,TRUE
AGTCACAAGAGAACCC,PBMC-06-1,PSO12,PSO,SNG,FALSE
AGTCACAAGCAGTACG,PBMC-06-1,PSO12,PSO,SNG,TRUE
AGTCACAAGGATTCAA,PBMC-06-1,PSX04,PSX,SNG,TRUE
AGTCACAAGGTCGACA,PBMC-06-1,PSA06,PSA,SNG,TRUE
AGTCACAAGTTCCAGT,PBMC-06-1,PSA07,PSA,AMB,FALSE
AGTCACACACACACTA,PBMC-06-1,PSA04,PSA,SNG,TRUE
AGTCACACAGAACATA,PBMC-06-1,PSO15,PSO,SNG,TRUE
AGTCACAGTACCAGAG,PBMC-06-1,PSA05,PSA,SNG,FALSE
AGTCACAGTAGTATAG,PBMC-06-1,PSO15,PSO,AMB,FALSE
AGTCACAGTATACCTG,PBMC-06-1,PSA14,PSA,SNG,TRUE
AGTCACAGTATCACCA,PBMC-06-1,PSO12,PSO,SNG,TRUE
AGTCACAGTCACAGAG,PBMC-06-1,PSO15,PSO,SNG,TRUE
AGTCACAGTCGAAACG,PBMC-06-1,PSA12,PSA,SNG,TRUE
AGTCACAGTGTACGCC,PBMC-06-1,PSA04,PSA,SNG,TRUE
AGTCACAGTGTTAACC,PBMC-06-1,PSA02,PSA,SNG,TRUE
AGTCACATCACGGGCT,PBMC-06-1,PSA15,PSA,SNG,TRUE
AGTCACATCAGTGTGT,PBMC-06-1,PSO15,PSO,DBL,FALSE
AGTCACATCGTGTGAT,PBMC-06-1,PSX01,PSX,SNG,TRUE
AGTCACATCTCAAAGC,PBMC-06-1,PSO11,PSO,SNG,TRUE
AGTCATGAGAGCATCG,PBMC-06-1,PSO12,PSO,DBL,FALSE
AGTCATGAGCTACAAA,PBMC-06-1,PSA14,PSA,SNG,TRUE
AGTCATGAGGTGGGTT,PBMC-06-1,PSO13,PSO,SNG,TRUE
AGTCATGCAACCGATT,PBMC-06-1,PSA17,PSA,SNG,FALSE
AGTCATGCAGACGCTC,PBMC-06-1,PSA04,PSA,SNG,TRUE
AGTCATGCAGCGTACC,PBMC-06-1,PSX04,PSX,SNG,TRUE
AGTCATGCATAACAGA,PBMC-06-1,PSA07,PSA,SNG,TRUE
AGTCATGCATACCACA,PBMC-06-1,PSA05,PSA,DBL,FALSE
AGTCATGGTATCGAGG,PBMC-06-1,PSO15,PSO,SNG,TRUE
AGTCATGGTGAGCGAT,PBMC-06-1,PSO12,PSO,SNG,TRUE
AGTCATGGTGCTTCAA,PBMC-06-1,PSA14,PSA,SNG,TRUE
AGTCATGGTTCTTAGG,PBMC-06-1,PSO15,PSO,SNG,TRUE
AGTCATGGTTGCCGCA,PBMC-06-1,PSO15,PSO,SNG,TRUE
AGTCATGTCAGCTTCC,PBMC-06-1,PSA02,PSA,SNG,TRUE
AGTCATGTCGACGAGA,PBMC-06-1,PSA14,PSA,SNG,TRUE
AGTCATGTCGCCTATC,PBMC-06-1,PSO12,PSO,SNG,FALSE
AGTCATGTCGTTCTCG,PBMC-06-1,PSA12,PSA,SNG,TRUE
AGTCTCCAGAAGGCTC,PBMC-06-1,PSA07,PSA,SNG,FALSE
AGTCTCCAGAAGTATC,PBMC-06-1,PSA13,PSA,SNG,TRUE
AGTCTCCAGATTGTGA,PBMC-06-1,PSA06,PSA,SNG,TRUE
AGTCTCCAGCTAGTTC,PBMC-06-1,PSA12,PSA,SNG,TRUE
AGTCTCCAGGATTCCT,PBMC-06-1,PSO11,PSO,SNG,TRUE
AGTCTCCCAAAGACGC,PBMC-06-1,PSO13,PSO,SNG,TRUE
AGTCTCCCAAATACGA,PBMC-06-1,PSX04,PSX,SNG,FALSE
AGTCTCCCAAGTGCTT,PBMC-06-1,PSA17,PSA,SNG,TRUE
AGTCTCCCACTACGGC,PBMC-06-1,PSO15,PSO,SNG,TRUE
AGTCTCCCAGACGCTC,PBMC-06-1,PSO14,PSO,SNG,TRUE
AGTCTCCCAGGGTTGA,PBMC-06-1,PSX01,PSX,SNG,TRUE
AGTCTCCCATCGGATT,PBMC-06-1,PSA17,PSA,DBL,FALSE
AGTCTCCCATGTTACG,PBMC-06-1,PSO12,PSO,SNG,TRUE
AGTCTCCCATTGACAC,PBMC-06-1,PSO12,PSO,SNG,TRUE
AGTCTCCGTAGGGTAC,PBMC-06-1,PSA03,PSA,SNG,TRUE
AGTCTCCGTCTAGATC,PBMC-06-1,PSA07,PSA,DBL,FALSE
AGTCTCCGTCTAGGCC,PBMC-06-1,PSA06,PSA,SNG,TRUE
AGTCTCCGTGCAGATG,PBMC-06-1,PSA16,PSA,SNG,FALSE
AGTCTCCGTGCTCCGA,PBMC-06-1,PSA07,PSA,SNG,TRUE
AGTCTCCGTGGGTATG,PBMC-06-1,PSA12,PSA,SNG,TRUE
AGTCTCCGTGTGACCC,PBMC-06-1,PSA05,PSA,SNG,TRUE
AGTCTCCGTTGAAGTA,PBMC-06-1,PSA05,PSA,SNG,TRUE
AGTCTCCGTTTGACAC,PBMC-06-1,PSX04,PSX,SNG,TRUE
AGTCTCCTCCGGACGT,PBMC-06-1,PSA06,PSA,SNG,TRUE
AGTCTCCTCCGTGCGA,PBMC-06-1,PSA07,PSA,SNG,TRUE
AGTCTCCTCCTGCCAT,PBMC-06-1,PSA17,PSA,SNG,TRUE
AGTCTCCTCGTCAACA,PBMC-06-1,PSX04,PSX,SNG,TRUE
AGTCTCCTCTGTGCAA,PBMC-06-1,PSO12,PSO,SNG,FALSE
AGTGACTAGCATCAGG,PBMC-06-1,PSA15,PSA,SNG,TRUE
AGTGACTAGCCAACCC,PBMC-06-1,PSA02,PSA,SNG,TRUE
AGTGACTAGGATAATC,PBMC-06-1,PSA07,PSA,DBL,FALSE
AGTGACTAGGGCAGGA,PBMC-06-1,PSO15,PSO,DBL,FALSE
AGTGACTAGTTAACAG,PBMC-06-1,PSA14,PSA,SNG,TRUE
AGTGACTCAAGCACAG,PBMC-06-1,PSA15,PSA,SNG,TRUE
AGTGACTCAAGGCTTT,PBMC-06-1,PSA05,PSA,SNG,FALSE
AGTGACTCAATCTAGC,PBMC-06-1,PSO15,PSO,SNG,TRUE
AGTGACTCACAGCCAC,PBMC-06-1,PSA02,PSA,DBL,FALSE
AGTGACTCATAGATGA,PBMC-06-1,PSA02,PSA,AMB,FALSE
AGTGACTCATCATCTT,PBMC-06-1,PSO12,PSO,SNG,TRUE
AGTGACTCATCCTGTC,PBMC-06-1,PSA15,PSA,DBL,FALSE
AGTGACTGTACCCACG,PBMC-06-1,PSO16,PSO,SNG,TRUE
AGTGACTGTCATCTAG,PBMC-06-1,PSA16,PSA,SNG,TRUE
AGTGACTGTCATTCCC,PBMC-06-1,PSO15,PSO,SNG,TRUE
AGTGACTGTCGACTTA,PBMC-06-1,PSA17,PSA,SNG,TRUE
AGTGACTGTCTGTCAA,PBMC-06-1,PSA12,PSA,SNG,TRUE
AGTGACTGTGAAGCGT,PBMC-06-1,PSO14,PSO,SNG,FALSE
AGTGACTGTGTCTTCC,PBMC-06-1,PSX04,PSX,SNG,TRUE
AGTGACTGTTGGAGGT,PBMC-06-1,PSA05,PSA,DBL,FALSE
AGTGACTTCAAGTAAG,PBMC-06-1,PSO15,PSO,SNG,FALSE
AGTGACTTCATAGGCT,PBMC-06-1,PSA12,PSA,DBL,FALSE
AGTGACTTCCTGGGTG,PBMC-06-1,PSA05,PSA,AMB,FALSE
AGTGACTTCGTCGACG,PBMC-06-1,PSA12,PSA,DBL,FALSE
AGTGACTTCTACCCAC,PBMC-06-1,PSA03,PSA,SNG,FALSE
AGTGATCAGATCGACG,PBMC-06-1,PSA16,PSA,SNG,TRUE
AGTGATCAGGTCATCT,PBMC-06-1,PSA13,PSA,SNG,FALSE
AGTGATCCAGAACGCA,PBMC-06-1,PSO15,PSO,SNG,TRUE
AGTGATCCAGCGTACC,PBMC-06-1,PSA06,PSA,SNG,TRUE
AGTGATCCATGCAGCC,PBMC-06-1,PSA07,PSA,SNG,TRUE
AGTGATCCATGGAGAC,PBMC-06-1,PSX01,PSX,SNG,TRUE
AGTGATCGTAGGTTTC,PBMC-06-1,PSA07,PSA,SNG,TRUE
AGTGATCGTATGAGGC,PBMC-06-1,PSO15,PSO,SNG,FALSE
AGTGATCGTGGACAGT,PBMC-06-1,PSX01,PSX,SNG,TRUE
AGTGATCTCTTCGCTG,PBMC-06-1,PSA13,PSA,SNG,TRUE
AGTGCCGAGACTACCT,PBMC-06-1,PSA17,PSA,SNG,TRUE
AGTGCCGAGATCCCAT,PBMC-06-1,PSA16,PSA,SNG,TRUE
AGTGCCGAGCCTGCCA,PBMC-06-1,PSA06,PSA,SNG,TRUE
AGTGCCGAGCGAGGAG,PBMC-06-1,PSA05,PSA,AMB,FALSE
AGTGCCGAGGTAGACC,PBMC-06-1,PSA17,PSA,SNG,TRUE
AGTGCCGAGTCATGCT,PBMC-06-1,PSX04,PSX,SNG,TRUE
AGTGCCGAGTTCGGTT,PBMC-06-1,PSO15,PSO,SNG,TRUE
AGTGCCGCAACCCTCT,PBMC-06-1,PSA06,PSA,SNG,TRUE
AGTGCCGCAAGCTGTT,PBMC-06-1,PSA14,PSA,SNG,TRUE
AGTGCCGCACAGTGAG,PBMC-06-1,PSA15,PSA,SNG,TRUE
AGTGCCGCAGAGTTCT,PBMC-06-1,PSA17,PSA,SNG,TRUE
AGTGCCGGTACGCTAT,PBMC-06-1,PSO15,PSO,AMB,FALSE
AGTGCCGGTCAAGCGA,PBMC-06-1,PSA07,PSA,SNG,TRUE
AGTGCCGGTGCCTACG,PBMC-06-1,PSA16,PSA,SNG,TRUE
AGTGCCGGTGCGGTAA,PBMC-06-1,PSA03,PSA,AMB,FALSE
AGTGCCGGTTCTAACG,PBMC-06-1,PSA17,PSA,SNG,TRUE
AGTGCCGTCCCATAAG,PBMC-06-1,PSA07,PSA,DBL,FALSE
AGTGCCGTCCCGAAAT,PBMC-06-1,PSA06,PSA,SNG,TRUE
AGTGCCGTCGTTCGCT,PBMC-06-1,PSA16,PSA,SNG,TRUE
AGTGTTGAGATGCGAC,PBMC-06-1,PSO15,PSO,SNG,FALSE
AGTGTTGAGCACTAAA,PBMC-06-1,PSA06,PSA,SNG,FALSE
AGTGTTGAGCGCCTAC,PBMC-06-1,PSO15,PSO,SNG,TRUE
AGTGTTGAGGCCATAG,PBMC-06-1,PSA15,PSA,SNG,TRUE
AGTGTTGAGTACTGGG,PBMC-06-1,PSX01,PSX,SNG,FALSE
AGTGTTGCAATTGAAG,PBMC-06-1,PSO14,PSO,DBL,FALSE
AGTGTTGCACGACGCT,PBMC-06-1,PSA06,PSA,DBL,FALSE
AGTGTTGCATTGAAGA,PBMC-06-1,PSA13,PSA,SNG,TRUE
AGTGTTGGTCATCTAG,PBMC-06-1,PSO11,PSO,DBL,FALSE
AGTGTTGGTGAGTTTC,PBMC-06-1,PSX04,PSX,DBL,FALSE
AGTGTTGGTGATGAAT,PBMC-06-1,PSO11,PSO,SNG,TRUE
AGTGTTGGTTAGGGTG,PBMC-06-1,PSA16,PSA,DBL,FALSE
AGTGTTGTCATACGGT,PBMC-06-1,PSA15,PSA,SNG,TRUE
AGTTAGCAGACTCGAG,PBMC-06-1,PSA07,PSA,SNG,TRUE
AGTTAGCAGCGCACAA,PBMC-06-1,PSO13,PSO,SNG,TRUE
AGTTAGCAGCTGCGAA,PBMC-06-1,PSO13,PSO,SNG,TRUE
AGTTAGCAGTGCACCC,PBMC-06-1,PSO15,PSO,SNG,TRUE
AGTTAGCCAACGTTAC,PBMC-06-1,PSO12,PSO,SNG,TRUE
AGTTAGCCAAGCACAG,PBMC-06-1,PSA12,PSA,SNG,TRUE
AGTTAGCCACATAGCT,PBMC-06-1,PSX01,PSX,SNG,TRUE
AGTTAGCCAGATTCGT,PBMC-06-1,PSA06,PSA,SNG,TRUE
AGTTAGCCAGTAGTTC,PBMC-06-1,PSA17,PSA,SNG,TRUE
AGTTAGCGTACCGGCT,PBMC-06-1,PSA15,PSA,SNG,TRUE
AGTTAGCGTATCGAAA,PBMC-06-1,PSA12,PSA,AMB,FALSE
AGTTAGCGTTCCTACC,PBMC-06-1,PSA07,PSA,DBL,FALSE
AGTTAGCGTTTAAGGA,PBMC-06-1,PSO15,PSO,SNG,FALSE
AGTTAGCTCATGCCCT,PBMC-06-1,PSO15,PSO,SNG,FALSE
AGTTAGCTCCCTTGTG,PBMC-06-1,PSA05,PSA,SNG,FALSE
AGTTAGCTCTACGCAA,PBMC-06-1,PSO12,PSO,SNG,TRUE
AGTTAGCTCTATCGCC,PBMC-06-1,PSA02,PSA,SNG,TRUE
AGTTCCCAGACCAACG,PBMC-06-1,PSA07,PSA,DBL,FALSE
AGTTCCCAGATGCTAA,PBMC-06-1,PSA07,PSA,SNG,TRUE
AGTTCCCAGCATATGA,PBMC-06-1,PSA12,PSA,SNG,TRUE
AGTTCCCAGCATCAAA,PBMC-06-1,PSA16,PSA,AMB,FALSE
AGTTCCCAGCCATATC,PBMC-06-1,PSX01,PSX,DBL,FALSE
AGTTCCCAGTGCAGGT,PBMC-06-1,PSA02,PSA,DBL,FALSE
AGTTCCCAGTGGAATT,PBMC-06-1,PSX01,PSX,SNG,TRUE
AGTTCCCAGTTGCTGT,PBMC-06-1,PSA04,PSA,SNG,TRUE
AGTTCCCCAATCGCAT,PBMC-06-1,PSO12,PSO,SNG,TRUE
AGTTCCCGTCGAAGCA,PBMC-06-1,PSA15,PSA,SNG,TRUE
AGTTCCCGTCGCTGCA,PBMC-06-1,PSO11,PSO,SNG,TRUE
AGTTCCCGTCGTATTG,PBMC-06-1,PSX01,PSX,SNG,TRUE
AGTTCCCGTGCTCTTC,PBMC-06-1,PSA04,PSA,SNG,FALSE
AGTTCCCGTTGCGAAG,PBMC-06-1,PSA16,PSA,SNG,TRUE
AGTTCCCGTTTCGACA,PBMC-06-1,PSX01,PSX,SNG,FALSE
AGTTCCCTCACCGCTT,PBMC-06-1,PSX01,PSX,SNG,FALSE
AGTTCCCTCACTGAAC,PBMC-06-1,PSO11,PSO,SNG,TRUE
AGTTCCCTCGAGCACC,PBMC-06-1,PSX01,PSX,SNG,TRUE
AGTTCCCTCTTAGGAC,PBMC-06-1,PSO14,PSO,SNG,TRUE
AGTTCGAAGCACACAG,PBMC-06-1,PSX01,PSX,SNG,TRUE
AGTTCGAAGCGACTTT,PBMC-06-1,PSA07,PSA,SNG,TRUE
AGTTCGAAGCTAAATG,PBMC-06-1,PSX04,PSX,SNG,FALSE
AGTTCGAAGGACGCAT,PBMC-06-1,PSO11,PSO,SNG,TRUE
AGTTCGAAGGGATCTG,PBMC-06-1,PSO15,PSO,SNG,FALSE
AGTTCGAAGTGGCGAT,PBMC-06-1,PSA03,PSA,DBL,FALSE
AGTTCGACAACCGCCA,PBMC-06-1,PSO16,PSO,SNG,FALSE
AGTTCGACAACGATTC,PBMC-06-1,PSA02,PSA,SNG,TRUE
AGTTCGACAAGGTACG,PBMC-06-1,PSO13,PSO,SNG,TRUE
AGTTCGACACCATAAC,PBMC-06-1,PSA12,PSA,AMB,FALSE
AGTTCGACAGTCGTTA,PBMC-06-1,PSO15,PSO,DBL,FALSE
AGTTCGACAGTTGTCA,PBMC-06-1,PSA05,PSA,SNG,TRUE
AGTTCGACATGGCTAT,PBMC-06-1,PSA05,PSA,SNG,TRUE
AGTTCGACATTGTCGA,PBMC-06-1,PSA14,PSA,SNG,FALSE
AGTTCGAGTCAGGTAG,PBMC-06-1,PSO14,PSO,SNG,TRUE
AGTTCGAGTGAGAACC,PBMC-06-1,PSA04,PSA,DBL,FALSE
AGTTCGAGTGCATTTG,PBMC-06-1,PSX04,PSX,SNG,TRUE
AGTTCGAGTGCTGATT,PBMC-06-1,PSA07,PSA,DBL,FALSE
AGTTCGAGTGGACTGA,PBMC-06-1,PSO15,PSO,SNG,TRUE
AGTTCGAGTGGAGGTT,PBMC-06-1,PSA03,PSA,SNG,TRUE
AGTTCGAGTGGATCGA,PBMC-06-1,PSA04,PSA,SNG,TRUE
AGTTCGAGTGGGTTGA,PBMC-06-1,PSA17,PSA,SNG,TRUE
AGTTCGATCGGACTGC,PBMC-06-1,PSX01,PSX,SNG,TRUE
AGTTCGATCTCCACTG,PBMC-06-1,PSA05,PSA,AMB,FALSE
AGTTCGATCTGCGATA,PBMC-06-1,PSA17,PSA,SNG,TRUE
ATACCGAAGAAATTCG,PBMC-06-1,PSO15,PSO,DBL,FALSE
ATACCGAAGACATCAA,PBMC-06-1,PSX01,PSX,SNG,TRUE
ATACCGAAGACGAAGA,PBMC-06-1,PSA16,PSA,SNG,TRUE
ATACCGAAGATGGCAC,PBMC-06-1,PSO14,PSO,SNG,TRUE
ATACCGAAGGCCTAAG,PBMC-06-1,PSA15,PSA,SNG,TRUE
ATACCGAAGGGCATGT,PBMC-06-1,PSA07,PSA,SNG,TRUE
ATACCGAAGGTGATAT,PBMC-06-1,PSX04,PSX,SNG,TRUE
ATACCGAAGTCTGCGC,PBMC-06-1,PSA06,PSA,SNG,TRUE
ATACCGAAGTGGACGT,PBMC-06-1,PSA05,PSA,SNG,TRUE
ATACCGACAAGCGATG,PBMC-06-1,PSA03,PSA,SNG,FALSE
ATACCGACAAGCTCTA,PBMC-06-1,PSO15,PSO,SNG,TRUE
ATACCGACAATCGCGC,PBMC-06-1,PSA04,PSA,SNG,TRUE
ATACCGACACCCTAAA,PBMC-06-1,PSA12,PSA,DBL,FALSE
ATACCGACAGATTCGT,PBMC-06-1,PSA13,PSA,SNG,TRUE
ATACCGACAGCACACC,PBMC-06-1,PSX01,PSX,SNG,TRUE
ATACCGACATCCGAGC,PBMC-06-1,PSA07,PSA,SNG,TRUE
ATACCGAGTACTAACC,PBMC-06-1,PSA14,PSA,SNG,TRUE
ATACCGAGTATGCTTG,PBMC-06-1,PSO16,PSO,SNG,TRUE
ATACCGAGTCAACCAT,PBMC-06-1,PSA05,PSA,SNG,TRUE
ATACCGAGTCTAGGCC,PBMC-06-1,PSO12,PSO,SNG,FALSE
ATACCGAGTCTGTCCT,PBMC-06-1,PSA13,PSA,SNG,FALSE
ATACCGAGTGACTGTT,PBMC-06-1,PSO12,PSO,SNG,TRUE
ATACCGAGTTGCTGAT,PBMC-06-1,PSA03,PSA,DBL,FALSE
ATACCGATCAACGAGG,PBMC-06-1,PSO13,PSO,DBL,FALSE
ATACCGATCAATCCAG,PBMC-06-1,PSA02,PSA,SNG,TRUE
ATACCGATCAGGAAGC,PBMC-06-1,PSA07,PSA,SNG,TRUE
ATACCGATCCATCTCG,PBMC-06-1,PSA07,PSA,SNG,TRUE
ATACCGATCCATTGGA,PBMC-06-1,PSA16,PSA,SNG,TRUE
ATACCTTAGACATCAA,PBMC-06-1,PSA17,PSA,SNG,TRUE
ATACCTTAGAGCAGAA,PBMC-06-1,PSO15,PSO,SNG,TRUE
ATACCTTAGCCTCAGC,PBMC-06-1,PSO11,PSO,DBL,FALSE
ATACCTTAGTCTCTGA,PBMC-06-1,PSA06,PSA,SNG,TRUE
ATACCTTAGTTGGCTT,PBMC-06-1,PSA03,PSA,SNG,TRUE
ATACCTTCAACCAACT,PBMC-06-1,PSA13,PSA,SNG,TRUE
ATACCTTCAAGCGAGT,PBMC-06-1,PSA14,PSA,DBL,FALSE
ATACCTTCAAGGCTTT,PBMC-06-1,PSA07,PSA,DBL,FALSE
ATACCTTCACCAGCGT,PBMC-06-1,PSA17,PSA,DBL,FALSE
ATACCTTCACGATTCA,PBMC-06-1,PSA04,PSA,SNG,TRUE
ATACCTTCACGGAAGT,PBMC-06-1,PSO13,PSO,SNG,TRUE
ATACCTTCACTTGTCC,PBMC-06-1,PSA06,PSA,DBL,FALSE
ATACCTTCAGGTTACT,PBMC-06-1,PSX01,PSX,SNG,TRUE
ATACCTTCATCAGTGT,PBMC-06-1,PSA12,PSA,SNG,FALSE
ATACCTTCATGGCCCA,PBMC-06-1,PSA12,PSA,AMB,FALSE
ATACCTTGTACACGTT,PBMC-06-1,PSO12,PSO,SNG,TRUE
ATACCTTGTATCGTTG,PBMC-06-1,PSA15,PSA,SNG,TRUE
ATACCTTGTCCTCATC,PBMC-06-1,PSO11,PSO,DBL,FALSE
ATACCTTGTGGTCAAG,PBMC-06-1,PSA06,PSA,DBL,FALSE
ATACCTTTCAGCGGAA,PBMC-06-1,PSX01,PSX,SNG,TRUE
ATACCTTTCCATGATG,PBMC-06-1,PSA13,PSA,DBL,FALSE
ATACCTTTCCGCAGTG,PBMC-06-1,PSA13,PSA,SNG,TRUE
ATACCTTTCCGGGACT,PBMC-06-1,PSA13,PSA,DBL,FALSE
ATACCTTTCGACCATA,PBMC-06-1,PSO12,PSO,SNG,FALSE
ATACCTTTCGACCCAG,PBMC-06-1,PSA14,PSA,SNG,TRUE
ATACTTCAGAGAGTTT,PBMC-06-1,PSA13,PSA,SNG,TRUE
ATACTTCAGAGGGCGA,PBMC-06-1,PSO13,PSO,SNG,FALSE
ATACTTCAGCCGTTAT,PBMC-06-1,PSA14,PSA,SNG,TRUE
ATACTTCAGTAAACTG,PBMC-06-1,PSO15,PSO,SNG,TRUE
ATACTTCAGTCTGCGC,PBMC-06-1,PSX01,PSX,SNG,TRUE
ATACTTCAGTGAACAT,PBMC-06-1,PSO16,PSO,SNG,TRUE
ATACTTCCAATGAAAC,PBMC-06-1,PSO12,PSO,DBL,FALSE
ATACTTCCACTGTCCT,PBMC-06-1,PSA16,PSA,SNG,TRUE
ATACTTCCAGCACACC,PBMC-06-1,PSA06,PSA,SNG,TRUE
ATACTTCCAGGCATTT,PBMC-06-1,PSA17,PSA,SNG,TRUE
ATACTTCCATCCTGTC,PBMC-06-1,PSA02,PSA,SNG,TRUE
ATACTTCCATGACGGA,PBMC-06-1,PSA03,PSA,SNG,TRUE
ATACTTCGTAGCCCTG,PBMC-06-1,PSA06,PSA,SNG,TRUE
ATACTTCGTTCCGTTC,PBMC-06-1,PSO12,PSO,SNG,TRUE
ATACTTCTCAAGTGGG,PBMC-06-1,PSA12,PSA,SNG,TRUE
ATACTTCTCACCTGGG,PBMC-06-1,PSA17,PSA,SNG,TRUE
ATACTTCTCCATACTT,PBMC-06-1,PSO15,PSO,SNG,TRUE
ATACTTCTCCGATAGT,PBMC-06-1,PSO15,PSO,SNG,TRUE
ATACTTCTCCGGTAGC,PBMC-06-1,PSA12,PSA,DBL,FALSE
ATACTTCTCGAGAATA,PBMC-06-1,PSO15,PSO,SNG,FALSE
ATACTTCTCGCGCTGA,PBMC-06-1,PSA17,PSA,SNG,TRUE
ATACTTCTCGGATAAA,PBMC-06-1,PSA17,PSA,SNG,TRUE
ATACTTCTCTACTCAT,PBMC-06-1,PSA17,PSA,DBL,FALSE
ATACTTCTCTCCGCAT,PBMC-06-1,PSA16,PSA,SNG,TRUE
ATACTTCTCTGCATAG,PBMC-06-1,PSX01,PSX,SNG,TRUE
ATACTTCTCTGGGTCG,PBMC-06-1,PSA16,PSA,SNG,TRUE
ATAGACCAGAGAGGGC,PBMC-06-1,PSA16,PSA,SNG,FALSE
ATAGACCAGATAGTCA,PBMC-06-1,PSA05,PSA,SNG,TRUE
ATAGACCAGCACGATG,PBMC-06-1,PSO15,PSO,SNG,TRUE
ATAGACCAGCGCCTCA,PBMC-06-1,PSO12,PSO,SNG,TRUE
ATAGACCAGGTCTGGA,PBMC-06-1,PSO14,PSO,DBL,FALSE
ATAGACCAGTGCACTT,PBMC-06-1,PSX01,PSX,SNG,TRUE
ATAGACCCAAGTGGAC,PBMC-06-1,PSO11,PSO,SNG,TRUE
ATAGACCCACCTTCCA,PBMC-06-1,PSO13,PSO,SNG,FALSE
ATAGACCCACTTGAGT,PBMC-06-1,PSA13,PSA,DBL,FALSE
ATAGACCCAGAGGCTA,PBMC-06-1,PSA14,PSA,SNG,TRUE
ATAGACCCAGGCAATG,PBMC-06-1,PSA07,PSA,DBL,FALSE
ATAGACCCAGGGCTTC,PBMC-06-1,PSO14,PSO,DBL,FALSE
ATAGACCGTAAGCAAT,PBMC-06-1,PSA14,PSA,DBL,FALSE
ATAGACCGTAGGCTCC,PBMC-06-1,PSA17,PSA,DBL,FALSE
ATAGACCGTATGCGTT,PBMC-06-1,PSA12,PSA,DBL,FALSE
ATAGACCGTCATCTAG,PBMC-06-1,PSA12,PSA,SNG,TRUE
ATAGACCGTGAATAAC,PBMC-06-1,PSA04,PSA,SNG,TRUE
ATAGACCGTGCTGCAC,PBMC-06-1,PSX04,PSX,SNG,TRUE
ATAGACCGTTCTCCCA,PBMC-06-1,PSO15,PSO,SNG,TRUE
ATAGACCTCATTGAGC,PBMC-06-1,PSA02,PSA,SNG,TRUE
ATAGACCTCCTGTACC,PBMC-06-1,PSA15,PSA,SNG,TRUE
ATAGACCTCGCTATTT,PBMC-06-1,PSO15,PSO,DBL,FALSE
ATAGACCTCGTGGACC,PBMC-06-1,PSA05,PSA,SNG,TRUE
ATAGAGAAGAGAGTGA,PBMC-06-1,PSA14,PSA,SNG,FALSE
ATAGAGAAGCACACAG,PBMC-06-1,PSO15,PSO,SNG,TRUE
ATAGAGAAGCTGACCC,PBMC-06-1,PSA03,PSA,SNG,TRUE
ATAGAGAAGGTTCCGC,PBMC-06-1,PSA04,PSA,SNG,TRUE
ATAGAGAAGTAACGTA,PBMC-06-1,PSA03,PSA,SNG,TRUE
ATAGAGAAGTCATGGG,PBMC-06-1,PSO15,PSO,DBL,FALSE
ATAGAGAAGTCGCCCA,PBMC-06-1,PSA06,PSA,DBL,FALSE
ATAGAGAGTAGTCGTT,PBMC-06-1,PSA03,PSA,SNG,TRUE
ATAGAGAGTCACTCGG,PBMC-06-1,PSX01,PSX,SNG,FALSE
ATAGAGAGTCAGTCGC,PBMC-06-1,PSA04,PSA,AMB,FALSE
ATAGAGAGTCCACAGC,PBMC-06-1,PSA15,PSA,SNG,TRUE
ATAGAGAGTCGCGTCA,PBMC-06-1,PSA03,PSA,DBL,FALSE
ATAGAGAGTGGGTCAA,PBMC-06-1,PSA04,PSA,SNG,TRUE
ATAGAGAGTTGCAAGG,PBMC-06-1,PSA13,PSA,SNG,FALSE
ATAGAGATCACCCTCA,PBMC-06-1,PSX01,PSX,SNG,TRUE
ATAGAGATCCAATCCC,PBMC-06-1,PSO15,PSO,SNG,TRUE
ATAGAGATCCGATGCG,PBMC-06-1,PSA05,PSA,SNG,FALSE
ATAGAGATCTAGGAAA,PBMC-06-1,PSA07,PSA,SNG,FALSE
ATAGAGATCTCCAATT,PBMC-06-1,PSA07,PSA,SNG,FALSE
ATAGGCTAGAAAGCGA,PBMC-06-1,PSA16,PSA,SNG,TRUE
ATAGGCTAGAAGGTAG,PBMC-06-1,PSO15,PSO,DBL,FALSE
ATAGGCTAGACCTTTG,PBMC-06-1,PSA02,PSA,SNG,TRUE
ATAGGCTAGCAGCAGT,PBMC-06-1,PSA07,PSA,SNG,FALSE
ATAGGCTAGCGCGTTC,PBMC-06-1,PSO13,PSO,SNG,TRUE
ATAGGCTAGGCACTCC,PBMC-06-1,PSO15,PSO,SNG,FALSE
ATAGGCTAGGGTCAAC,PBMC-06-1,PSA13,PSA,SNG,TRUE
ATAGGCTAGGTTGCCC,PBMC-06-1,PSA12,PSA,DBL,FALSE
ATAGGCTCAAGATTGA,PBMC-06-1,PSA17,PSA,SNG,TRUE
ATAGGCTCAAGGGTCA,PBMC-06-1,PSO11,PSO,SNG,TRUE
ATAGGCTCACTAGGTT,PBMC-06-1,PSO15,PSO,DBL,FALSE
ATAGGCTCAGACGGAT,PBMC-06-1,PSA14,PSA,SNG,TRUE
ATAGGCTCAGCGTGAA,PBMC-06-1,PSA04,PSA,SNG,TRUE
ATAGGCTGTATGTGTC,PBMC-06-1,PSX01,PSX,SNG,TRUE
ATAGGCTGTGATCATC,PBMC-06-1,PSX01,PSX,SNG,TRUE
ATAGGCTGTGCTCTTC,PBMC-06-1,PSA12,PSA,SNG,TRUE
ATAGGCTTCAGGTAAA,PBMC-06-1,PSX01,PSX,DBL,FALSE
ATAGGCTTCCGTGACG,PBMC-06-1,PSA07,PSA,SNG,TRUE
ATAGGCTTCGGAGTAG,PBMC-06-1,PSO15,PSO,DBL,FALSE
ATATCCTCAAGAAATC,PBMC-06-1,PSA15,PSA,SNG,TRUE
ATATCCTCAAGGTCGA,PBMC-06-1,PSA16,PSA,SNG,TRUE
ATATCCTCAATTGCTG,PBMC-06-1,PSA14,PSA,SNG,TRUE
ATATCCTCACAAGCAG,PBMC-06-1,PSA14,PSA,SNG,TRUE
ATATCCTCACCGCTGA,PBMC-06-1,PSA12,PSA,DBL,FALSE
ATATCCTCACCGTGGT,PBMC-06-1,PSA04,PSA,SNG,FALSE
ATATCCTCATCCTGTC,PBMC-06-1,PSA16,PSA,SNG,TRUE
ATATCCTCATGAAAGT,PBMC-06-1,PSA16,PSA,SNG,TRUE
ATATCCTGTATCAAGA,PBMC-06-1,PSA17,PSA,DBL,FALSE
ATATCCTGTCTTCTAT,PBMC-06-1,PSX01,PSX,SNG,TRUE
ATATCCTGTGTACAGG,PBMC-06-1,PSA02,PSA,SNG,TRUE
ATATCCTGTGTTTGCA,PBMC-06-1,PSO15,PSO,SNG,TRUE
ATATCCTGTTGTTGAC,PBMC-06-1,PSA17,PSA,SNG,TRUE
ATCACAGAGCGGTATG,PBMC-06-1,PSO15,PSO,SNG,TRUE
ATCACAGAGGTATCTC,PBMC-06-1,PSO15,PSO,SNG,TRUE
ATCACAGAGTGATAAC,PBMC-06-1,PSA17,PSA,SNG,TRUE
ATCACAGAGTTACGGG,PBMC-06-1,PSA06,PSA,SNG,TRUE
ATCACAGCAGCTCGGT,PBMC-06-1,PSA14,PSA,SNG,TRUE
ATCACAGCAGCTGTTA,PBMC-06-1,PSA14,PSA,SNG,FALSE
ATCACAGCAGTAGAAT,PBMC-06-1,PSA07,PSA,SNG,TRUE
ATCACAGGTAAGAACT,PBMC-06-1,PSO11,PSO,SNG,TRUE
ATCACAGGTACCGGCT,PBMC-06-1,PSA05,PSA,SNG,TRUE
ATCACAGGTGACAGCA,PBMC-06-1,PSO14,PSO,DBL,FALSE
ATCACAGGTTCTAAGC,PBMC-06-1,PSA02,PSA,SNG,TRUE
ATCACAGTCACTCGAA,PBMC-06-1,PSA03,PSA,SNG,TRUE
ATCACAGTCATCCTGC,PBMC-06-1,PSA05,PSA,SNG,TRUE
ATCACAGTCGGCCAAC,PBMC-06-1,PSO14,PSO,SNG,TRUE
ATCACAGTCTGCGGAC,PBMC-06-1,PSX01,PSX,SNG,FALSE
ATCACGAAGGTCCGAA,PBMC-06-1,PSA16,PSA,SNG,FALSE
ATCACGAAGTACTCGT,PBMC-06-1,PSX01,PSX,DBL,FALSE
ATCACGACAAATGATG,PBMC-06-1,PSA16,PSA,SNG,TRUE
ATCACGACAAGTGGAC,PBMC-06-1,PSA04,PSA,DBL,FALSE
ATCACGAGTGTCATGT,PBMC-06-1,PSA05,PSA,SNG,TRUE
ATCACGAGTTTCGATG,PBMC-06-1,PSA13,PSA,SNG,TRUE
ATCACGATCAGTCACA,PBMC-06-1,PSX01,PSX,SNG,TRUE
ATCACGATCCTGGGTG,PBMC-06-1,PSA16,PSA,SNG,TRUE
ATCACGATCGAATCCA,PBMC-06-1,PSX01,PSX,SNG,TRUE
ATCACGATCTATTCGT,PBMC-06-1,PSA06,PSA,DBL,FALSE
ATCACGATCTTCCACG,PBMC-06-1,PSO15,PSO,SNG,TRUE
ATCACTTAGACTAGAT,PBMC-06-1,PSA16,PSA,DBL,FALSE
ATCACTTAGACTCTAC,PBMC-06-1,PSO15,PSO,DBL,FALSE
ATCACTTAGCTGTGCC,PBMC-06-1,PSO11,PSO,SNG,TRUE
ATCACTTAGGAACTCG,PBMC-06-1,PSO12,PSO,AMB,FALSE
ATCACTTAGGCTATCT,PBMC-06-1,PSA17,PSA,SNG,TRUE
ATCACTTAGGTTGACG,PBMC-06-1,PSA02,PSA,SNG,TRUE
ATCACTTCAACGAGGT,PBMC-06-1,PSX01,PSX,SNG,FALSE
ATCACTTCACTCCGGA,PBMC-06-1,PSA17,PSA,SNG,TRUE
ATCACTTCAGCCCACA,PBMC-06-1,PSO15,PSO,SNG,TRUE
ATCACTTCAGCGTAGA,PBMC-06-1,PSX04,PSX,AMB,FALSE
ATCACTTCATGTTCGA,PBMC-06-1,PSA17,PSA,SNG,TRUE
ATCACTTCATTGACCA,PBMC-06-1,PSA02,PSA,SNG,FALSE
ATCACTTGTAACGGTG,PBMC-06-1,PSA17,PSA,SNG,TRUE
ATCACTTGTATGAAAC,PBMC-06-1,PSA02,PSA,DBL,FALSE
ATCACTTGTATGCGTT,PBMC-06-1,PSA06,PSA,SNG,TRUE
ATCACTTGTCAACCTA,PBMC-06-1,PSO15,PSO,SNG,TRUE
ATCACTTGTCGAACGA,PBMC-06-1,PSA15,PSA,SNG,TRUE
ATCACTTTCAACCTCC,PBMC-06-1,PSA15,PSA,SNG,TRUE
ATCACTTTCCAAAGGG,PBMC-06-1,PSO15,PSO,SNG,TRUE
ATCACTTTCCGTGTAA,PBMC-06-1,PSA17,PSA,DBL,FALSE
ATCACTTTCGTGTCAA,PBMC-06-1,PSA06,PSA,SNG,TRUE
ATCACTTTCTGAATCG,PBMC-06-1,PSO12,PSO,SNG,FALSE
ATCACTTTCTGAGGTT,PBMC-06-1,PSA14,PSA,SNG,TRUE
ATCAGGTCAAACACCT,PBMC-06-1,PSO14,PSO,SNG,TRUE
ATCAGGTCAATGTCTG,PBMC-06-1,PSA16,PSA,SNG,TRUE
ATCAGGTCACGCTGTG,PBMC-06-1,PSA04,PSA,AMB,FALSE
ATCAGGTCATCCGCGA,PBMC-06-1,PSA05,PSA,SNG,TRUE
ATCAGGTCATCGATCA,PBMC-06-1,PSA12,PSA,SNG,TRUE
ATCAGGTCATGTGCTA,PBMC-06-1,PSA02,PSA,DBL,FALSE
ATCAGGTGTACTGCGC,PBMC-06-1,PSA13,PSA,SNG,TRUE
ATCAGGTGTGGAACAC,PBMC-06-1,PSA17,PSA,SNG,TRUE
ATCAGGTGTTAAGGAT,PBMC-06-1,PSA04,PSA,SNG,FALSE
ATCAGGTGTTACCTGA,PBMC-06-1,PSA12,PSA,SNG,TRUE
ATCAGGTGTTCCGCAG,PBMC-06-1,PSA13,PSA,SNG,TRUE
ATCATTCAGAAGCGAA,PBMC-06-1,PSA16,PSA,SNG,TRUE
ATCATTCAGAAGTATC,PBMC-06-1,PSA04,PSA,AMB,FALSE
ATCATTCAGTAATCCC,PBMC-06-1,PSO12,PSO,SNG,TRUE
ATCATTCAGTATGTAG,PBMC-06-1,PSA17,PSA,DBL,FALSE
ATCATTCCAGCGCGTT,PBMC-06-1,PSX01,PSX,SNG,TRUE
ATCATTCCAGGAACCA,PBMC-06-1,PSA07,PSA,DBL,FALSE
ATCATTCCATCCTCAC,PBMC-06-1,PSA05,PSA,SNG,TRUE
ATCATTCCATTGCCGG,PBMC-06-1,PSX01,PSX,DBL,FALSE
ATCATTCGTACGTGAG,PBMC-06-1,PSA02,PSA,SNG,TRUE
ATCATTCGTAGCTTAC,PBMC-06-1,PSA17,PSA,SNG,TRUE
ATCATTCGTTCTCGTC,PBMC-06-1,PSA17,PSA,SNG,TRUE
ATCCACCAGACGTCCC,PBMC-06-1,PSX01,PSX,DBL,FALSE
ATCCACCAGCTTTCTT,PBMC-06-1,PSO15,PSO,SNG,FALSE
ATCCACCAGGCATCGA,PBMC-06-1,PSO16,PSO,SNG,TRUE
ATCCACCAGGCATGCA,PBMC-06-1,PSA07,PSA,SNG,TRUE
ATCCACCAGGCCATAG,PBMC-06-1,PSA05,PSA,SNG,TRUE
ATCCACCAGGCCTTCG,PBMC-06-1,PSA03,PSA,SNG,FALSE
ATCCACCAGGCTCTCG,PBMC-06-1,PSO15,PSO,SNG,TRUE
ATCCACCAGGTGCTGA,PBMC-06-1,PSX01,PSX,SNG,TRUE
ATCCACCAGTCACTGT,PBMC-06-1,PSA04,PSA,SNG,TRUE
ATCCACCAGTTAACAG,PBMC-06-1,PSX01,PSX,SNG,TRUE
ATCCACCCAAATGCTC,PBMC-06-1,PSO15,PSO,SNG,TRUE
ATCCACCCACAGTGTT,PBMC-06-1,PSA17,PSA,SNG,TRUE
ATCCACCCACCGTGGT,PBMC-06-1,PSA14,PSA,AMB,FALSE
ATCCACCCAGCAGGAT,PBMC-06-1,PSA15,PSA,SNG,TRUE
ATCCACCCAGCGATTT,PBMC-06-1,PSA12,PSA,SNG,TRUE
ATCCACCCAGTGTGGA,PBMC-06-1,PSO14,PSO,AMB,FALSE
ATCCACCCATACTTTC,PBMC-06-1,PSO14,PSO,SNG,FALSE
ATCCACCCATCCAACA,PBMC-06-1,PSO12,PSO,SNG,TRUE
ATCCACCGTAATTAGG,PBMC-06-1,PSA03,PSA,SNG,TRUE
ATCCACCGTAGCACGA,PBMC-06-1,PSA16,PSA,SNG,FALSE
ATCCACCGTATACCCA,PBMC-06-1,PSO12,PSO,SNG,TRUE
ATCCACCGTGCAATAA,PBMC-06-1,PSO14,PSO,SNG,TRUE
ATCCACCGTGCGTGCT,PBMC-06-1,PSA03,PSA,DBL,FALSE
ATCCACCGTTCTCCAC,PBMC-06-1,PSO11,PSO,DBL,FALSE
ATCCACCTCACCCTGT,PBMC-06-1,PSO14,PSO,SNG,TRUE
ATCCACCTCCAACCAA,PBMC-06-1,PSA06,PSA,SNG,TRUE
ATCCACCTCGCCGTGA,PBMC-06-1,PSA06,PSA,SNG,TRUE
ATCCACCTCTGGGAGA,PBMC-06-1,PSA16,PSA,SNG,TRUE
ATCCACCTCTTTGCAT,PBMC-06-1,PSA14,PSA,SNG,FALSE
ATCCATTAGAAATCCA,PBMC-06-1,PSA14,PSA,SNG,TRUE
ATCCATTAGAGTCAGC,PBMC-06-1,PSX04,PSX,SNG,TRUE
ATCCATTAGCAACTTC,PBMC-06-1,PSX04,PSX,SNG,TRUE
ATCCATTAGCCGATCC,PBMC-06-1,PSO15,PSO,SNG,TRUE
ATCCATTAGCGCCATC,PBMC-06-1,PSX01,PSX,SNG,TRUE
ATCCATTAGCGGTAAC,PBMC-06-1,PSO16,PSO,AMB,FALSE
ATCCATTAGTCAGGGT,PBMC-06-1,PSA06,PSA,SNG,TRUE
ATCCATTCACACGGTC,PBMC-06-1,PSA17,PSA,SNG,TRUE
ATCCATTCAGTCACGC,PBMC-06-1,PSO14,PSO,DBL,FALSE
ATCCATTGTAACTTCG,PBMC-06-1,PSA16,PSA,SNG,TRUE
ATCCATTGTCTACGTA,PBMC-06-1,PSA07,PSA,DBL,FALSE
ATCCATTGTTAATCGC,PBMC-06-1,PSO12,PSO,SNG,TRUE
ATCCATTTCAGACCCG,PBMC-06-1,PSA12,PSA,SNG,TRUE
ATCCATTTCCTCTGCA,PBMC-06-1,PSA12,PSA,SNG,TRUE
ATCCATTTCGCCAGTG,PBMC-06-1,PSA03,PSA,DBL,FALSE
ATCCATTTCGCTCATC,PBMC-06-1,PSA03,PSA,SNG,TRUE
ATCCATTTCGGCAGTC,PBMC-06-1,PSA03,PSA,AMB,FALSE
ATCCATTTCTATCGTT,PBMC-06-1,PSX01,PSX,SNG,TRUE
ATCCATTTCTCTGGTC,PBMC-06-1,PSA07,PSA,SNG,TRUE
ATCCATTTCTTCACGC,PBMC-06-1,PSA02,PSA,SNG,TRUE
ATCCCTGAGAGTACCG,PBMC-06-1,PSA12,PSA,SNG,FALSE
ATCCCTGAGTACAACA,PBMC-06-1,PSA05,PSA,SNG,TRUE
ATCCCTGAGTAGGATT,PBMC-06-1,PSA07,PSA,SNG,TRUE
ATCCCTGAGTCACACT,PBMC-06-1,PSA17,PSA,SNG,TRUE
ATCCCTGAGTGGTGAC,PBMC-06-1,PSA06,PSA,AMB,FALSE
ATCCCTGCAAGGCTTT,PBMC-06-1,PSA05,PSA,SNG,TRUE
ATCCCTGCAATCCTAG,PBMC-06-1,PSA03,PSA,SNG,TRUE
ATCCCTGCAGACGGAT,PBMC-06-1,PSA02,PSA,SNG,FALSE
ATCCCTGCATCGGAAG,PBMC-06-1,PSA15,PSA,SNG,TRUE
ATCCCTGGTACAACGG,PBMC-06-1,PSA17,PSA,SNG,TRUE
ATCCCTGGTAGATTGA,PBMC-06-1,PSA14,PSA,DBL,FALSE
ATCCCTGGTATGCAAA,PBMC-06-1,PSA17,PSA,SNG,FALSE
ATCCCTGGTATGTCCA,PBMC-06-1,PSA07,PSA,SNG,TRUE
ATCCCTGGTCACCGAC,PBMC-06-1,PSO15,PSO,DBL,FALSE
ATCCCTGGTCGTGGTC,PBMC-06-1,PSA04,PSA,DBL,FALSE
ATCCCTGGTCTCCTGT,PBMC-06-1,PSA12,PSA,SNG,FALSE
ATCCCTGGTGCTCTCT,PBMC-06-1,PSA02,PSA,SNG,TRUE
ATCCCTGGTTGCTCCT,PBMC-06-1,PSA02,PSA,SNG,TRUE
ATCCCTGTCACTTCTA,PBMC-06-1,PSO16,PSO,DBL,FALSE
ATCCCTGTCAGTCTTT,PBMC-06-1,PSA17,PSA,SNG,TRUE
ATCCCTGTCATTCGTT,PBMC-06-1,PSX04,PSX,SNG,TRUE
ATCCCTGTCGCCAGAC,PBMC-06-1,PSO13,PSO,DBL,FALSE
ATCCCTGTCGTAGTCA,PBMC-06-1,PSO11,PSO,SNG,TRUE
ATCCGTCAGCCTTTGA,PBMC-06-1,PSX01,PSX,SNG,TRUE
ATCCGTCAGCTCGAAG,PBMC-06-1,PSA05,PSA,SNG,TRUE
ATCCGTCAGGCGCTCT,PBMC-06-1,PSO15,PSO,SNG,TRUE
ATCCGTCAGTACAACA,PBMC-06-1,PSO14,PSO,SNG,TRUE
ATCCGTCCAGACCGCT,PBMC-06-1,PSA12,PSA,SNG,TRUE
ATCCGTCCAGCGTTGC,PBMC-06-1,PSA07,PSA,SNG,TRUE
ATCCGTCGTAAGGTCG,PBMC-06-1,PSX04,PSX,SNG,FALSE
ATCCGTCGTACCAATC,PBMC-06-1,PSA12,PSA,DBL,FALSE
ATCCGTCGTAGACAGC,PBMC-06-1,PSO14,PSO,SNG,FALSE
ATCCGTCGTCACTTAG,PBMC-06-1,PSA07,PSA,DBL,FALSE
ATCCGTCGTCTGATCA,PBMC-06-1,PSX04,PSX,SNG,FALSE
ATCCGTCGTGAATGTA,PBMC-06-1,PSA05,PSA,SNG,TRUE
ATCCGTCGTGATGTAA,PBMC-06-1,PSX01,PSX,DBL,FALSE
ATCCGTCGTTAGAAAC,PBMC-06-1,PSO12,PSO,SNG,TRUE
ATCCGTCGTTCGGCGT,PBMC-06-1,PSA16,PSA,SNG,TRUE
ATCCGTCTCCACCTGT,PBMC-06-1,PSA04,PSA,SNG,TRUE
ATCCGTCTCCTCCACA,PBMC-06-1,PSA02,PSA,SNG,TRUE
ATCCTATGTAACGATA,PBMC-06-1,PSA17,PSA,SNG,TRUE
ATCCTATGTAAGGCTG,PBMC-06-1,PSO12,PSO,SNG,FALSE
ATCCTATGTAGCACAG,PBMC-06-1,PSA13,PSA,SNG,FALSE
ATCCTATGTCAAATCC,PBMC-06-1,PSA16,PSA,SNG,TRUE
ATCCTATGTGCGGTAA,PBMC-06-1,PSA05,PSA,SNG,FALSE
ATCCTATTCACGGTCG,PBMC-06-1,PSA05,PSA,SNG,TRUE
ATCCTATTCAGATGCT,PBMC-06-1,PSA17,PSA,SNG,TRUE
ATCCTATTCATGGTAC,PBMC-06-1,PSO11,PSO,SNG,TRUE
ATCCTATTCCTCACGT,PBMC-06-1,PSO16,PSO,DBL,FALSE
ATCCTATTCTATACTC,PBMC-06-1,PSA12,PSA,SNG,TRUE
ATCCTATTCTCACTCG,PBMC-06-1,PSA12,PSA,SNG,TRUE
ATCCTATTCTTCTCAA,PBMC-06-1,PSO12,PSO,SNG,TRUE
ATCGATGAGACACACG,PBMC-06-1,PSO15,PSO,SNG,TRUE
ATCGATGAGAGCCCAA,PBMC-06-1,PSO11,PSO,DBL,FALSE
ATCGATGAGCACTAGG,PBMC-06-1,PSA06,PSA,SNG,TRUE
ATCGATGAGGCACTCC,PBMC-06-1,PSA03,PSA,SNG,TRUE
ATCGATGAGGTGCAGT,PBMC-06-1,PSX01,PSX,SNG,FALSE
ATCGATGAGTCTTGGT,PBMC-06-1,PSA16,PSA,DBL,FALSE
ATCGATGCACAAGTTC,PBMC-06-1,PSO15,PSO,SNG,TRUE
ATCGATGCACAATGCT,PBMC-06-1,PSA07,PSA,SNG,FALSE
ATCGATGCACTCTAGA,PBMC-06-1,PSA17,PSA,SNG,TRUE
ATCGATGCATGGCTGC,PBMC-06-1,PSO15,PSO,SNG,TRUE
ATCGATGGTAGGACCA,PBMC-06-1,PSA07,PSA,SNG,TRUE
ATCGATGGTGAATGTA,PBMC-06-1,PSA02,PSA,DBL,FALSE
ATCGATGGTTGTTGCA,PBMC-06-1,PSA17,PSA,SNG,TRUE
ATCGATGTCAATGCAC,PBMC-06-1,PSA12,PSA,SNG,FALSE
ATCGATGTCATTGTTC,PBMC-06-1,PSO15,PSO,DBL,FALSE
ATCGATGTCTTCGTAT,PBMC-06-1,PSA02,PSA,SNG,TRUE
ATCGCCTAGCCGATAG,PBMC-06-1,PSA12,PSA,SNG,TRUE
ATCGCCTAGTATGGAT,PBMC-06-1,PSA15,PSA,DBL,FALSE
ATCGCCTCACTGTGTA,PBMC-06-1,PSA13,PSA,SNG,TRUE
ATCGCCTCAGTCGCAC,PBMC-06-1,PSA07,PSA,SNG,FALSE
ATCGCCTCATACAGCT,PBMC-06-1,PSA07,PSA,SNG,TRUE
ATCGCCTGTACCGGAA,PBMC-06-1,PSX04,PSX,SNG,TRUE
ATCGCCTGTCGGTACC,PBMC-06-1,PSA07,PSA,SNG,TRUE
ATCGCCTGTCGTGATT,PBMC-06-1,PSA14,PSA,SNG,TRUE
ATCGCCTGTCTTTCTA,PBMC-06-1,PSA17,PSA,SNG,FALSE
ATCGCCTGTGCAGGAT,PBMC-06-1,PSA04,PSA,SNG,TRUE
ATCGCCTGTGGTCTCG,PBMC-06-1,PSA16,PSA,SNG,TRUE
ATCGCCTGTTGAATCC,PBMC-06-1,PSO11,PSO,DBL,FALSE
ATCGCCTGTTGTACGT,PBMC-06-1,PSO12,PSO,SNG,TRUE
ATCGCCTGTTTCCCAC,PBMC-06-1,PSA07,PSA,SNG,FALSE
ATCGCCTTCGAAGCCC,PBMC-06-1,PSA07,PSA,SNG,TRUE
ATCGCCTTCGACCACG,PBMC-06-1,PSA16,PSA,SNG,TRUE
ATCGCCTTCGCATAGT,PBMC-06-1,PSX01,PSX,SNG,TRUE
ATCGCCTTCGTCTCAC,PBMC-06-1,PSO11,PSO,SNG,FALSE
ATCGGATAGATAACAC,PBMC-06-1,PSO11,PSO,SNG,TRUE
ATCGGATAGATCGCTT,PBMC-06-1,PSO11,PSO,SNG,TRUE
ATCGGATAGCGTGAAC,PBMC-06-1,PSX04,PSX,SNG,FALSE
ATCGGATCAAATTAGG,PBMC-06-1,PSO14,PSO,SNG,TRUE
ATCGGATCACAAAGTA,PBMC-06-1,PSO15,PSO,SNG,TRUE
ATCGGATCACCAAAGG,PBMC-06-1,PSX01,PSX,SNG,TRUE
ATCGGATCAGATTCGT,PBMC-06-1,PSA12,PSA,SNG,TRUE
ATCGGATCAGGACAGT,PBMC-06-1,PSA15,PSA,SNG,TRUE
ATCGGATCAGGATTCT,PBMC-06-1,PSO14,PSO,DBL,FALSE
ATCGGATCAGGTTCCG,PBMC-06-1,PSA12,PSA,SNG,TRUE
ATCGGATCATAACTCG,PBMC-06-1,PSA14,PSA,SNG,TRUE
ATCGGATCATAGGTTC,PBMC-06-1,PSA17,PSA,SNG,TRUE
ATCGGATCATGACAGG,PBMC-06-1,PSA17,PSA,DBL,FALSE
ATCGGATGTAAGATAC,PBMC-06-1,PSA07,PSA,SNG,TRUE
ATCGGATGTAGAGCTG,PBMC-06-1,PSO12,PSO,SNG,TRUE
ATCGGATGTAGCGATG,PBMC-06-1,PSO15,PSO,SNG,TRUE
ATCGGATGTAGGGTAC,PBMC-06-1,PSA07,PSA,SNG,TRUE
ATCGGATGTCTTACAG,PBMC-06-1,PSX04,PSX,SNG,TRUE
ATCGGATTCAGGTAAA,PBMC-06-1,PSA06,PSA,SNG,FALSE
ATCGGATTCATAGAGA,PBMC-06-1,PSO12,PSO,SNG,TRUE
ATCGGATTCCGCAGTG,PBMC-06-1,PSA12,PSA,SNG,TRUE
ATCGGCGAGATCGACG,PBMC-06-1,PSA04,PSA,SNG,TRUE
ATCGGCGCACGACAAG,PBMC-06-1,PSX01,PSX,SNG,TRUE
ATCGGCGCAGCAGTGA,PBMC-06-1,PSA02,PSA,SNG,TRUE
ATCGGCGCAGGATCTT,PBMC-06-1,PSA12,PSA,SNG,TRUE
ATCGGCGCATGTGTCA,PBMC-06-1,PSA04,PSA,SNG,TRUE
ATCGGCGCATTGAGGG,PBMC-06-1,PSA15,PSA,SNG,TRUE
ATCGGCGGTAACAGTA,PBMC-06-1,PSA12,PSA,DBL,FALSE
ATCGGCGGTACGATTC,PBMC-06-1,PSA17,PSA,SNG,TRUE
ATCGGCGGTCATGGCC,PBMC-06-1,PSA15,PSA,SNG,TRUE
ATCGGCGGTCTCGACG,PBMC-06-1,PSO15,PSO,SNG,FALSE
ATCGGCGGTTCTGACA,PBMC-06-1,PSO12,PSO,SNG,TRUE
ATCGGCGTCACGGGAA,PBMC-06-1,PSO11,PSO,SNG,TRUE
ATCGGCGTCGTAGAGG,PBMC-06-1,PSA02,PSA,SNG,FALSE
ATCGGCGTCTACTCAT,PBMC-06-1,PSO11,PSO,SNG,TRUE
ATCGTAGAGAATAGTC,PBMC-06-1,PSA05,PSA,AMB,FALSE
ATCGTAGAGATGGGCT,PBMC-06-1,PSO14,PSO,AMB,FALSE
ATCGTAGAGCGATGGT,PBMC-06-1,PSA12,PSA,SNG,TRUE
ATCGTAGAGGTCATTC,PBMC-06-1,PSA17,PSA,DBL,FALSE
ATCGTAGCATATGCGT,PBMC-06-1,PSO11,PSO,SNG,TRUE
ATCGTAGGTACTCCCT,PBMC-06-1,PSA06,PSA,SNG,TRUE
ATCGTAGGTAGGATAT,PBMC-06-1,PSA14,PSA,DBL,FALSE
ATCGTAGGTCTTAGTG,PBMC-06-1,PSX01,PSX,SNG,TRUE
ATCGTAGTCATTCGGA,PBMC-06-1,PSA06,PSA,AMB,FALSE
ATCGTAGTCCATTCAT,PBMC-06-1,PSO14,PSO,SNG,TRUE
ATCGTAGTCCGATGCG,PBMC-06-1,PSA04,PSA,SNG,TRUE
ATCGTAGTCGCTCTAC,PBMC-06-1,PSO15,PSO,DBL,FALSE
ATCGTAGTCGGTTCAA,PBMC-06-1,PSA02,PSA,SNG,TRUE
ATCGTAGTCTTCCCGA,PBMC-06-1,PSO13,PSO,SNG,FALSE
ATCGTCCAGGCGTTAG,PBMC-06-1,PSA04,PSA,DBL,FALSE
ATCGTCCAGGGCAACT,PBMC-06-1,PSA02,PSA,SNG,TRUE
ATCGTCCCAAACGGCA,PBMC-06-1,PSX04,PSX,SNG,TRUE
ATCGTCCCAATAACGA,PBMC-06-1,PSA02,PSA,SNG,TRUE
ATCGTCCCACCCAAGC,PBMC-06-1,PSO15,PSO,SNG,TRUE
ATCGTCCCACTAGGTT,PBMC-06-1,PSA07,PSA,SNG,FALSE
ATCGTCCGTAGGGAGG,PBMC-06-1,PSA05,PSA,SNG,TRUE
ATCGTCCGTCTGCCTT,PBMC-06-1,PSA07,PSA,SNG,TRUE
ATCGTCCGTTTACCAG,PBMC-06-1,PSA02,PSA,SNG,TRUE
ATCGTCCTCCCAGTGG,PBMC-06-1,PSA14,PSA,SNG,TRUE
ATCGTCCTCCGTAATG,PBMC-06-1,PSA05,PSA,SNG,TRUE
ATCGTCCTCCTTCTAA,PBMC-06-1,PSO12,PSO,SNG,TRUE
ATCGTCCTCCTTTGAT,PBMC-06-1,PSA13,PSA,SNG,TRUE
ATCGTCCTCGCCTATC,PBMC-06-1,PSA17,PSA,SNG,TRUE
ATCGTCCTCGTTGTTT,PBMC-06-1,PSA15,PSA,SNG,TRUE
ATCGTCCTCTCATTGT,PBMC-06-1,PSA04,PSA,SNG,TRUE
ATCGTCCTCTTCACGC,PBMC-06-1,PSA14,PSA,SNG,TRUE
ATCGTCCTCTTTCTAG,PBMC-06-1,PSA05,PSA,SNG,TRUE
ATCGTGAAGAGTCTTC,PBMC-06-1,PSA16,PSA,SNG,TRUE
ATCGTGAAGATAGTGT,PBMC-06-1,PSA16,PSA,SNG,TRUE
ATCGTGAAGCAAGCCA,PBMC-06-1,PSX01,PSX,SNG,TRUE
ATCGTGAAGTGATAAC,PBMC-06-1,PSO13,PSO,SNG,TRUE
ATCGTGACAAGTGCAG,PBMC-06-1,PSA02,PSA,SNG,TRUE
ATCGTGACATAATCCG,PBMC-06-1,PSA15,PSA,DBL,FALSE
ATCGTGACATCCTTCG,PBMC-06-1,PSA04,PSA,SNG,TRUE
ATCGTGACATCGCTGG,PBMC-06-1,PSA07,PSA,SNG,TRUE
ATCGTGACATGAATAG,PBMC-06-1,PSA04,PSA,SNG,FALSE
ATCGTGAGTAACTAAG,PBMC-06-1,PSA17,PSA,SNG,TRUE
ATCGTGAGTTGACTAC,PBMC-06-1,PSA14,PSA,SNG,TRUE
ATCGTGAGTTGCGGCT,PBMC-06-1,PSA06,PSA,SNG,TRUE
ATCGTGAGTTTGGGTT,PBMC-06-1,PSO15,PSO,SNG,TRUE
ATCGTGATCTACTGCC,PBMC-06-1,PSX04,PSX,SNG,TRUE
ATCGTGATCTGTGCTC,PBMC-06-1,PSA03,PSA,SNG,TRUE
ATCGTGATCTTAGCAG,PBMC-06-1,PSA15,PSA,AMB,FALSE
ATCGTGATCTTGGTGA,PBMC-06-1,PSA04,PSA,DBL,FALSE
ATCTCTAAGAACGCGT,PBMC-06-1,PSO13,PSO,SNG,TRUE
ATCTCTAAGAGCCCAA,PBMC-06-1,PSA07,PSA,SNG,TRUE
ATCTCTAAGCCAAGTG,PBMC-06-1,PSO15,PSO,DBL,FALSE
ATCTCTAAGGTTAGTA,PBMC-06-1,PSO15,PSO,SNG,TRUE
ATCTCTAAGTCCTGCG,PBMC-06-1,PSA14,PSA,SNG,TRUE
ATCTCTACACAATCTG,PBMC-06-1,PSA06,PSA,DBL,FALSE
ATCTCTACACGACTAT,PBMC-06-1,PSX01,PSX,DBL,FALSE
ATCTCTACATAAGATG,PBMC-06-1,PSA05,PSA,SNG,TRUE
ATCTCTAGTCGTTTCC,PBMC-06-1,PSA16,PSA,SNG,TRUE
ATCTCTAGTGAACTAA,PBMC-06-1,PSA12,PSA,SNG,TRUE
ATCTCTAGTGAGATTA,PBMC-06-1,PSA17,PSA,SNG,FALSE
ATCTCTAGTGATTCTG,PBMC-06-1,PSX04,PSX,SNG,TRUE
ATCTCTAGTGCCGTTG,PBMC-06-1,PSA16,PSA,SNG,FALSE
ATCTCTAGTGCGAGTA,PBMC-06-1,PSA02,PSA,DBL,FALSE
ATCTCTAGTTCCTAAG,PBMC-06-1,PSA04,PSA,SNG,TRUE
ATCTCTAGTTGGTAGG,PBMC-06-1,PSA12,PSA,SNG,TRUE
ATCTCTAGTTTGGAGG,PBMC-06-1,PSA16,PSA,DBL,FALSE
ATCTCTATCAGCTGAT,PBMC-06-1,PSA15,PSA,DBL,FALSE
ATCTCTATCATGCGGC,PBMC-06-1,PSO12,PSO,SNG,TRUE
ATCTCTATCCATTTGT,PBMC-06-1,PSA12,PSA,SNG,FALSE
ATCTCTATCGAGTACT,PBMC-06-1,PSA02,PSA,SNG,TRUE
ATCTCTATCGATCCAA,PBMC-06-1,PSA12,PSA,DBL,FALSE
ATCTTCAAGCCTGTGC,PBMC-06-1,PSA07,PSA,SNG,TRUE
ATCTTCAAGCGATCGA,PBMC-06-1,PSX04,PSX,SNG,TRUE
ATCTTCAAGCGCTGCT,PBMC-06-1,PSA15,PSA,SNG,TRUE
ATCTTCAAGGAAGTCC,PBMC-06-1,PSO15,PSO,DBL,FALSE
ATCTTCAAGGCCCAAA,PBMC-06-1,PSO15,PSO,SNG,TRUE
ATCTTCACAACTAGAA,PBMC-06-1,PSA05,PSA,SNG,FALSE
ATCTTCACAATCGTCA,PBMC-06-1,PSA15,PSA,SNG,TRUE
ATCTTCACACGCCACA,PBMC-06-1,PSO15,PSO,SNG,TRUE
ATCTTCACAGCCGTTG,PBMC-06-1,PSA17,PSA,SNG,TRUE
ATCTTCACATGACAGG,PBMC-06-1,PSA14,PSA,SNG,TRUE
ATCTTCACATTGGCAT,PBMC-06-1,PSA02,PSA,SNG,TRUE
ATCTTCACATTGTACG,PBMC-06-1,PSA05,PSA,SNG,TRUE
ATCTTCAGTAAGGCCA,PBMC-06-1,PSA13,PSA,SNG,FALSE
ATCTTCAGTAGCGTAG,PBMC-06-1,PSO14,PSO,SNG,TRUE
ATCTTCAGTCTTCATT,PBMC-06-1,PSA14,PSA,SNG,TRUE
ATCTTCAGTGCCCACA,PBMC-06-1,PSO14,PSO,AMB,FALSE
ATCTTCAGTGTTCAGT,PBMC-06-1,PSA16,PSA,SNG,TRUE
ATCTTCAGTGTTGATC,PBMC-06-1,PSA05,PSA,SNG,FALSE
ATCTTCATCAACCTTT,PBMC-06-1,PSA05,PSA,SNG,TRUE
ATCTTCATCATACGAC,PBMC-06-1,PSO15,PSO,DBL,FALSE
ATCTTCATCGACCACG,PBMC-06-1,PSO14,PSO,DBL,FALSE
ATCTTCATCTACACTT,PBMC-06-1,PSA17,PSA,SNG,TRUE
ATCTTCATCTAGTTCT,PBMC-06-1,PSX04,PSX,SNG,TRUE
ATCTTCATCTCGCTCA,PBMC-06-1,PSO14,PSO,SNG,TRUE
ATCTTCATCTGGTTGA,PBMC-06-1,PSO12,PSO,SNG,TRUE
ATGAAAGAGCACCGAA,PBMC-06-1,PSO15,PSO,DBL,FALSE
ATGAAAGAGCTCGACC,PBMC-06-1,PSA04,PSA,SNG,TRUE
ATGAAAGAGTTGCGAG,PBMC-06-1,PSA15,PSA,DBL,FALSE
ATGAAAGCAATAGTGA,PBMC-06-1,PSA17,PSA,SNG,TRUE
ATGAAAGCACGGCGTT,PBMC-06-1,PSO12,PSO,DBL,FALSE
ATGAAAGCAGTAACCT,PBMC-06-1,PSA17,PSA,DBL,FALSE
ATGAAAGCATACCATG,PBMC-06-1,PSO14,PSO,AMB,FALSE
ATGAAAGGTAACACCT,PBMC-06-1,PSA17,PSA,SNG,TRUE
ATGAAAGGTATGAGCG,PBMC-06-1,PSA03,PSA,SNG,TRUE
ATGAAAGGTCCAGGTC,PBMC-06-1,PSO14,PSO,AMB,FALSE
ATGAAAGGTCTGTCCT,PBMC-06-1,PSA13,PSA,SNG,TRUE
ATGAAAGGTGATCATC,PBMC-06-1,PSA07,PSA,DBL,FALSE
ATGAAAGGTGCTCCGA,PBMC-06-1,PSA02,PSA,SNG,TRUE
ATGAAAGGTTTGAAAG,PBMC-06-1,PSA13,PSA,SNG,TRUE
ATGAAAGTCCACTGAA,PBMC-06-1,PSA03,PSA,SNG,FALSE
ATGAAAGTCCGCTAGG,PBMC-06-1,PSO12,PSO,SNG,TRUE
ATGAAAGTCGAGCCTG,PBMC-06-1,PSA05,PSA,DBL,FALSE
ATGAAAGTCGTACACA,PBMC-06-1,PSA17,PSA,SNG,FALSE
ATGAAAGTCTCATAGG,PBMC-06-1,PSA07,PSA,DBL,FALSE
ATGACCAAGATCGGTG,PBMC-06-1,PSA16,PSA,DBL,FALSE
ATGACCAAGCGAGAAA,PBMC-06-1,PSA13,PSA,SNG,FALSE
ATGACCAAGCTAAATG,PBMC-06-1,PSX01,PSX,SNG,TRUE
ATGACCAAGTAGATCA,PBMC-06-1,PSO14,PSO,SNG,TRUE
ATGACCAAGTTGTAGA,PBMC-06-1,PSA12,PSA,SNG,FALSE
ATGACCACACAAATAG,PBMC-06-1,PSA15,PSA,SNG,TRUE
ATGACCACACTGAGGA,PBMC-06-1,PSO14,PSO,DBL,FALSE
ATGACCACATCATTTC,PBMC-06-1,PSX04,PSX,SNG,FALSE
ATGACCAGTGTGTACT,PBMC-06-1,PSA14,PSA,SNG,TRUE
ATGACCATCACGGAGA,PBMC-06-1,PSO14,PSO,SNG,TRUE
ATGACCATCAGGGTAG,PBMC-06-1,PSA15,PSA,SNG,TRUE
ATGACCATCATCCTGC,PBMC-06-1,PSA13,PSA,DBL,FALSE
ATGACCATCATTACTC,PBMC-06-1,PSO12,PSO,SNG,TRUE
ATGACCATCCCTCGTA,PBMC-06-1,PSA13,PSA,SNG,TRUE
ATGACCATCCGAGAAG,PBMC-06-1,PSA13,PSA,AMB,FALSE
ATGACCATCGAACGGA,PBMC-06-1,PSA02,PSA,SNG,TRUE
ATGACCATCGAGTGAG,PBMC-06-1,PSA17,PSA,SNG,TRUE
ATGACCATCGCTTGAA,PBMC-06-1,PSA12,PSA,SNG,TRUE
ATGACCATCGTCGCTT,PBMC-06-1,PSX04,PSX,SNG,TRUE
ATGAGGGCAACCCTAA,PBMC-06-1,PSO15,PSO,SNG,FALSE
ATGAGGGCAAGCGGAT,PBMC-06-1,PSO11,PSO,SNG,TRUE
ATGAGGGCAATTGCGT,PBMC-06-1,PSX04,PSX,SNG,TRUE
ATGAGGGCACTGTGTA,PBMC-06-1,PSO12,PSO,DBL,FALSE
ATGAGGGCATACATCG,PBMC-06-1,PSO12,PSO,SNG,TRUE
ATGAGGGGTACGGTTT,PBMC-06-1,PSA07,PSA,DBL,FALSE
ATGAGGGGTAGGCTCC,PBMC-06-1,PSA14,PSA,DBL,FALSE
ATGAGGGGTCAACACT,PBMC-06-1,PSA03,PSA,SNG,TRUE
ATGAGGGGTTAGTCGT,PBMC-06-1,PSA12,PSA,DBL,FALSE
ATGAGGGGTTGTAAAG,PBMC-06-1,PSX04,PSX,SNG,TRUE
ATGAGTCAGACTTCGT,PBMC-06-1,PSA17,PSA,SNG,TRUE
ATGAGTCAGAGTGGCT,PBMC-06-1,PSA02,PSA,SNG,TRUE
ATGAGTCAGAGTGTTA,PBMC-06-1,PSA17,PSA,SNG,TRUE
ATGAGTCAGCAAGCCA,PBMC-06-1,PSA03,PSA,SNG,TRUE
ATGAGTCAGCATTGAA,PBMC-06-1,PSA07,PSA,SNG,TRUE
ATGAGTCAGCCTGCCA,PBMC-06-1,PSA14,PSA,SNG,TRUE
ATGAGTCAGCTAATCC,PBMC-06-1,PSA04,PSA,AMB,FALSE
ATGAGTCAGGTAAGAG,PBMC-06-1,PSX04,PSX,SNG,TRUE
ATGAGTCAGGTTACCT,PBMC-06-1,PSA06,PSA,SNG,TRUE
ATGAGTCCAACAAGTA,PBMC-06-1,PSA07,PSA,SNG,TRUE
ATGAGTCCAAGCCTGC,PBMC-06-1,PSA07,PSA,SNG,TRUE
ATGAGTCCAATTCTTC,PBMC-06-1,PSA16,PSA,SNG,TRUE
ATGAGTCCAGCGCGTT,PBMC-06-1,PSA02,PSA,SNG,TRUE
ATGAGTCCAGTCGAGA,PBMC-06-1,PSX01,PSX,SNG,TRUE
ATGAGTCCATCTAGAC,PBMC-06-1,PSO13,PSO,SNG,FALSE
ATGAGTCGTAAGCGGT,PBMC-06-1,PSX01,PSX,SNG,TRUE
ATGAGTCGTCCGAAAG,PBMC-06-1,PSA05,PSA,SNG,TRUE
ATGAGTCGTCTTGAGT,PBMC-06-1,PSO13,PSO,SNG,TRUE
ATGAGTCGTGCTCGTG,PBMC-06-1,PSX04,PSX,AMB,FALSE
ATGAGTCGTTCGGCTG,PBMC-06-1,PSA03,PSA,SNG,TRUE
ATGAGTCTCACTCACC,PBMC-06-1,PSA02,PSA,SNG,TRUE
ATGAGTCTCAGTGTTG,PBMC-06-1,PSA17,PSA,SNG,TRUE
ATGAGTCTCATGCTAG,PBMC-06-1,PSA12,PSA,SNG,TRUE
ATGAGTCTCCATAGGT,PBMC-06-1,PSA12,PSA,DBL,FALSE
ATGAGTCTCCCAAGCG,PBMC-06-1,PSO13,PSO,SNG,TRUE
ATGAGTCTCGGACAAG,PBMC-06-1,PSA04,PSA,SNG,TRUE
ATGAGTCTCTAAGCCA,PBMC-06-1,PSA16,PSA,SNG,TRUE
ATGAGTCTCTGGCCGA,PBMC-06-1,PSX04,PSX,SNG,FALSE
ATGAGTCTCTTGAGCA,PBMC-06-1,PSO15,PSO,SNG,TRUE
ATGATCGAGATCACCT,PBMC-06-1,PSO11,PSO,DBL,FALSE
ATGATCGAGCACGGAT,PBMC-06-1,PSO15,PSO,SNG,TRUE
ATGATCGAGGTCCCGT,PBMC-06-1,PSA02,PSA,SNG,TRUE
ATGATCGAGTCACTGT,PBMC-06-1,PSO12,PSO,SNG,TRUE
ATGATCGAGTCGCGAA,PBMC-06-1,PSA16,PSA,SNG,TRUE
ATGATCGCAACAGAGC,PBMC-06-1,PSA03,PSA,SNG,TRUE
ATGATCGCACACGCCA,PBMC-06-1,PSO13,PSO,AMB,FALSE
ATGATCGCATGACTAC,PBMC-06-1,PSA14,PSA,SNG,TRUE
ATGATCGCATTGCCGG,PBMC-06-1,PSA17,PSA,SNG,TRUE
ATGATCGGTAAGCTCT,PBMC-06-1,PSA14,PSA,DBL,FALSE
ATGATCGGTACAACGG,PBMC-06-1,PSO12,PSO,SNG,TRUE
ATGATCGGTACCGTGC,PBMC-06-1,PSA07,PSA,SNG,TRUE
ATGATCGGTATCCCAA,PBMC-06-1,PSO15,PSO,DBL,FALSE
ATGATCGGTCAAAGCG,PBMC-06-1,PSA12,PSA,SNG,TRUE
ATGATCGGTGACTGTT,PBMC-06-1,PSO12,PSO,DBL,FALSE
ATGATCGGTTACGCCG,PBMC-06-1,PSA12,PSA,SNG,TRUE
ATGATCGGTTTCACAG,PBMC-06-1,PSO11,PSO,AMB,FALSE
ATGATCGTCACTGATG,PBMC-06-1,PSA16,PSA,AMB,FALSE
ATGATCGTCAGTGCGC,PBMC-06-1,PSA16,PSA,SNG,TRUE
ATGATCGTCAGTGTGT,PBMC-06-1,PSO15,PSO,SNG,TRUE
ATGATCGTCATAGGCT,PBMC-06-1,PSA07,PSA,SNG,FALSE
ATGATCGTCCGTAGGC,PBMC-06-1,PSA02,PSA,SNG,TRUE
ATGATCGTCGGTCTAA,PBMC-06-1,PSA02,PSA,SNG,TRUE
ATGATCGTCTTACCGC,PBMC-06-1,PSA05,PSA,SNG,TRUE
ATGCATGAGCACTCTA,PBMC-06-1,PSA02,PSA,SNG,FALSE
ATGCATGAGCCGATAG,PBMC-06-1,PSA13,PSA,AMB,FALSE
ATGCATGAGGCCTAAG,PBMC-06-1,PSO16,PSO,SNG,TRUE
ATGCATGCAGAGGAAA,PBMC-06-1,PSA02,PSA,DBL,FALSE
ATGCATGCATCTAACG,PBMC-06-1,PSA15,PSA,SNG,FALSE
ATGCATGGTAAGCTCT,PBMC-06-1,PSA12,PSA,SNG,TRUE
ATGCATGGTAGTCCTA,PBMC-06-1,PSO15,PSO,SNG,TRUE
ATGCATGGTCGAAGCA,PBMC-06-1,PSA05,PSA,SNG,TRUE
ATGCATGGTGAATGAT,PBMC-06-1,PSO15,PSO,DBL,FALSE
ATGCATGGTGCGGATA,PBMC-06-1,PSA16,PSA,DBL,FALSE
ATGCATGGTTACGTAC,PBMC-06-1,PSO11,PSO,SNG,TRUE
ATGCATGGTTAGAAAC,PBMC-06-1,PSA15,PSA,SNG,TRUE
ATGCATGGTTATGTGC,PBMC-06-1,PSA12,PSA,DBL,FALSE
ATGCATGTCAAGATAG,PBMC-06-1,PSA17,PSA,SNG,TRUE
ATGCATGTCATTATCC,PBMC-06-1,PSA04,PSA,SNG,TRUE
ATGCATGTCCACAAGT,PBMC-06-1,PSA17,PSA,SNG,TRUE
ATGCATGTCCCAGGCA,PBMC-06-1,PSA02,PSA,SNG,TRUE
ATGCATGTCCGATAGT,PBMC-06-1,PSA13,PSA,SNG,TRUE
ATGCATGTCCTGCTAC,PBMC-06-1,PSA14,PSA,AMB,FALSE
ATGCATGTCGTCTCAC,PBMC-06-1,PSA16,PSA,SNG,TRUE
ATGCCTCAGACGGTCA,PBMC-06-1,PSA07,PSA,SNG,TRUE
ATGCCTCAGCCGATTT,PBMC-06-1,PSA07,PSA,SNG,FALSE
ATGCCTCAGCCGCACT,PBMC-06-1,PSA03,PSA,AMB,FALSE
ATGCCTCAGCTTCGTA,PBMC-06-1,PSA05,PSA,SNG,TRUE
ATGCCTCAGGGTCAAC,PBMC-06-1,PSX01,PSX,SNG,FALSE
ATGCCTCAGTCCCAAT,PBMC-06-1,PSA16,PSA,SNG,TRUE
ATGCCTCAGTTCCAGT,PBMC-06-1,PSA15,PSA,SNG,FALSE
ATGCCTCAGTTTCGGT,PBMC-06-1,PSO12,PSO,SNG,TRUE
ATGCCTCCAATGCAAA,PBMC-06-1,PSX01,PSX,DBL,FALSE
ATGCCTCCACAAGCCC,PBMC-06-1,PSA07,PSA,SNG,FALSE
ATGCCTCCACTCCGAG,PBMC-06-1,PSO15,PSO,DBL,FALSE
ATGCCTCCACTGCTTC,PBMC-06-1,PSA07,PSA,SNG,TRUE
ATGCCTCCAGGAAGTC,PBMC-06-1,PSA05,PSA,SNG,TRUE
ATGCCTCCATTACTCT,PBMC-06-1,PSA07,PSA,DBL,FALSE
ATGCCTCGTAGTGCGA,PBMC-06-1,PSA17,PSA,SNG,TRUE
ATGCCTCGTCCACTCT,PBMC-06-1,PSA13,PSA,SNG,TRUE
ATGCCTCGTCTAGTGT,PBMC-06-1,PSA05,PSA,SNG,TRUE
ATGCCTCGTGGAAGTC,PBMC-06-1,PSA16,PSA,SNG,TRUE
ATGCCTCGTTATGACC,PBMC-06-1,PSO14,PSO,SNG,TRUE
ATGCCTCTCACTACGA,PBMC-06-1,PSA12,PSA,SNG,TRUE
ATGCCTCTCACTGTCC,PBMC-06-1,PSO11,PSO,SNG,TRUE
ATGCCTCTCATACGGT,PBMC-06-1,PSA15,PSA,DBL,FALSE
ATGCCTCTCCCAGCGA,PBMC-06-1,PSX04,PSX,SNG,TRUE
ATGCCTCTCGACCACG,PBMC-06-1,PSA05,PSA,SNG,TRUE
ATGCCTCTCTAAACGC,PBMC-06-1,PSO15,PSO,SNG,TRUE
ATGCCTCTCTCCAATT,PBMC-06-1,PSO15,PSO,SNG,TRUE
ATGCGATCAAGCACCC,PBMC-06-1,PSX01,PSX,SNG,TRUE
ATGCGATCACACCTGG,PBMC-06-1,PSA03,PSA,AMB,FALSE
ATGCGATCACGTTGGC,PBMC-06-1,PSA02,PSA,SNG,TRUE
ATGCGATCAGGTGAGT,PBMC-06-1,PSO12,PSO,SNG,TRUE
ATGCGATCAGTAACAA,PBMC-06-1,PSO12,PSO,SNG,TRUE
ATGCGATCATACACCA,PBMC-06-1,PSA07,PSA,SNG,TRUE
ATGCGATCATCCCGTT,PBMC-06-1,PSA14,PSA,SNG,TRUE
ATGCGATCATGCCATA,PBMC-06-1,PSA14,PSA,SNG,TRUE
ATGCGATGTACCAATC,PBMC-06-1,PSO11,PSO,SNG,TRUE
ATGCGATGTATCTTCT,PBMC-06-1,PSX04,PSX,SNG,TRUE
ATGCGATGTCGTATGT,PBMC-06-1,PSA06,PSA,SNG,TRUE
ATGCGATGTTAAGACA,PBMC-06-1,PSA16,PSA,SNG,TRUE
ATGCGATGTTACGATC,PBMC-06-1,PSA02,PSA,DBL,FALSE
ATGCGATGTTGGTGTT,PBMC-06-1,PSA04,PSA,SNG,TRUE
ATGCGATGTTTCGATG,PBMC-06-1,PSA02,PSA,DBL,FALSE
ATGGAGGAGCTCGTGC,PBMC-06-1,PSA05,PSA,AMB,FALSE
ATGGAGGAGCTGCCTG,PBMC-06-1,PSA16,PSA,SNG,TRUE
ATGGAGGAGTAAGCAT,PBMC-06-1,PSO14,PSO,DBL,FALSE
ATGGAGGAGTAATACG,PBMC-06-1,PSA07,PSA,SNG,FALSE
ATGGAGGCAAATGGAT,PBMC-06-1,PSA17,PSA,SNG,TRUE
ATGGAGGCAAGCTGCC,PBMC-06-1,PSO12,PSO,SNG,TRUE
ATGGAGGCAAGGATGC,PBMC-06-1,PSA02,PSA,SNG,TRUE
ATGGAGGCATACCACA,PBMC-06-1,PSX01,PSX,DBL,FALSE
ATGGAGGCATCGTCCT,PBMC-06-1,PSO15,PSO,DBL,FALSE
ATGGAGGGTGCGTTTA,PBMC-06-1,PSA16,PSA,SNG,TRUE
ATGGAGGGTGCTCTTC,PBMC-06-1,PSA05,PSA,SNG,TRUE
ATGGAGGGTTCCGCTT,PBMC-06-1,PSA05,PSA,DBL,FALSE
ATGGAGGGTTGCATCA,PBMC-06-1,PSA03,PSA,SNG,TRUE
ATGGAGGTCCCTCATG,PBMC-06-1,PSA03,PSA,DBL,FALSE
ATGGAGGTCTGGTGCG,PBMC-06-1,PSA15,PSA,SNG,FALSE
ATGGAGGTCTTTGCGC,PBMC-06-1,PSX01,PSX,SNG,TRUE
ATGGATCAGCACAAAT,PBMC-06-1,PSA07,PSA,SNG,FALSE
ATGGATCAGGCACTCC,PBMC-06-1,PSA17,PSA,SNG,FALSE
ATGGATCCACCCTGTT,PBMC-06-1,PSA12,PSA,SNG,TRUE
ATGGATCCACCTCGTT,PBMC-06-1,PSA14,PSA,SNG,TRUE
ATGGATCCATGACGGA,PBMC-06-1,PSA02,PSA,SNG,TRUE
ATGGATCGTACCAGAG,PBMC-06-1,PSO14,PSO,SNG,TRUE
ATGGATCGTAGGAAAG,PBMC-06-1,PSA02,PSA,SNG,TRUE
ATGGATCGTAGTGATA,PBMC-06-1,PSO13,PSO,DBL,FALSE
ATGGATCGTATTCCGA,PBMC-06-1,PSA05,PSA,SNG,TRUE
ATGGATCGTCACTAGT,PBMC-06-1,PSA17,PSA,SNG,TRUE
ATGGATCGTCAGTCTA,PBMC-06-1,PSA02,PSA,SNG,TRUE
ATGGATCTCCAACTGA,PBMC-06-1,PSA06,PSA,SNG,TRUE
ATGGATCTCCACCCTA,PBMC-06-1,PSA04,PSA,DBL,FALSE
ATGGATCTCGGCCCAA,PBMC-06-1,PSA16,PSA,AMB,FALSE
ATGGATCTCGTAGGAG,PBMC-06-1,PSA04,PSA,SNG,TRUE
ATGGATCTCGTCGGGT,PBMC-06-1,PSO15,PSO,SNG,TRUE
ATGGGAGAGAGGTCGT,PBMC-06-1,PSA15,PSA,SNG,TRUE
ATGGGAGAGGTAGTAT,PBMC-06-1,PSX04,PSX,SNG,TRUE
ATGGGAGAGGTATTGA,PBMC-06-1,PSO15,PSO,SNG,TRUE
ATGGGAGAGGTGAGCT,PBMC-06-1,PSO15,PSO,SNG,FALSE
ATGGGAGAGTGCTCAT,PBMC-06-1,PSO11,PSO,SNG,TRUE
ATGGGAGAGTTCTCTT,PBMC-06-1,PSA06,PSA,SNG,TRUE
ATGGGAGCAACTACGT,PBMC-06-1,PSA06,PSA,SNG,TRUE
ATGGGAGCAAGATTGA,PBMC-06-1,PSO15,PSO,SNG,TRUE
ATGGGAGCAAGGCCTC,PBMC-06-1,PSA13,PSA,SNG,TRUE
ATGGGAGCACATATCG,PBMC-06-1,PSA12,PSA,SNG,FALSE
ATGGGAGCACGGTCTG,PBMC-06-1,PSA07,PSA,SNG,FALSE
ATGGGAGCATCATCTT,PBMC-06-1,PSO12,PSO,SNG,TRUE
ATGGGAGGTCTTGAGT,PBMC-06-1,PSA03,PSA,AMB,FALSE
ATGGGAGGTGAGCTCC,PBMC-06-1,PSA14,PSA,SNG,TRUE
ATGGGAGGTTAAACCC,PBMC-06-1,PSA13,PSA,SNG,TRUE
ATGGGAGGTTCTATCT,PBMC-06-1,PSA02,PSA,SNG,TRUE
ATGGGAGTCCGTGTCT,PBMC-06-1,PSA12,PSA,SNG,FALSE
ATGGGAGTCTAGGAAA,PBMC-06-1,PSA16,PSA,SNG,TRUE
ATGGGTTAGAGTCACG,PBMC-06-1,PSA13,PSA,SNG,TRUE
ATGGGTTAGGGCATGT,PBMC-06-1,PSA04,PSA,SNG,TRUE
ATGGGTTAGTATCCTG,PBMC-06-1,PSX01,PSX,SNG,TRUE
ATGGGTTAGTGATTCC,PBMC-06-1,PSA13,PSA,SNG,FALSE
ATGGGTTCAAACCACT,PBMC-06-1,PSA07,PSA,SNG,TRUE
ATGGGTTCACGCGTGT,PBMC-06-1,PSA14,PSA,SNG,TRUE
ATGGGTTCAGCAGTAG,PBMC-06-1,PSA07,PSA,SNG,TRUE
ATGGGTTCAGCTGTTA,PBMC-06-1,PSA12,PSA,SNG,FALSE
ATGGGTTCAGGAATCG,PBMC-06-1,PSA13,PSA,SNG,TRUE
ATGGGTTCATCCTAAG,PBMC-06-1,PSA14,PSA,SNG,FALSE
ATGGGTTGTATGCGGA,PBMC-06-1,PSA12,PSA,SNG,TRUE
ATGGGTTGTCACCTTC,PBMC-06-1,PSA12,PSA,DBL,FALSE
ATGGGTTGTTTCGCTC,PBMC-06-1,PSO16,PSO,DBL,FALSE
ATGGGTTTCAGGACGA,PBMC-06-1,PSA14,PSA,SNG,TRUE
ATGGGTTTCAGTCACA,PBMC-06-1,PSA07,PSA,SNG,FALSE
ATGGGTTTCCGTACGG,PBMC-06-1,PSA12,PSA,SNG,TRUE
ATGGGTTTCGTCCTTG,PBMC-06-1,PSO11,PSO,SNG,TRUE
ATGGTTGAGATGATTG,PBMC-06-1,PSA05,PSA,SNG,TRUE
ATGGTTGAGTACCGGA,PBMC-06-1,PSA07,PSA,DBL,FALSE
ATGGTTGAGTGCGTCC,PBMC-06-1,PSA15,PSA,SNG,TRUE
ATGGTTGCACACGCCA,PBMC-06-1,PSA07,PSA,SNG,FALSE
ATGGTTGCAGAAACCG,PBMC-06-1,PSA14,PSA,DBL,FALSE
ATGGTTGCATTACGGT,PBMC-06-1,PSA03,PSA,SNG,TRUE
ATGGTTGGTAAGTAGT,PBMC-06-1,PSA03,PSA,SNG,TRUE
ATGGTTGGTAGGCTGA,PBMC-06-1,PSO15,PSO,AMB,FALSE
ATGGTTGGTCAGGAGT,PBMC-06-1,PSA06,PSA,SNG,TRUE
ATGGTTGGTCCTGTTC,PBMC-06-1,PSA02,PSA,SNG,TRUE
ATGGTTGGTGGTCTGC,PBMC-06-1,PSX01,PSX,SNG,TRUE
ATGGTTGGTGTTAGCT,PBMC-06-1,PSA17,PSA,SNG,TRUE
ATGGTTGGTTCCACAA,PBMC-06-1,PSX04,PSX,SNG,FALSE
ATGGTTGTCAGTCACA,PBMC-06-1,PSA13,PSA,SNG,FALSE
ATGGTTGTCCCTTGGT,PBMC-06-1,PSO12,PSO,SNG,FALSE
ATGGTTGTCTCTGACC,PBMC-06-1,PSX01,PSX,SNG,TRUE
ATGGTTGTCTGCCTCA,PBMC-06-1,PSA12,PSA,SNG,TRUE
ATGTCCCAGACATGCG,PBMC-06-1,PSA12,PSA,SNG,TRUE
ATGTCCCAGAGTCAGC,PBMC-06-1,PSO15,PSO,SNG,TRUE
ATGTCCCAGAGTTCGG,PBMC-06-1,PSA17,PSA,SNG,TRUE
ATGTCCCAGCACAAAT,PBMC-06-1,PSX04,PSX,SNG,TRUE
ATGTCCCAGTAACCGG,PBMC-06-1,PSA03,PSA,SNG,TRUE
ATGTCCCAGTCCTGCG,PBMC-06-1,PSX04,PSX,SNG,TRUE
ATGTCCCAGTGTACAA,PBMC-06-1,PSA05,PSA,SNG,TRUE
ATGTCCCCAGTACTAC,PBMC-06-1,PSO15,PSO,SNG,TRUE
ATGTCCCCATATGCGT,PBMC-06-1,PSA16,PSA,SNG,TRUE
ATGTCCCCATTACTCT,PBMC-06-1,PSA14,PSA,SNG,TRUE
ATGTCCCGTCACCCTT,PBMC-06-1,PSO15,PSO,DBL,FALSE
ATGTCCCGTTAGTCGT,PBMC-06-1,PSA15,PSA,SNG,TRUE
ATGTCCCTCATTCTTG,PBMC-06-1,PSA13,PSA,DBL,FALSE
ATGTCCCTCCGATAGT,PBMC-06-1,PSA05,PSA,DBL,FALSE
ATGTCCCTCTCCGAGG,PBMC-06-1,PSO12,PSO,DBL,FALSE
ATGTCCCTCTCCGATC,PBMC-06-1,PSA07,PSA,SNG,TRUE
ATGTCTTAGCCGATTT,PBMC-06-1,PSA14,PSA,SNG,TRUE
ATGTCTTAGGCACTCC,PBMC-06-1,PSA14,PSA,SNG,FALSE
ATGTCTTAGGTCACCC,PBMC-06-1,PSA05,PSA,SNG,FALSE
ATGTCTTAGTGCGCTC,PBMC-06-1,PSO14,PSO,SNG,TRUE
ATGTCTTAGTTCCAGT,PBMC-06-1,PSX01,PSX,DBL,FALSE
ATGTCTTCAACTCGAT,PBMC-06-1,PSA14,PSA,SNG,TRUE
ATGTCTTCAAGTGGCA,PBMC-06-1,PSA06,PSA,SNG,TRUE
ATGTCTTCAATCTCTT,PBMC-06-1,PSA16,PSA,SNG,TRUE
ATGTCTTCACATCCCT,PBMC-06-1,PSO15,PSO,SNG,TRUE
ATGTCTTCAGACCAAG,PBMC-06-1,PSA06,PSA,SNG,TRUE
ATGTCTTCAGAGATGC,PBMC-06-1,PSA07,PSA,SNG,TRUE
ATGTCTTGTATGCAAA,PBMC-06-1,PSA16,PSA,SNG,TRUE
ATGTCTTGTCGTATGT,PBMC-06-1,PSA17,PSA,SNG,TRUE
ATGTCTTGTGACAACG,PBMC-06-1,PSO12,PSO,DBL,FALSE
ATGTCTTGTGTGAGCA,PBMC-06-1,PSO15,PSO,SNG,TRUE
ATGTCTTGTTAACCTG,PBMC-06-1,PSA16,PSA,SNG,TRUE
ATGTCTTGTTCTCTCG,PBMC-06-1,PSO15,PSO,SNG,TRUE
ATGTCTTTCAGAGTTC,PBMC-06-1,PSA17,PSA,AMB,FALSE
ATGTCTTTCATTTGCT,PBMC-06-1,PSX01,PSX,SNG,TRUE
ATGTCTTTCGAACCAT,PBMC-06-1,PSX01,PSX,SNG,FALSE
ATGTCTTTCGCTGATA,PBMC-06-1,PSA04,PSA,SNG,TRUE
ATGTCTTTCGTTCTGC,PBMC-06-1,PSA15,PSA,DBL,FALSE
ATGTCTTTCTGGGCAC,PBMC-06-1,PSX04,PSX,SNG,TRUE
ATTACCTAGAGTCAGC,PBMC-06-1,PSA04,PSA,SNG,TRUE
ATTACCTAGCGTCGAA,PBMC-06-1,PSX01,PSX,SNG,TRUE
ATTACCTAGTAGATCA,PBMC-06-1,PSA17,PSA,SNG,TRUE
ATTACCTCAAAGGTTA,PBMC-06-1,PSA06,PSA,SNG,TRUE
ATTACCTCAAGCTGTT,PBMC-06-1,PSA16,PSA,SNG,TRUE
ATTACCTCAATACAGA,PBMC-06-1,PSX01,PSX,SNG,TRUE
ATTACCTCACCCATAA,PBMC-06-1,PSA02,PSA,SNG,TRUE
ATTACCTCACCCTTGT,PBMC-06-1,PSA04,PSA,SNG,TRUE
ATTACCTCAGCGGTCT,PBMC-06-1,PSA03,PSA,SNG,TRUE
ATTACCTCATGCACTA,PBMC-06-1,PSX01,PSX,SNG,FALSE
ATTACCTGTAAGTAGT,PBMC-06-1,PSA04,PSA,SNG,TRUE
ATTACCTGTATTCCTT,PBMC-06-1,PSA14,PSA,SNG,TRUE
ATTACCTGTGCTCTTC,PBMC-06-1,PSA02,PSA,SNG,TRUE
ATTACCTGTGGAAGTC,PBMC-06-1,PSA15,PSA,SNG,TRUE
ATTACCTGTTGAGTCT,PBMC-06-1,PSA05,PSA,SNG,TRUE
ATTACCTTCCTCTAAT,PBMC-06-1,PSA05,PSA,SNG,FALSE
ATTACCTTCGGAGTGA,PBMC-06-1,PSA04,PSA,DBL,FALSE
ATTACCTTCTGGAGAG,PBMC-06-1,PSA02,PSA,SNG,TRUE
ATTACTCAGAGAGGTA,PBMC-06-1,PSA05,PSA,SNG,FALSE
ATTACTCAGTTCATCG,PBMC-06-1,PSA16,PSA,SNG,TRUE
ATTACTCCAATTCACG,PBMC-06-1,PSA14,PSA,SNG,TRUE
ATTACTCCAGTCGTTA,PBMC-06-1,PSA04,PSA,SNG,TRUE
ATTACTCCATCTTAGG,PBMC-06-1,PSX01,PSX,SNG,TRUE
ATTACTCCATGAATCC,PBMC-06-1,PSO12,PSO,SNG,TRUE
ATTACTCCATGACTGT,PBMC-06-1,PSO15,PSO,SNG,TRUE
ATTACTCGTACAAAGT,PBMC-06-1,PSA12,PSA,SNG,TRUE
ATTACTCGTAGCGCCT,PBMC-06-1,PSO16,PSO,SNG,TRUE
ATTACTCGTAGGACCA,PBMC-06-1,PSO15,PSO,DBL,FALSE
ATTACTCGTATGTCAC,PBMC-06-1,PSA12,PSA,DBL,FALSE
ATTACTCGTGAATGAT,PBMC-06-1,PSA04,PSA,SNG,FALSE
ATTACTCGTGATACTC,PBMC-06-1,PSA04,PSA,SNG,TRUE
ATTACTCGTTCGTGCG,PBMC-06-1,PSA06,PSA,SNG,TRUE
ATTACTCGTTCGTTCC,PBMC-06-1,PSX01,PSX,SNG,TRUE
ATTACTCGTTGGGCCT,PBMC-06-1,PSA13,PSA,SNG,TRUE
ATTACTCTCAAGTAAG,PBMC-06-1,PSA14,PSA,SNG,TRUE
ATTACTCTCACCGGTG,PBMC-06-1,PSA04,PSA,SNG,TRUE
ATTACTCTCAGCGGAA,PBMC-06-1,PSO14,PSO,DBL,FALSE
ATTACTCTCAGGAAAT,PBMC-06-1,PSA16,PSA,SNG,TRUE
ATTACTCTCCAAGGGA,PBMC-06-1,PSA02,PSA,SNG,TRUE
ATTACTCTCCGTATAG,PBMC-06-1,PSX01,PSX,SNG,TRUE
ATTACTCTCGGCAGTC,PBMC-06-1,PSA15,PSA,SNG,TRUE
ATTACTCTCGGCTTCT,PBMC-06-1,PSA05,PSA,DBL,FALSE
ATTATCCAGAGAGTGA,PBMC-06-1,PSO12,PSO,DBL,FALSE
ATTATCCAGCCGGAAT,PBMC-06-1,PSA04,PSA,SNG,TRUE
ATTATCCAGGCCGCTT,PBMC-06-1,PSA07,PSA,SNG,TRUE
ATTATCCAGGTCCCGT,PBMC-06-1,PSA14,PSA,DBL,FALSE
ATTATCCAGTAAGAGG,PBMC-06-1,PSA02,PSA,DBL,FALSE
ATTATCCCAACACTAC,PBMC-06-1,PSA07,PSA,SNG,FALSE
ATTATCCCACAGCGCT,PBMC-06-1,PSA03,PSA,SNG,TRUE
ATTATCCCATGGAAGC,PBMC-06-1,PSX01,PSX,SNG,TRUE
ATTATCCGTAATGTGA,PBMC-06-1,PSA07,PSA,DBL,FALSE
ATTATCCGTACCCGCA,PBMC-06-1,PSA16,PSA,SNG,TRUE
ATTATCCGTACTCGAT,PBMC-06-1,PSO14,PSO,SNG,FALSE
ATTATCCGTCGTATGT,PBMC-06-1,PSA02,PSA,SNG,TRUE
ATTATCCGTGCTTCAA,PBMC-06-1,PSA16,PSA,SNG,FALSE
ATTATCCGTTAAACCC,PBMC-06-1,PSX01,PSX,AMB,FALSE
ATTATCCGTTGGACCC,PBMC-06-1,PSA02,PSA,SNG,TRUE
ATTATCCTCCAGCCTT,PBMC-06-1,PSX01,PSX,SNG,TRUE
ATTATCCTCCGCAAAT,PBMC-06-1,PSA16,PSA,DBL,FALSE
ATTATCCTCCTGTTGC,PBMC-06-1,PSA12,PSA,SNG,TRUE
ATTATCCTCGGCTTGG,PBMC-06-1,PSA16,PSA,DBL,FALSE
ATTATCCTCGTAGCTA,PBMC-06-1,PSX01,PSX,SNG,TRUE
ATTATCCTCTTCGACC,PBMC-06-1,PSA14,PSA,SNG,TRUE
ATTCACTAGAAGCTGC,PBMC-06-1,PSX04,PSX,DBL,FALSE
ATTCACTAGCTTGTGT,PBMC-06-1,PSA05,PSA,SNG,TRUE
ATTCACTAGGGCTGAT,PBMC-06-1,PSA17,PSA,SNG,TRUE
ATTCACTAGTATGAGT,PBMC-06-1,PSX01,PSX,SNG,TRUE
ATTCACTAGTATTCCG,PBMC-06-1,PSA03,PSA,SNG,TRUE
ATTCACTAGTGGAAAG,PBMC-06-1,PSO11,PSO,SNG,TRUE
ATTCACTAGTTATGGA,PBMC-06-1,PSX01,PSX,SNG,TRUE
ATTCACTCACCTCTAC,PBMC-06-1,PSO12,PSO,SNG,TRUE
ATTCACTCATAGCTGT,PBMC-06-1,PSO15,PSO,DBL,FALSE
ATTCACTGTAACATCC,PBMC-06-1,PSO15,PSO,SNG,TRUE
ATTCACTGTACTCGCG,PBMC-06-1,PSA05,PSA,SNG,TRUE
ATTCACTGTATACCCA,PBMC-06-1,PSA12,PSA,DBL,FALSE
ATTCACTGTCAGTCGC,PBMC-06-1,PSO15,PSO,SNG,TRUE
ATTCACTGTTCCAGGC,PBMC-06-1,PSA03,PSA,SNG,FALSE
ATTCACTTCCCGAGTG,PBMC-06-1,PSA15,PSA,SNG,TRUE
ATTCACTTCGCTCTAC,PBMC-06-1,PSA16,PSA,DBL,FALSE
ATTCACTTCGGTCTAA,PBMC-06-1,PSO11,PSO,SNG,TRUE
ATTCACTTCGTAGTGT,PBMC-06-1,PSX04,PSX,SNG,TRUE
ATTCAGGAGAATCGTA,PBMC-06-1,PSO14,PSO,DBL,FALSE
ATTCAGGAGACGCTCC,PBMC-06-1,PSO12,PSO,SNG,FALSE
ATTCAGGAGATGGCGT,PBMC-06-1,PSO14,PSO,SNG,FALSE
ATTCAGGAGCAAGGAA,PBMC-06-1,PSX01,PSX,SNG,TRUE
ATTCAGGAGCTGTTCA,PBMC-06-1,PSO12,PSO,SNG,FALSE
ATTCAGGAGGAGCAAA,PBMC-06-1,PSA05,PSA,SNG,TRUE
ATTCAGGAGGCAATGC,PBMC-06-1,PSO14,PSO,SNG,TRUE
ATTCAGGAGTACAACA,PBMC-06-1,PSO15,PSO,DBL,FALSE
ATTCAGGAGTTCCTGA,PBMC-06-1,PSA03,PSA,SNG,TRUE
ATTCAGGCAAATCAGA,PBMC-06-1,PSO12,PSO,SNG,TRUE
ATTCAGGCAACCGTGC,PBMC-06-1,PSA15,PSA,SNG,TRUE
ATTCAGGCAAGGCAAC,PBMC-06-1,PSA03,PSA,SNG,TRUE
ATTCAGGCAAGTGGTG,PBMC-06-1,PSX04,PSX,SNG,TRUE
ATTCAGGGTAAGGTCG,PBMC-06-1,PSA06,PSA,SNG,TRUE
ATTCAGGGTCTGTGCG,PBMC-06-1,PSA15,PSA,SNG,FALSE
ATTCAGGGTGAATGAT,PBMC-06-1,PSA16,PSA,SNG,TRUE
ATTCAGGGTGGTCTAT,PBMC-06-1,PSA14,PSA,SNG,TRUE
ATTCAGGGTGTGCTTA,PBMC-06-1,PSA02,PSA,SNG,TRUE
ATTCAGGGTTGCATTG,PBMC-06-1,PSO15,PSO,SNG,TRUE
ATTCAGGTCAATGCAC,PBMC-06-1,PSA15,PSA,SNG,TRUE
ATTCAGGTCATTTACC,PBMC-06-1,PSX01,PSX,SNG,TRUE
ATTCAGGTCGAACCAT,PBMC-06-1,PSX04,PSX,SNG,TRUE
ATTCAGGTCGTGGCGT,PBMC-06-1,PSX04,PSX,SNG,TRUE
ATTCAGGTCTAATTCC,PBMC-06-1,PSA17,PSA,SNG,TRUE
ATTCATCAGAAAGTCT,PBMC-06-1,PSA16,PSA,SNG,TRUE
ATTCATCAGCTGGAGT,PBMC-06-1,PSA13,PSA,SNG,TRUE
ATTCATCAGGTTGACG,PBMC-06-1,PSX01,PSX,SNG,TRUE
ATTCATCAGTCATCCA,PBMC-06-1,PSX04,PSX,SNG,TRUE
ATTCATCCAAAGGAGA,PBMC-06-1,PSA13,PSA,SNG,FALSE
ATTCATCCATAGATGA,PBMC-06-1,PSO12,PSO,SNG,TRUE
ATTCATCCATTGTGCA,PBMC-06-1,PSA07,PSA,SNG,TRUE
ATTCATCGTACAGTAA,PBMC-06-1,PSO14,PSO,SNG,TRUE
ATTCATCGTAGCGTTT,PBMC-06-1,PSA06,PSA,SNG,FALSE
ATTCATCGTTCTTGTT,PBMC-06-1,PSA03,PSA,SNG,TRUE
ATTCATCGTTGACTAC,PBMC-06-1,PSA05,PSA,SNG,TRUE
ATTCATCTCAAGCCAT,PBMC-06-1,PSO12,PSO,DBL,FALSE
ATTCATCTCCACATAG,PBMC-06-1,PSA07,PSA,SNG,TRUE
ATTCCATAGTCTGCGC,PBMC-06-1,PSA02,PSA,SNG,TRUE
ATTCCATCAAGAATGT,PBMC-06-1,PSA14,PSA,SNG,TRUE
ATTCCATCAAGGCTTT,PBMC-06-1,PSA17,PSA,SNG,TRUE
ATTCCATCACAAGTGG,PBMC-06-1,PSA13,PSA,SNG,TRUE
ATTCCATCACGACGTC,PBMC-06-1,PSA16,PSA,SNG,TRUE
ATTCCATCAGCCCAGT,PBMC-06-1,PSO12,PSO,SNG,TRUE
ATTCCATCAGTGCCTG,PBMC-06-1,PSO15,PSO,SNG,TRUE
ATTCCATCATCCTATT,PBMC-06-1,PSO14,PSO,SNG,TRUE
ATTCCATGTAACTTCG,PBMC-06-1,PSA04,PSA,SNG,TRUE
ATTCCATGTATCTCTT,PBMC-06-1,PSA03,PSA,SNG,TRUE
ATTCCATGTCGGCTAC,PBMC-06-1,PSA07,PSA,SNG,TRUE
ATTCCATGTGATAGAT,PBMC-06-1,PSA07,PSA,SNG,TRUE
ATTCCATGTGGGAGAG,PBMC-06-1,PSA15,PSA,SNG,TRUE
ATTCCATGTTGTGTTG,PBMC-06-1,PSA14,PSA,SNG,TRUE
ATTCCATGTTTCACTT,PBMC-06-1,PSX01,PSX,SNG,FALSE
ATTCCATTCCATTGCC,PBMC-06-1,PSX01,PSX,SNG,TRUE
ATTCCATTCGCAGAGA,PBMC-06-1,PSA15,PSA,DBL,FALSE
ATTCCATTCGCCAGTG,PBMC-06-1,PSA04,PSA,SNG,TRUE
ATTCCATTCTCTTAAC,PBMC-06-1,PSA05,PSA,SNG,TRUE
ATTCCCGAGCTACAAA,PBMC-06-1,PSA13,PSA,SNG,TRUE
ATTCCCGAGTATAGAC,PBMC-06-1,PSX01,PSX,SNG,TRUE
ATTCCCGAGTGATAAC,PBMC-06-1,PSA05,PSA,DBL,FALSE
ATTCCCGAGTTCTACG,PBMC-06-1,PSA02,PSA,SNG,TRUE
ATTCCCGCAATGAGCG,PBMC-06-1,PSA04,PSA,AMB,FALSE
ATTCCCGCACCAGGTC,PBMC-06-1,PSA17,PSA,AMB,FALSE
ATTCCCGCACGCGCAT,PBMC-06-1,PSA17,PSA,SNG,TRUE
ATTCCCGCAGGTGACA,PBMC-06-1,PSX01,PSX,SNG,TRUE
ATTCCCGGTACACTCA,PBMC-06-1,PSA07,PSA,SNG,TRUE
ATTCCCGGTCTTCAAG,PBMC-06-1,PSA12,PSA,SNG,TRUE
ATTCCCGGTGACTGTT,PBMC-06-1,PSO12,PSO,SNG,TRUE
ATTCCCGGTGTTAACC,PBMC-06-1,PSA13,PSA,SNG,TRUE
ATTCCCGGTTCCACAA,PBMC-06-1,PSA05,PSA,AMB,FALSE
ATTCCCGTCAGTGTGT,PBMC-06-1,PSX01,PSX,SNG,TRUE
ATTCCCGTCATACGGT,PBMC-06-1,PSO12,PSO,SNG,TRUE
ATTCCCGTCCATTCAT,PBMC-06-1,PSA15,PSA,SNG,TRUE
ATTCCCGTCGCAATTG,PBMC-06-1,PSX01,PSX,SNG,TRUE
ATTCCCGTCGTTCTGC,PBMC-06-1,PSO13,PSO,DBL,FALSE
ATTCCTAAGCCGTCGT,PBMC-06-1,PSA02,PSA,SNG,TRUE
ATTCCTAAGGTCCAGA,PBMC-06-1,PSO14,PSO,SNG,TRUE
ATTCCTAAGTTACGAA,PBMC-06-1,PSA14,PSA,SNG,TRUE
ATTCCTACAAATGAGT,PBMC-06-1,PSA07,PSA,SNG,TRUE
ATTCCTAGTGACTATC,PBMC-06-1,PSA07,PSA,SNG,TRUE
ATTCCTAGTTCGTGCG,PBMC-06-1,PSA04,PSA,SNG,FALSE
ATTCCTAGTTCGTTCC,PBMC-06-1,PSO14,PSO,SNG,TRUE
ATTCCTATCGTAACAC,PBMC-06-1,PSX01,PSX,SNG,TRUE
ATTCGTTAGAAGTGTT,PBMC-06-1,PSA17,PSA,SNG,TRUE
ATTCGTTAGCACTCTA,PBMC-06-1,PSA07,PSA,SNG,TRUE
ATTCGTTAGGGAGTTC,PBMC-06-1,PSO15,PSO,DBL,FALSE
ATTCGTTAGGTTCACT,PBMC-06-1,PSX01,PSX,DBL,FALSE
ATTCGTTAGTAGCAAT,PBMC-06-1,PSA03,PSA,SNG,TRUE
ATTCGTTAGTGAGGTC,PBMC-06-1,PSO14,PSO,SNG,TRUE
ATTCGTTCACGACAAG,PBMC-06-1,PSA17,PSA,SNG,TRUE
ATTCGTTCAGATACTC,PBMC-06-1,PSA05,PSA,SNG,TRUE
ATTCGTTCAGATCCAT,PBMC-06-1,PSO12,PSO,DBL,FALSE
ATTCGTTCAGGCTTGC,PBMC-06-1,PSO12,PSO,SNG,TRUE
ATTCGTTCATATGGCT,PBMC-06-1,PSA17,PSA,SNG,TRUE
ATTCGTTGTAACATGA,PBMC-06-1,PSA17,PSA,SNG,TRUE
ATTCGTTGTACCATAC,PBMC-06-1,PSX01,PSX,SNG,TRUE
ATTCGTTGTAGAATAC,PBMC-06-1,PSA13,PSA,SNG,TRUE
ATTCGTTGTATCGAAA,PBMC-06-1,PSA17,PSA,SNG,TRUE
ATTCGTTGTCATCTAG,PBMC-06-1,PSA12,PSA,SNG,TRUE
ATTCGTTGTGACAGGT,PBMC-06-1,PSA17,PSA,SNG,TRUE
ATTCGTTGTGATACTC,PBMC-06-1,PSA06,PSA,DBL,FALSE
ATTCGTTGTGGCTTGC,PBMC-06-1,PSO13,PSO,SNG,FALSE
ATTCGTTGTTCGTGCG,PBMC-06-1,PSA02,PSA,SNG,TRUE
ATTCGTTTCAAGCCCG,PBMC-06-1,PSA17,PSA,SNG,TRUE
ATTCGTTTCCAAGCCG,PBMC-06-1,PSX01,PSX,DBL,FALSE
ATTCGTTTCCGATTAG,PBMC-06-1,PSA15,PSA,SNG,TRUE
ATTCGTTTCCGGTAAT,PBMC-06-1,PSA02,PSA,SNG,TRUE
ATTCGTTTCGAGAGCA,PBMC-06-1,PSO14,PSO,SNG,TRUE
ATTCGTTTCTGGCCAG,PBMC-06-1,PSA03,PSA,SNG,TRUE
ATTCGTTTCTTACTGT,PBMC-06-1,PSA17,PSA,DBL,FALSE
ATTCTACAGACGACTG,PBMC-06-1,PSA12,PSA,SNG,FALSE
ATTCTACCAAGGCCTC,PBMC-06-1,PSA05,PSA,SNG,TRUE
ATTCTACCAAGTCCCG,PBMC-06-1,PSA07,PSA,DBL,FALSE
ATTCTACCAGCGTTTA,PBMC-06-1,PSO13,PSO,SNG,TRUE
ATTCTACCATGTTCGA,PBMC-06-1,PSA05,PSA,SNG,TRUE
ATTCTACGTAGAGTTA,PBMC-06-1,PSA02,PSA,SNG,TRUE
ATTCTACGTGGAAATT,PBMC-06-1,PSA12,PSA,SNG,TRUE
ATTCTACGTGTGTACT,PBMC-06-1,PSA07,PSA,SNG,TRUE
ATTCTACGTTGTATGC,PBMC-06-1,PSA02,PSA,SNG,TRUE
ATTCTACTCAACTGGT,PBMC-06-1,PSX01,PSX,SNG,TRUE
ATTCTACTCTTCCCAG,PBMC-06-1,PSA16,PSA,DBL,FALSE
ATTCTTGAGACTTCAC,PBMC-06-1,PSA06,PSA,DBL,FALSE
ATTCTTGAGAGTGGCT,PBMC-06-1,PSO15,PSO,SNG,TRUE
ATTCTTGAGATAACAC,PBMC-06-1,PSA06,PSA,SNG,TRUE
ATTCTTGAGATGACCG,PBMC-06-1,PSA05,PSA,SNG,TRUE
ATTCTTGAGCCAAGGT,PBMC-06-1,PSA13,PSA,SNG,TRUE
ATTCTTGAGCGTTCCG,PBMC-06-1,PSA02,PSA,SNG,TRUE
ATTCTTGAGGGTACGT,PBMC-06-1,PSO12,PSO,SNG,TRUE
ATTCTTGAGGTAAAGG,PBMC-06-1,PSX01,PSX,DBL,FALSE
ATTCTTGAGTATAACG,PBMC-06-1,PSO15,PSO,DBL,FALSE
ATTCTTGCAAATTAGG,PBMC-06-1,PSA06,PSA,SNG,TRUE
ATTCTTGCAAGAGGTC,PBMC-06-1,PSA07,PSA,DBL,FALSE
ATTCTTGCAAGAGTGC,PBMC-06-1,PSA17,PSA,DBL,FALSE
ATTCTTGCAAGGCAAC,PBMC-06-1,PSA13,PSA,AMB,FALSE
ATTCTTGCAAGTAGTA,PBMC-06-1,PSA13,PSA,SNG,TRUE
ATTCTTGCAGAGCCCT,PBMC-06-1,PSA17,PSA,SNG,TRUE
ATTCTTGCAGCTGCCA,PBMC-06-1,PSA15,PSA,SNG,TRUE
ATTCTTGGTACTTGTG,PBMC-06-1,PSA04,PSA,SNG,TRUE
ATTCTTGGTAGCTCGC,PBMC-06-1,PSX01,PSX,SNG,TRUE
ATTCTTGGTCAAATCC,PBMC-06-1,PSA12,PSA,DBL,FALSE
ATTCTTGGTCAGACTT,PBMC-06-1,PSA02,PSA,AMB,FALSE
ATTCTTGGTCCACACG,PBMC-06-1,PSA06,PSA,SNG,TRUE
ATTCTTGGTCCCAAAT,PBMC-06-1,PSA02,PSA,SNG,TRUE
ATTCTTGGTGATGAAT,PBMC-06-1,PSA12,PSA,SNG,TRUE
ATTCTTGGTGTCTTCC,PBMC-06-1,PSA17,PSA,SNG,TRUE
ATTCTTGGTTAAGGGC,PBMC-06-1,PSA04,PSA,DBL,FALSE
ATTCTTGGTTCTTAGG,PBMC-06-1,PSA07,PSA,SNG,TRUE
ATTCTTGTCATCACTT,PBMC-06-1,PSA05,PSA,SNG,TRUE
ATTCTTGTCGCATTAG,PBMC-06-1,PSO15,PSO,SNG,TRUE
ATTCTTGTCTTCGATT,PBMC-06-1,PSA06,PSA,SNG,TRUE
ATTGGGTCAACAACAA,PBMC-06-1,PSA02,PSA,SNG,TRUE
ATTGGGTCAACTTGGT,PBMC-06-1,PSA04,PSA,SNG,TRUE
ATTGGGTCACACGGAA,PBMC-06-1,PSA07,PSA,SNG,FALSE
ATTGGGTGTAACATGA,PBMC-06-1,PSO13,PSO,SNG,FALSE
ATTGGGTGTAGACGTG,PBMC-06-1,PSX01,PSX,SNG,TRUE
ATTGGGTGTCCAAAGG,PBMC-06-1,PSO15,PSO,SNG,TRUE
ATTGGGTGTCGATTTG,PBMC-06-1,PSA07,PSA,SNG,TRUE
ATTGGGTGTCTTAGTG,PBMC-06-1,PSA07,PSA,SNG,TRUE
ATTGTTCAGACTAGAT,PBMC-06-1,PSX04,PSX,SNG,TRUE
ATTGTTCAGGATTCAA,PBMC-06-1,PSA16,PSA,SNG,TRUE
ATTGTTCAGGCTTTCA,PBMC-06-1,PSX04,PSX,SNG,TRUE
ATTGTTCCAACAGCCC,PBMC-06-1,PSA05,PSA,SNG,TRUE
ATTGTTCCACTAACCA,PBMC-06-1,PSX01,PSX,SNG,TRUE
ATTGTTCCAGCTCTGG,PBMC-06-1,PSA04,PSA,SNG,TRUE
ATTGTTCCATCTTAGG,PBMC-06-1,PSA14,PSA,SNG,TRUE
ATTGTTCGTCCACGCA,PBMC-06-1,PSX01,PSX,AMB,FALSE
ATTGTTCGTCGCACGT,PBMC-06-1,PSO15,PSO,SNG,TRUE
ATTGTTCGTCTACAAC,PBMC-06-1,PSA14,PSA,SNG,TRUE
ATTGTTCGTGTGTGGA,PBMC-06-1,PSO15,PSO,AMB,FALSE
ATTGTTCGTGTTTGCA,PBMC-06-1,PSA14,PSA,SNG,FALSE
ATTGTTCGTTAGGCTT,PBMC-06-1,PSO11,PSO,SNG,FALSE
ATTGTTCTCCGATCTC,PBMC-06-1,PSA04,PSA,SNG,TRUE
ATTGTTCTCGTTCAGA,PBMC-06-1,PSO15,PSO,DBL,FALSE
ATTGTTCTCTGTCAGA,PBMC-06-1,PSX01,PSX,SNG,FALSE
ATTGTTCTCTTACCAT,PBMC-06-1,PSO15,PSO,DBL,FALSE
ATTTACCAGCCTAGGA,PBMC-06-1,PSO15,PSO,SNG,TRUE
ATTTACCAGGTTCTAC,PBMC-06-1,PSA12,PSA,SNG,TRUE
ATTTACCAGTTGGAGC,PBMC-06-1,PSX04,PSX,SNG,TRUE
ATTTACCCAATCAGCT,PBMC-06-1,PSO15,PSO,SNG,TRUE
ATTTACCCAGAGGACT,PBMC-06-1,PSX01,PSX,SNG,TRUE
ATTTACCGTCATAGTC,PBMC-06-1,PSX01,PSX,AMB,FALSE
ATTTACCGTCTTGCGG,PBMC-06-1,PSA15,PSA,SNG,TRUE
ATTTACCGTGTCCTAA,PBMC-06-1,PSA15,PSA,SNG,TRUE
ATTTACCTCAACTCTT,PBMC-06-1,PSA05,PSA,SNG,TRUE
ATTTACCTCACATACG,PBMC-06-1,PSA17,PSA,SNG,TRUE
ATTTACCTCAGCGCGT,PBMC-06-1,PSA16,PSA,SNG,TRUE
ATTTACCTCATAGCAC,PBMC-06-1,PSA06,PSA,SNG,TRUE
ATTTACCTCCGGACGT,PBMC-06-1,PSA02,PSA,SNG,TRUE
ATTTACCTCCGTCAAA,PBMC-06-1,PSO14,PSO,DBL,FALSE
ATTTACCTCGTGTGGC,PBMC-06-1,PSA05,PSA,AMB,FALSE
ATTTACCTCTATGTGG,PBMC-06-1,PSO12,PSO,SNG,TRUE
ATTTCACCACAACGTT,PBMC-06-1,PSA16,PSA,SNG,TRUE
ATTTCACCAGTAACCT,PBMC-06-1,PSX01,PSX,SNG,TRUE
ATTTCACCAGTAGTTC,PBMC-06-1,PSO12,PSO,SNG,FALSE
ATTTCACGTATCGATC,PBMC-06-1,PSO12,PSO,SNG,FALSE
ATTTCACGTGTCTCCT,PBMC-06-1,PSA02,PSA,SNG,TRUE
ATTTCACGTTAATGAG,PBMC-06-1,PSO15,PSO,SNG,TRUE
ATTTCTGAGACAGCGT,PBMC-06-1,PSA02,PSA,SNG,TRUE
ATTTCTGAGGCATGGT,PBMC-06-1,PSX04,PSX,SNG,TRUE
ATTTCTGAGTATGCAA,PBMC-06-1,PSA14,PSA,SNG,TRUE
ATTTCTGAGTGCGACA,PBMC-06-1,PSA05,PSA,SNG,TRUE
ATTTCTGAGTGTTCAC,PBMC-06-1,PSA14,PSA,SNG,TRUE
ATTTCTGCAACTCGAT,PBMC-06-1,PSA14,PSA,SNG,FALSE
ATTTCTGCAAGTGGTG,PBMC-06-1,PSO13,PSO,SNG,FALSE
ATTTCTGCAATGAACA,PBMC-06-1,PSA12,PSA,SNG,TRUE
ATTTCTGCAATGCTCA,PBMC-06-1,PSA07,PSA,SNG,TRUE
ATTTCTGCACGGGTAA,PBMC-06-1,PSO11,PSO,DBL,FALSE
ATTTCTGCAGAAGTTA,PBMC-06-1,PSO15,PSO,SNG,TRUE
ATTTCTGGTACAAGTA,PBMC-06-1,PSA17,PSA,SNG,FALSE
ATTTCTGGTCCGTACG,PBMC-06-1,PSO15,PSO,SNG,TRUE
ATTTCTGGTCTACATG,PBMC-06-1,PSA04,PSA,SNG,TRUE
ATTTCTGGTGAATAAC,PBMC-06-1,PSA15,PSA,SNG,TRUE
ATTTCTGGTTCCAGGC,PBMC-06-1,PSA14,PSA,SNG,TRUE
ATTTCTGGTTGTGGCC,PBMC-06-1,PSO12,PSO,SNG,TRUE
ATTTCTGTCACAAGGG,PBMC-06-1,PSO12,PSO,SNG,TRUE
ATTTCTGTCAGCGTCG,PBMC-06-1,PSO15,PSO,SNG,TRUE
ATTTCTGTCATCCCGT,PBMC-06-1,PSA16,PSA,SNG,TRUE
CAAAGAAAGAATGTTG,PBMC-06-1,PSO14,PSO,SNG,FALSE
CAAAGAAAGACCATAA,PBMC-06-1,PSX04,PSX,SNG,FALSE
CAAAGAAAGTCTTGGT,PBMC-06-1,PSA02,PSA,DBL,FALSE
CAAAGAACAAGTGCTT,PBMC-06-1,PSA05,PSA,SNG,TRUE
CAAAGAACAGAGTGTG,PBMC-06-1,PSO15,PSO,SNG,TRUE
CAAAGAACAGGTATGG,PBMC-06-1,PSO14,PSO,DBL,FALSE
CAAAGAAGTAAGAACT,PBMC-06-1,PSA03,PSA,SNG,TRUE
CAAAGAAGTACGTACT,PBMC-06-1,PSO16,PSO,SNG,TRUE
CAAAGAAGTATCACGT,PBMC-06-1,PSO13,PSO,SNG,TRUE
CAAAGAAGTCACTTCC,PBMC-06-1,PSX01,PSX,SNG,TRUE
CAAAGAAGTCTACGAT,PBMC-06-1,PSA14,PSA,SNG,TRUE
CAAAGAAGTCTGCGCA,PBMC-06-1,PSA14,PSA,SNG,TRUE
CAAAGAAGTGCAAGAC,PBMC-06-1,PSA07,PSA,SNG,FALSE
CAAAGAAGTGCGGCTT,PBMC-06-1,PSA03,PSA,SNG,TRUE
CAAAGAATCCACACAA,PBMC-06-1,PSA12,PSA,SNG,TRUE
CAAAGAATCGGACTGC,PBMC-06-1,PSO12,PSO,SNG,TRUE
CAAAGAATCGGATTAC,PBMC-06-1,PSX01,PSX,SNG,TRUE
CAAAGAATCTAGACAC,PBMC-06-1,PSA07,PSA,SNG,TRUE
CAAAGAATCTTAGTTC,PBMC-06-1,PSA15,PSA,SNG,TRUE
CAACAACAGATGCCGA,PBMC-06-1,PSA16,PSA,SNG,TRUE
CAACAACAGCGATTCT,PBMC-06-1,PSO15,PSO,SNG,TRUE
CAACAACAGTCGAGGT,PBMC-06-1,PSA06,PSA,SNG,TRUE
CAACAACAGTGACCTT,PBMC-06-1,PSA12,PSA,SNG,TRUE
CAACAACAGTGTTCAC,PBMC-06-1,PSA15,PSA,SNG,FALSE
CAACAACAGTTAGTAG,PBMC-06-1,PSA15,PSA,DBL,FALSE
CAACAACCAAATAGCA,PBMC-06-1,PSA14,PSA,SNG,TRUE
CAACAACCACCGCTAG,PBMC-06-1,PSX04,PSX,SNG,TRUE
CAACAACCAGTGTATC,PBMC-06-1,PSA12,PSA,SNG,TRUE
CAACAACCATGAGTAA,PBMC-06-1,PSA15,PSA,SNG,TRUE
CAACAACGTACTGGGA,PBMC-06-1,PSO12,PSO,SNG,TRUE
CAACAACGTAGCTCGC,PBMC-06-1,PSA05,PSA,SNG,TRUE
CAACAACGTTATCTGG,PBMC-06-1,PSA05,PSA,SNG,TRUE
CAACAACGTTCGGTCG,PBMC-06-1,PSO13,PSO,SNG,TRUE
CAACAACTCCGTATGA,PBMC-06-1,PSA07,PSA,DBL,FALSE
CAACAGTCAATCGCAT,PBMC-06-1,PSA17,PSA,SNG,TRUE
CAACAGTCACGACGAA,PBMC-06-1,PSA16,PSA,SNG,TRUE
CAACAGTCAGAACTAA,PBMC-06-1,PSO15,PSO,SNG,FALSE
CAACAGTCAGAGGGTT,PBMC-06-1,PSA02,PSA,DBL,FALSE
CAACAGTCAGTCGTTA,PBMC-06-1,PSA07,PSA,SNG,FALSE
CAACAGTCATCCAACA,PBMC-06-1,PSA06,PSA,SNG,FALSE
CAACAGTGTAATTAGG,PBMC-06-1,PSO11,PSO,SNG,TRUE
CAACAGTGTATCGTTG,PBMC-06-1,PSA15,PSA,SNG,TRUE
CAACAGTGTATGGGAC,PBMC-06-1,PSX01,PSX,DBL,FALSE
CAACAGTGTATTGAGA,PBMC-06-1,PSO15,PSO,SNG,TRUE
CAACAGTGTCATGACT,PBMC-06-1,PSO12,PSO,SNG,TRUE
CAACAGTGTTACACTG,PBMC-06-1,PSA02,PSA,SNG,TRUE
CAACAGTGTTGAGTCT,PBMC-06-1,PSA07,PSA,SNG,TRUE
CAACCAAAGACTCAAA,PBMC-06-1,PSO15,PSO,SNG,TRUE
CAACCAAAGCTGACCC,PBMC-06-1,PSX01,PSX,SNG,TRUE
CAACCAAAGGTCCTGC,PBMC-06-1,PSA16,PSA,SNG,TRUE
CAACCAAAGTCGAAGC,PBMC-06-1,PSA17,PSA,SNG,TRUE
CAACCAAAGTCTACCA,PBMC-06-1,PSX01,PSX,SNG,TRUE
CAACCAACAAGTTGGG,PBMC-06-1,PSA15,PSA,DBL,FALSE
CAACCAACAGACACAG,PBMC-06-1,PSA15,PSA,SNG,TRUE
CAACCAACAGAGGCAT,PBMC-06-1,PSA14,PSA,SNG,TRUE
CAACCAACAGAGGCTA,PBMC-06-1,PSO11,PSO,SNG,TRUE
CAACCAAGTAATGTGA,PBMC-06-1,PSO16,PSO,DBL,FALSE
CAACCAAGTCATAGTC,PBMC-06-1,PSA04,PSA,SNG,TRUE
CAACCAAGTTGAGGAC,PBMC-06-1,PSA13,PSA,SNG,TRUE
CAACCAATCACTGCTC,PBMC-06-1,PSO15,PSO,SNG,TRUE
CAACCAATCCTCTGCA,PBMC-06-1,PSA16,PSA,SNG,TRUE
CAACCAATCGCAGTTA,PBMC-06-1,PSA15,PSA,SNG,TRUE
CAACCAATCTGCTCTG,PBMC-06-1,PSA16,PSA,SNG,FALSE
CAACCTCAGAACAAGG,PBMC-06-1,PSO11,PSO,SNG,TRUE
CAACCTCAGAGGTCAC,PBMC-06-1,PSA05,PSA,SNG,TRUE
CAACCTCAGATCCCAT,PBMC-06-1,PSA04,PSA,SNG,TRUE
CAACCTCAGATGGCAC,PBMC-06-1,PSA02,PSA,DBL,FALSE
CAACCTCAGCAGTCTT,PBMC-06-1,PSO11,PSO,SNG,TRUE
CAACCTCAGCCATTGT,PBMC-06-1,PSA02,PSA,SNG,TRUE
CAACCTCAGTAAGCAT,PBMC-06-1,PSO14,PSO,SNG,FALSE
CAACCTCCAAAGCAAT,PBMC-06-1,PSO12,PSO,SNG,TRUE
CAACCTCCAAGGTACG,PBMC-06-1,PSX01,PSX,SNG,TRUE
CAACCTCCAAGTGCTT,PBMC-06-1,PSA05,PSA,SNG,TRUE
CAACCTCCAATTGCCA,PBMC-06-1,PSO12,PSO,DBL,FALSE
CAACCTCCACATTCTT,PBMC-06-1,PSA02,PSA,SNG,TRUE
CAACCTCCACCATTCC,PBMC-06-1,PSA04,PSA,SNG,TRUE
CAACCTCGTAAGTTAG,PBMC-06-1,PSA12,PSA,SNG,TRUE
CAACCTCGTAGATCGG,PBMC-06-1,PSO15,PSO,SNG,TRUE
CAACCTCGTCAGTCCG,PBMC-06-1,PSA02,PSA,SNG,TRUE
CAACCTCGTCCTCAGG,PBMC-06-1,PSA02,PSA,SNG,TRUE
CAACCTCGTCGTCAGC,PBMC-06-1,PSA16,PSA,SNG,TRUE
CAACCTCGTGAATTGA,PBMC-06-1,PSX01,PSX,SNG,TRUE
CAACCTCGTGTTATCG,PBMC-06-1,PSX04,PSX,SNG,TRUE
CAACCTCGTGTTTGCA,PBMC-06-1,PSA14,PSA,SNG,TRUE
CAACCTCGTTCTCCAC,PBMC-06-1,PSA02,PSA,AMB,FALSE
CAACCTCGTTGGGCCT,PBMC-06-1,PSX04,PSX,SNG,TRUE
CAACCTCTCATGCATG,PBMC-06-1,PSA05,PSA,SNG,TRUE
CAACCTCTCGAGATAA,PBMC-06-1,PSX01,PSX,SNG,FALSE
CAACCTCTCGCGTTTC,PBMC-06-1,PSA03,PSA,SNG,TRUE
CAACCTCTCGCTTTAT,PBMC-06-1,PSA07,PSA,SNG,FALSE
CAACCTCTCGTTACCC,PBMC-06-1,PSA02,PSA,DBL,FALSE
CAACGATAGCTTTCTT,PBMC-06-1,PSA02,PSA,DBL,FALSE
CAACGATAGGTCCCTG,PBMC-06-1,PSA06,PSA,SNG,FALSE
CAACGATAGTACGAGC,PBMC-06-1,PSO12,PSO,AMB,FALSE
CAACGATAGTAGAATC,PBMC-06-1,PSA15,PSA,SNG,TRUE
CAACGATAGTGCAGGT,PBMC-06-1,PSX01,PSX,SNG,TRUE
CAACGATCAACTAGAA,PBMC-06-1,PSO16,PSO,SNG,TRUE
CAACGATCAGACCTGC,PBMC-06-1,PSO12,PSO,SNG,TRUE
CAACGATCATCAGCGC,PBMC-06-1,PSO15,PSO,SNG,TRUE
CAACGATCATTCAGGT,PBMC-06-1,PSO12,PSO,DBL,FALSE
CAACGATGTAAGATAC,PBMC-06-1,PSA05,PSA,SNG,TRUE
CAACGATGTCTCACGG,PBMC-06-1,PSA05,PSA,SNG,FALSE
CAACGATGTCTGCCTT,PBMC-06-1,PSA02,PSA,SNG,TRUE
CAACGATTCACTGTTT,PBMC-06-1,PSA17,PSA,SNG,TRUE
CAACGATTCAGCCCAG,PBMC-06-1,PSO12,PSO,SNG,TRUE
CAACGATTCTCCGCAT,PBMC-06-1,PSA07,PSA,SNG,TRUE
CAACGATTCTGAACGT,PBMC-06-1,PSA05,PSA,SNG,TRUE
CAACGATTCTTCGCTG,PBMC-06-1,PSX04,PSX,SNG,TRUE
CAACGGCAGCGACTAG,PBMC-06-1,PSA17,PSA,SNG,TRUE
CAACGGCAGGTCTTTG,PBMC-06-1,PSX04,PSX,SNG,TRUE
CAACGGCAGTACTCGT,PBMC-06-1,PSA02,PSA,SNG,TRUE
CAACGGCCACAAATGA,PBMC-06-1,PSO12,PSO,SNG,TRUE
CAACGGCCACATTGTG,PBMC-06-1,PSO14,PSO,DBL,FALSE
CAACGGCCACGGCGTT,PBMC-06-1,PSA04,PSA,SNG,TRUE
CAACGGCGTATCGCTA,PBMC-06-1,PSA13,PSA,SNG,TRUE
CAACGGCGTATTGACC,PBMC-06-1,PSA14,PSA,DBL,FALSE
CAACGGCGTATTGCCA,PBMC-06-1,PSA03,PSA,SNG,TRUE
CAACGGCGTTATAGAG,PBMC-06-1,PSA16,PSA,SNG,TRUE
CAACGGCGTTTGGGAG,PBMC-06-1,PSX01,PSX,SNG,TRUE
CAACGGCTCCATGCAA,PBMC-06-1,PSO16,PSO,SNG,TRUE
CAACGGCTCCTGTAGA,PBMC-06-1,PSA05,PSA,SNG,TRUE
CAACGGCTCGGAGCAA,PBMC-06-1,PSA14,PSA,DBL,FALSE
CAACGGCTCTCTGGTC,PBMC-06-1,PSA12,PSA,SNG,TRUE
CAACGGCTCTGTTGGA,PBMC-06-1,PSX01,PSX,SNG,TRUE
CAAGACTAGAAGCTCG,PBMC-06-1,PSA06,PSA,DBL,FALSE
CAAGACTAGCAGCGAT,PBMC-06-1,PSA02,PSA,SNG,FALSE
CAAGACTAGGCATCGA,PBMC-06-1,PSX04,PSX,SNG,TRUE
CAAGACTCAAACGAGC,PBMC-06-1,PSX01,PSX,AMB,FALSE
CAAGACTCAAATGCGG,PBMC-06-1,PSA07,PSA,SNG,TRUE
CAAGACTCAAGTGGAC,PBMC-06-1,PSA07,PSA,SNG,TRUE
CAAGACTCACGTCGTG,PBMC-06-1,PSO15,PSO,SNG,TRUE
CAAGACTGTACGGATG,PBMC-06-1,PSA02,PSA,SNG,TRUE
CAAGACTGTAGTGCGA,PBMC-06-1,PSO15,PSO,SNG,TRUE
CAAGACTGTCGTACAT,PBMC-06-1,PSA07,PSA,SNG,TRUE
CAAGACTGTCGTGGTC,PBMC-06-1,PSA12,PSA,SNG,TRUE
CAAGACTGTGAGCAGT,PBMC-06-1,PSA15,PSA,SNG,TRUE
CAAGACTGTGCATTAC,PBMC-06-1,PSA04,PSA,SNG,TRUE
CAAGACTGTGCGCTCA,PBMC-06-1,PSA07,PSA,SNG,FALSE
CAAGACTGTGTTGATC,PBMC-06-1,PSA04,PSA,SNG,TRUE
CAAGACTGTTTACGAC,PBMC-06-1,PSO15,PSO,SNG,TRUE
CAAGACTTCAGCAATC,PBMC-06-1,PSA02,PSA,SNG,TRUE
CAAGACTTCCTATTTG,PBMC-06-1,PSA07,PSA,SNG,FALSE
CAAGACTTCCTTATGT,PBMC-06-1,PSO15,PSO,SNG,TRUE
CAAGACTTCGAGAAAT,PBMC-06-1,PSA02,PSA,SNG,TRUE
CAAGACTTCGGCCTTT,PBMC-06-1,PSA13,PSA,SNG,TRUE
CAAGAGGAGACTTCGT,PBMC-06-1,PSO15,PSO,SNG,FALSE
CAAGAGGAGAGCCGAT,PBMC-06-1,PSO15,PSO,SNG,TRUE
CAAGAGGAGATCCAAA,PBMC-06-1,PSO14,PSO,SNG,TRUE
CAAGAGGAGCTCAGAG,PBMC-06-1,PSA03,PSA,SNG,TRUE
CAAGAGGAGGATACAT,PBMC-06-1,PSX01,PSX,DBL,FALSE
CAAGAGGAGGTGGGTT,PBMC-06-1,PSA07,PSA,SNG,TRUE
CAAGAGGAGTGAGGCT,PBMC-06-1,PSA03,PSA,DBL,FALSE
CAAGAGGCAAACACCT,PBMC-06-1,PSA03,PSA,SNG,TRUE
CAAGAGGCAAGTGCTT,PBMC-06-1,PSX01,PSX,SNG,TRUE
CAAGAGGCAATTGAAG,PBMC-06-1,PSA13,PSA,SNG,TRUE
CAAGAGGCACGAAGAC,PBMC-06-1,PSO13,PSO,DBL,FALSE
CAAGAGGCACGCGCAT,PBMC-06-1,PSX01,PSX,SNG,TRUE
CAAGAGGCACGCGGTT,PBMC-06-1,PSA07,PSA,DBL,FALSE
CAAGAGGCAGTTACCA,PBMC-06-1,PSA05,PSA,DBL,FALSE
CAAGAGGCATACACCA,PBMC-06-1,PSA13,PSA,DBL,FALSE
CAAGAGGCATGTGTCA,PBMC-06-1,PSA04,PSA,SNG,TRUE
CAAGAGGGTACAAGCG,PBMC-06-1,PSA12,PSA,SNG,FALSE
CAAGAGGGTAGGCTGA,PBMC-06-1,PSO11,PSO,SNG,TRUE
CAAGAGGGTAGTGGCA,PBMC-06-1,PSA07,PSA,SNG,TRUE
CAAGAGGGTGTAACGG,PBMC-06-1,PSA14,PSA,SNG,TRUE
CAAGAGGGTGTCTCCT,PBMC-06-1,PSO15,PSO,DBL,FALSE
CAAGAGGGTTCGTTCC,PBMC-06-1,PSA16,PSA,SNG,TRUE
CAAGAGGTCAAACGTC,PBMC-06-1,PSO13,PSO,SNG,TRUE
CAAGAGGTCAACCCGG,PBMC-06-1,PSA12,PSA,SNG,TRUE
CAAGAGGTCAGCCTCT,PBMC-06-1,PSA04,PSA,SNG,TRUE
CAAGAGGTCATATGGC,PBMC-06-1,PSO15,PSO,DBL,FALSE
CAAGAGGTCTCCCTAG,PBMC-06-1,PSO14,PSO,SNG,FALSE
CAAGCTAAGGAGAATG,PBMC-06-1,PSO15,PSO,DBL,FALSE
CAAGCTACAGAAGCGT,PBMC-06-1,PSA16,PSA,SNG,TRUE
CAAGCTACAGATGCGA,PBMC-06-1,PSA04,PSA,SNG,TRUE
CAAGCTACAGGAAGTC,PBMC-06-1,PSO13,PSO,SNG,FALSE
CAAGCTACAGTGTATC,PBMC-06-1,PSA15,PSA,DBL,FALSE
CAAGCTAGTAGGTAGC,PBMC-06-1,PSA06,PSA,SNG,TRUE
CAAGCTAGTATGAGAT,PBMC-06-1,PSX01,PSX,AMB,FALSE
CAAGCTAGTTGCAACT,PBMC-06-1,PSO15,PSO,SNG,TRUE
CAAGCTATCACTGCTC,PBMC-06-1,PSA16,PSA,SNG,TRUE
CAAGCTATCACTGGTA,PBMC-06-1,PSX01,PSX,SNG,FALSE
CAAGCTATCCGATCTC,PBMC-06-1,PSA04,PSA,SNG,TRUE
CAAGCTATCCGGACGT,PBMC-06-1,PSA17,PSA,SNG,TRUE
CAAGCTATCGAAGAAT,PBMC-06-1,PSA14,PSA,SNG,TRUE
CAAGCTATCGCCGAGT,PBMC-06-1,PSA06,PSA,SNG,TRUE
CAAGCTATCTTCTAAC,PBMC-06-1,PSA12,PSA,SNG,FALSE
CAAGGGAAGAAACCAT,PBMC-06-1,PSX01,PSX,SNG,TRUE
CAAGGGAAGACCCGCT,PBMC-06-1,PSX01,PSX,SNG,TRUE
CAAGGGAAGAGGTTAT,PBMC-06-1,PSA15,PSA,DBL,FALSE
CAAGGGAAGCATTTCG,PBMC-06-1,PSA14,PSA,SNG,TRUE
CAAGGGAAGCGAATGC,PBMC-06-1,PSA13,PSA,SNG,TRUE
CAAGGGAAGGATTACA,PBMC-06-1,PSO11,PSO,DBL,FALSE
CAAGGGAAGGGCATGT,PBMC-06-1,PSA13,PSA,SNG,TRUE
CAAGGGAAGGTAGCAC,PBMC-06-1,PSA13,PSA,SNG,FALSE
CAAGGGACAAGTGGGT,PBMC-06-1,PSA04,PSA,SNG,TRUE
CAAGGGACACCCAATA,PBMC-06-1,PSA13,PSA,SNG,TRUE
CAAGGGACACTTCAGA,PBMC-06-1,PSX01,PSX,SNG,TRUE
CAAGGGACAGCAGACA,PBMC-06-1,PSO12,PSO,AMB,FALSE
CAAGGGACAGTATACC,PBMC-06-1,PSA12,PSA,SNG,TRUE
CAAGGGACAGTGTGGA,PBMC-06-1,PSO15,PSO,SNG,TRUE
CAAGGGAGTAACGCGA,PBMC-06-1,PSO13,PSO,SNG,TRUE
CAAGGGAGTGAGGCAT,PBMC-06-1,PSA02,PSA,SNG,TRUE
CAAGGGAGTGCACATT,PBMC-06-1,PSO11,PSO,SNG,TRUE
CAAGGGAGTTCGAACT,PBMC-06-1,PSA17,PSA,SNG,TRUE
CAAGGGATCAGGAGAC,PBMC-06-1,PSA04,PSA,DBL,FALSE
CAAGGGATCGCGGACT,PBMC-06-1,PSX01,PSX,SNG,FALSE
CAAGGGATCGCTCATC,PBMC-06-1,PSA12,PSA,SNG,TRUE
CAAGGGATCGCTCCTA,PBMC-06-1,PSX04,PSX,SNG,FALSE
CAAGGGATCTGGACTA,PBMC-06-1,PSX04,PSX,SNG,TRUE
CAAGGGATCTTTGGAG,PBMC-06-1,PSA15,PSA,SNG,TRUE
CAATACGAGCCTCCAG,PBMC-06-1,PSA07,PSA,SNG,TRUE
CAATACGCAAATCGTC,PBMC-06-1,PSO13,PSO,SNG,TRUE
CAATACGCAATGCAGG,PBMC-06-1,PSX04,PSX,SNG,TRUE
CAATACGCACCAGTTA,PBMC-06-1,PSA05,PSA,SNG,TRUE
CAATACGCACTGCGAC,PBMC-06-1,PSA02,PSA,SNG,TRUE
CAATACGCAGCCTATA,PBMC-06-1,PSA03,PSA,SNG,TRUE
CAATACGCAGTCTTCC,PBMC-06-1,PSX01,PSX,SNG,TRUE
CAATACGCATACCGTA,PBMC-06-1,PSX04,PSX,SNG,TRUE
CAATACGGTACAGAGC,PBMC-06-1,PSA12,PSA,DBL,FALSE
CAATACGGTACCTATG,PBMC-06-1,PSX01,PSX,SNG,TRUE
CAATACGGTACCTTCC,PBMC-06-1,PSA14,PSA,SNG,FALSE
CAATACGGTACTGCCG,PBMC-06-1,PSA17,PSA,SNG,TRUE
CAATACGGTCATGACT,PBMC-06-1,PSO15,PSO,DBL,FALSE
CAATACGGTGGCCACT,PBMC-06-1,PSA16,PSA,SNG,TRUE
CAATACGGTTTACTGG,PBMC-06-1,PSX04,PSX,SNG,TRUE
CAATACGTCACCATGA,PBMC-06-1,PSA17,PSA,SNG,TRUE
CAATACGTCCATCTAT,PBMC-06-1,PSX01,PSX,SNG,TRUE
CAATACGTCGAGGCAA,PBMC-06-1,PSX01,PSX,SNG,TRUE
CAATACGTCGCCTTGT,PBMC-06-1,PSA14,PSA,SNG,TRUE
CAATCGAAGACCGTTT,PBMC-06-1,PSA07,PSA,DBL,FALSE
CAATCGAAGGCGTCCT,PBMC-06-1,PSA05,PSA,SNG,TRUE
CAATCGAAGGTCACCC,PBMC-06-1,PSX01,PSX,SNG,TRUE
CAATCGACAAGTATCC,PBMC-06-1,PSA07,PSA,SNG,FALSE
CAATCGACAGGACGAT,PBMC-06-1,PSA12,PSA,SNG,TRUE
CAATCGACAGTCTCTC,PBMC-06-1,PSA14,PSA,SNG,TRUE
CAATCGACATCGGTTA,PBMC-06-1,PSX01,PSX,DBL,FALSE
CAATCGACATGATGCT,PBMC-06-1,PSO12,PSO,SNG,TRUE
CAATCGAGTATGAGCG,PBMC-06-1,PSA05,PSA,SNG,FALSE
CAATCGAGTCACCTTC,PBMC-06-1,PSX01,PSX,SNG,TRUE
CAATCGAGTCACTGAT,PBMC-06-1,PSA13,PSA,SNG,TRUE
CAATCGAGTCACTTCC,PBMC-06-1,PSO12,PSO,SNG,FALSE
CAATCGAGTCCCGTGA,PBMC-06-1,PSO16,PSO,SNG,TRUE
CAATCGAGTCCGGCAT,PBMC-06-1,PSO13,PSO,SNG,TRUE
CAATCGAGTGGGTATG,PBMC-06-1,PSA15,PSA,SNG,FALSE
CAATCGAGTGTATCCA,PBMC-06-1,PSA17,PSA,SNG,TRUE
CAATCGATCAAGCCTA,PBMC-06-1,PSO12,PSO,SNG,TRUE
CAATCGATCCATGCAA,PBMC-06-1,PSA03,PSA,SNG,TRUE
CAATCGATCCTTCACG,PBMC-06-1,PSA13,PSA,SNG,FALSE
CAATCGATCGAAGCCC,PBMC-06-1,PSO15,PSO,AMB,FALSE
CAATCGATCTGAATCG,PBMC-06-1,PSX01,PSX,SNG,TRUE
CAATGACAGAAGCCAC,PBMC-06-1,PSA05,PSA,SNG,TRUE
CAATGACAGACGGATC,PBMC-06-1,PSA05,PSA,SNG,TRUE
CAATGACAGCGCCTCA,PBMC-06-1,PSA12,PSA,SNG,TRUE
CAATGACAGCGTGCCT,PBMC-06-1,PSX01,PSX,SNG,TRUE
CAATGACAGGCTTCCG,PBMC-06-1,PSA17,PSA,SNG,TRUE
CAATGACAGGTGGCTA,PBMC-06-1,PSA15,PSA,SNG,TRUE
CAATGACAGTCTAGCT,PBMC-06-1,PSO16,PSO,DBL,FALSE
CAATGACCACGGCACT,PBMC-06-1,PSO11,PSO,SNG,TRUE
CAATGACGTACGCTAT,PBMC-06-1,PSA17,PSA,SNG,TRUE
CAATGACGTCAAACGG,PBMC-06-1,PSA17,PSA,SNG,TRUE
CAATGACGTCACTTAG,PBMC-06-1,PSA05,PSA,SNG,TRUE
CAATGACGTTGAAGTA,PBMC-06-1,PSO15,PSO,SNG,TRUE
CAATGACTCAAAGAAC,PBMC-06-1,PSX01,PSX,SNG,TRUE
CAATGACTCAGCAGAG,PBMC-06-1,PSA16,PSA,SNG,TRUE
CAATGACTCCAACTGA,PBMC-06-1,PSX04,PSX,SNG,TRUE
CAATGACTCCCACAGG,PBMC-06-1,PSA17,PSA,AMB,FALSE
CAATGACTCGCTCTAC,PBMC-06-1,PSA05,PSA,SNG,FALSE
CAATGACTCTGATGGT,PBMC-06-1,PSA06,PSA,SNG,TRUE
CAATGACTCTGCTAGA,PBMC-06-1,PSA13,PSA,SNG,TRUE
CAATTTCCAACAGCCC,PBMC-06-1,PSA06,PSA,SNG,TRUE
CAATTTCCAAGTCCAT,PBMC-06-1,PSX04,PSX,SNG,TRUE
CAATTTCCAATCTGCA,PBMC-06-1,PSA02,PSA,SNG,TRUE
CAATTTCCACGAAAGC,PBMC-06-1,PSA04,PSA,SNG,TRUE
CAATTTCCATGAAGGC,PBMC-06-1,PSX01,PSX,SNG,TRUE
CAATTTCGTCGAATTC,PBMC-06-1,PSA07,PSA,DBL,FALSE
CAATTTCGTGCGAACA,PBMC-06-1,PSA16,PSA,DBL,FALSE
CAATTTCGTTTATGCG,PBMC-06-1,PSA03,PSA,SNG,TRUE
CACAACACAAAGCTAA,PBMC-06-1,PSO14,PSO,DBL,FALSE
CACAACACAAATAAGC,PBMC-06-1,PSA16,PSA,SNG,TRUE
CACAACACAAGACCGA,PBMC-06-1,PSA13,PSA,SNG,TRUE
CACAACACACACGCCA,PBMC-06-1,PSO15,PSO,SNG,TRUE
CACAACACAGAGTGTG,PBMC-06-1,PSA07,PSA,SNG,FALSE
CACAACACATACACCA,PBMC-06-1,PSA02,PSA,SNG,TRUE
CACAACACATATGAAG,PBMC-06-1,PSA14,PSA,SNG,FALSE
CACAACAGTCCCGGTA,PBMC-06-1,PSA02,PSA,SNG,TRUE
CACAACAGTCGCGTCA,PBMC-06-1,PSO15,PSO,SNG,FALSE
CACAACAGTTACCCTC,PBMC-06-1,PSA04,PSA,SNG,TRUE
CACAACAGTTCAGCTA,PBMC-06-1,PSA17,PSA,SNG,FALSE
CACACAAAGCGGTAAC,PBMC-06-1,PSX01,PSX,DBL,FALSE
CACACAAAGGGATGTC,PBMC-06-1,PSA13,PSA,SNG,TRUE
CACACAAAGGGCTGAT,PBMC-06-1,PSA04,PSA,SNG,TRUE
CACACAACAACTCCAA,PBMC-06-1,PSA02,PSA,SNG,TRUE
CACACAACAGAGATGC,PBMC-06-1,PSO13,PSO,SNG,TRUE
CACACAACAGCGGTTC,PBMC-06-1,PSA15,PSA,SNG,TRUE
CACACAACATCCGCGA,PBMC-06-1,PSX01,PSX,SNG,TRUE
CACACAAGTAATCAGA,PBMC-06-1,PSA02,PSA,SNG,TRUE
CACACAAGTAGGGTAC,PBMC-06-1,PSA15,PSA,SNG,TRUE
CACACAAGTCTGTAAC,PBMC-06-1,PSA12,PSA,SNG,TRUE
CACACAAGTTACGCCG,PBMC-06-1,PSA15,PSA,SNG,FALSE
CACACAATCCACAGGC,PBMC-06-1,PSA07,PSA,SNG,TRUE
CACACAATCCGTCCTA,PBMC-06-1,PSA05,PSA,DBL,FALSE
CACACAATCTCCCTAG,PBMC-06-1,PSA16,PSA,SNG,FALSE
CACACAATCTCGTGAA,PBMC-06-1,PSA16,PSA,DBL,FALSE
CACACAATCTTCTCAA,PBMC-06-1,PSA06,PSA,DBL,FALSE
CACACAATCTTTCCAA,PBMC-06-1,PSA06,PSA,SNG,FALSE
CACAGATAGAGAGCCT,PBMC-06-1,PSA04,PSA,DBL,FALSE
CACAGATAGAGTATAC,PBMC-06-1,PSA04,PSA,SNG,FALSE
CACAGATAGCGCCATC,PBMC-06-1,PSA03,PSA,SNG,TRUE
CACAGATAGGCACCAA,PBMC-06-1,PSO12,PSO,SNG,TRUE
CACAGATAGGTGGGTT,PBMC-06-1,PSA05,PSA,SNG,TRUE
CACAGATAGGTTTGAA,PBMC-06-1,PSA07,PSA,SNG,TRUE
CACAGATAGTAATCCC,PBMC-06-1,PSO11,PSO,SNG,TRUE
CACAGATAGTACAGAT,PBMC-06-1,PSA15,PSA,DBL,FALSE
CACAGATCACCAGCTG,PBMC-06-1,PSO12,PSO,SNG,TRUE
CACAGATCAGGTTCGC,PBMC-06-1,PSO12,PSO,SNG,TRUE
CACAGATCATCCCACT,PBMC-06-1,PSO11,PSO,SNG,TRUE
CACAGATCATGTACGT,PBMC-06-1,PSO15,PSO,DBL,FALSE
CACAGATGTAGTTACC,PBMC-06-1,PSO15,PSO,SNG,TRUE
CACAGATGTATCGTTG,PBMC-06-1,PSA05,PSA,SNG,TRUE
CACAGATGTTCCGCAG,PBMC-06-1,PSA13,PSA,SNG,TRUE
CACAGATGTTGAGGAC,PBMC-06-1,PSA03,PSA,DBL,FALSE
CACAGATTCAGCGTCG,PBMC-06-1,PSA13,PSA,SNG,TRUE
CACAGATTCCATACAG,PBMC-06-1,PSO15,PSO,DBL,FALSE
CACAGATTCCCGTGAG,PBMC-06-1,PSA04,PSA,SNG,TRUE
CACAGATTCCTTTGAT,PBMC-06-1,PSX04,PSX,SNG,TRUE
CACAGATTCGGCTGTG,PBMC-06-1,PSA16,PSA,SNG,TRUE
CACAGATTCTGAGCAT,PBMC-06-1,PSA13,PSA,SNG,TRUE
CACAGGCCAAACACCT,PBMC-06-1,PSA17,PSA,SNG,TRUE
CACAGGCCACTACACA,PBMC-06-1,PSA06,PSA,SNG,TRUE
CACAGGCCAGGTTCGC,PBMC-06-1,PSA16,PSA,SNG,TRUE
CACAGGCGTAACACGG,PBMC-06-1,PSA07,PSA,SNG,TRUE
CACAGGCGTATTTCCT,PBMC-06-1,PSA16,PSA,SNG,TRUE
CACAGGCGTGGAATGC,PBMC-06-1,PSA02,PSA,SNG,FALSE
CACAGGCGTGTCGATT,PBMC-06-1,PSO15,PSO,SNG,TRUE
CACAGGCGTGTGATGG,PBMC-06-1,PSA02,PSA,SNG,TRUE
CACAGGCGTTTACGAC,PBMC-06-1,PSO14,PSO,SNG,TRUE
CACATGAAGACGTCCC,PBMC-06-1,PSA04,PSA,DBL,FALSE
CACATGACAATGTCAC,PBMC-06-1,PSA06,PSA,AMB,FALSE
CACATGACACGAGAAC,PBMC-06-1,PSX01,PSX,SNG,TRUE
CACATGACATAACTCG,PBMC-06-1,PSO11,PSO,SNG,TRUE
CACATGACATAATGCC,PBMC-06-1,PSA05,PSA,DBL,FALSE
CACATGACATATCTCT,PBMC-06-1,PSA03,PSA,SNG,TRUE
CACATGAGTAGCCAGA,PBMC-06-1,PSA06,PSA,SNG,TRUE
CACATGAGTCGGTAAG,PBMC-06-1,PSA15,PSA,SNG,TRUE
CACATGAGTGCATACT,PBMC-06-1,PSO15,PSO,SNG,TRUE
CACATGAGTGTGTACT,PBMC-06-1,PSO15,PSO,SNG,TRUE
CACATGAGTTGACTAC,PBMC-06-1,PSX01,PSX,SNG,TRUE
CACATGAGTTGCAACT,PBMC-06-1,PSA03,PSA,SNG,TRUE
CACATGATCACACCCT,PBMC-06-1,PSA13,PSA,SNG,TRUE
CACATGATCATTTGTC,PBMC-06-1,PSA04,PSA,SNG,TRUE
CACATGATCCAGCACG,PBMC-06-1,PSO11,PSO,SNG,TRUE
CACATGATCCATAGGT,PBMC-06-1,PSO15,PSO,SNG,TRUE
CACATGATCGATACGT,PBMC-06-1,PSA14,PSA,SNG,TRUE
CACCAAAAGCAGAAAG,PBMC-06-1,PSA03,PSA,SNG,TRUE
CACCAAAAGCCTTCTC,PBMC-06-1,PSO11,PSO,SNG,TRUE
CACCAAAAGGAATTAC,PBMC-06-1,PSA13,PSA,SNG,TRUE
CACCAAAAGTACTGTC,PBMC-06-1,PSO15,PSO,SNG,TRUE
CACCAAAAGTGCAGCA,PBMC-06-1,PSX04,PSX,SNG,TRUE
CACCAAACAACACACT,PBMC-06-1,PSO12,PSO,DBL,FALSE
CACCAAACACGTAGTT,PBMC-06-1,PSO14,PSO,DBL,FALSE
CACCAAACAGCGTAGA,PBMC-06-1,PSX04,PSX,SNG,TRUE
CACCAAACAGGGCTTC,PBMC-06-1,PSA15,PSA,SNG,TRUE
CACCAAAGTAAGTCAA,PBMC-06-1,PSO15,PSO,SNG,TRUE
CACCAAAGTACAGAGC,PBMC-06-1,PSA02,PSA,SNG,FALSE
CACCAAAGTAGTTCCA,PBMC-06-1,PSA17,PSA,SNG,FALSE
CACCAAAGTCTGATAC,PBMC-06-1,PSO15,PSO,SNG,TRUE
CACCAAAGTTGCATTG,PBMC-06-1,PSA14,PSA,SNG,TRUE
CACCAAAGTTTCACAG,PBMC-06-1,PSO12,PSO,SNG,TRUE
CACCAAATCCAAGCAT,PBMC-06-1,PSA04,PSA,DBL,FALSE
CACCGTTAGATCCTAC,PBMC-06-1,PSX01,PSX,SNG,TRUE
CACCGTTAGCACCTGC,PBMC-06-1,PSA15,PSA,SNG,TRUE
CACCGTTAGCTGTCCG,PBMC-06-1,PSA03,PSA,SNG,FALSE
CACCGTTAGCTTACGT,PBMC-06-1,PSA05,PSA,SNG,TRUE
CACCGTTAGGCGTTGA,PBMC-06-1,PSA14,PSA,DBL,FALSE
CACCGTTAGTCTTCGA,PBMC-06-1,PSA14,PSA,SNG,TRUE
CACCGTTAGTTACGTC,PBMC-06-1,PSA16,PSA,SNG,TRUE
CACCGTTCAAATTGGA,PBMC-06-1,PSA17,PSA,SNG,FALSE
CACCGTTCAACAGTGG,PBMC-06-1,PSX04,PSX,SNG,TRUE
CACCGTTCACTCCTTG,PBMC-06-1,PSA17,PSA,SNG,TRUE
CACCGTTCACTTGACA,PBMC-06-1,PSO13,PSO,SNG,TRUE
CACCGTTCAGTTGCGC,PBMC-06-1,PSO15,PSO,DBL,FALSE
CACCGTTCATCACGGC,PBMC-06-1,PSA16,PSA,SNG,TRUE
CACCGTTCATTCACAG,PBMC-06-1,PSA07,PSA,SNG,TRUE
CACCGTTGTCCTGTTC,PBMC-06-1,PSA03,PSA,SNG,TRUE
CACCGTTGTCGTTTCC,PBMC-06-1,PSA02,PSA,DBL,FALSE
CACCGTTGTGAATAAC,PBMC-06-1,PSA12,PSA,SNG,TRUE
CACCGTTGTGACTCTA,PBMC-06-1,PSA16,PSA,SNG,FALSE
CACCGTTTCCAACTGA,PBMC-06-1,PSA15,PSA,SNG,TRUE
CACGAATAGACGGTTG,PBMC-06-1,PSO15,PSO,SNG,TRUE
CACGAATAGAGTATAC,PBMC-06-1,PSA06,PSA,SNG,FALSE
CACGAATAGCAAGCCA,PBMC-06-1,PSA04,PSA,SNG,TRUE
CACGAATAGCGCTGCT,PBMC-06-1,PSA03,PSA,SNG,FALSE
CACGAATAGCGGTAAC,PBMC-06-1,PSA16,PSA,SNG,TRUE
CACGAATAGGCGACAT,PBMC-06-1,PSA17,PSA,DBL,FALSE
CACGAATCACACGGAA,PBMC-06-1,PSA12,PSA,SNG,TRUE
CACGAATCACCCTTAC,PBMC-06-1,PSX04,PSX,SNG,TRUE
CACGAATCAGAGACTG,PBMC-06-1,PSO12,PSO,DBL,FALSE
CACGAATCAGCATACT,PBMC-06-1,PSX01,PSX,SNG,TRUE
CACGAATCATGCGGTC,PBMC-06-1,PSA03,PSA,SNG,TRUE
CACGAATGTAGAGTTA,PBMC-06-1,PSX01,PSX,SNG,TRUE
CACGAATGTCCGGACT,PBMC-06-1,PSA17,PSA,SNG,TRUE
CACGAATGTCGTCATA,PBMC-06-1,PSX01,PSX,SNG,TRUE
CACGAATGTGCTGATT,PBMC-06-1,PSA14,PSA,SNG,TRUE
CACGAATGTTACGATC,PBMC-06-1,PSA07,PSA,SNG,TRUE
CACGAATGTTCTCACC,PBMC-06-1,PSA14,PSA,SNG,TRUE
CACGAATGTTGTCAGT,PBMC-06-1,PSA04,PSA,SNG,TRUE
CACGAATTCCCTTCCC,PBMC-06-1,PSO12,PSO,DBL,FALSE
CACGAATTCCTTATAC,PBMC-06-1,PSA07,PSA,SNG,TRUE
CACGAATTCGCCGAGT,PBMC-06-1,PSA15,PSA,DBL,FALSE
CACGAATTCGGAATGG,PBMC-06-1,PSA16,PSA,SNG,TRUE
CACGAATTCTGGCCAG,PBMC-06-1,PSA14,PSA,SNG,TRUE
CACGGGTAGCGGACAT,PBMC-06-1,PSA05,PSA,DBL,FALSE
CACGGGTAGCGGCTCT,PBMC-06-1,PSA16,PSA,SNG,FALSE
CACGGGTAGGAATCGC,PBMC-06-1,PSA12,PSA,DBL,FALSE
CACGGGTAGTGCAAAT,PBMC-06-1,PSX04,PSX,AMB,FALSE
CACGGGTCAAGTTCGT,PBMC-06-1,PSO15,PSO,SNG,TRUE
CACGGGTCACATGTTG,PBMC-06-1,PSA03,PSA,SNG,FALSE
CACGGGTCACCCTATC,PBMC-06-1,PSA12,PSA,SNG,TRUE
CACGGGTCAGACACCC,PBMC-06-1,PSO15,PSO,SNG,TRUE
CACGGGTCAGTTCTAG,PBMC-06-1,PSA16,PSA,SNG,TRUE
CACGGGTCATGTGGCC,PBMC-06-1,PSO11,PSO,SNG,TRUE
CACGGGTGTACTGAGG,PBMC-06-1,PSA02,PSA,SNG,TRUE
CACGGGTGTATGCGTT,PBMC-06-1,PSA13,PSA,SNG,TRUE
CACGGGTGTCAATCTG,PBMC-06-1,PSX01,PSX,SNG,FALSE
CACGGGTGTGAATGTA,PBMC-06-1,PSA17,PSA,SNG,TRUE
CACGGGTGTGCTCGTG,PBMC-06-1,PSO11,PSO,SNG,TRUE
CACGGGTTCCGGTTCT,PBMC-06-1,PSX01,PSX,AMB,FALSE
CACGGGTTCCTGTTGC,PBMC-06-1,PSA14,PSA,SNG,FALSE
CACGGGTTCGCAGAGA,PBMC-06-1,PSA06,PSA,SNG,TRUE
CACGGGTTCGCCAGAC,PBMC-06-1,PSO12,PSO,SNG,TRUE
CACGGGTTCTCCAAGA,PBMC-06-1,PSA16,PSA,SNG,TRUE
CACGGGTTCTGCCTGT,PBMC-06-1,PSA15,PSA,DBL,FALSE
CACGGGTTCTTCCACG,PBMC-06-1,PSX04,PSX,SNG,TRUE
CACGTGGAGAAGCCTG,PBMC-06-1,PSA02,PSA,SNG,TRUE
CACGTGGAGCGACAGT,PBMC-06-1,PSO11,PSO,SNG,TRUE
CACGTGGAGCGATTCT,PBMC-06-1,PSA07,PSA,SNG,FALSE
CACGTGGAGCGTCAAG,PBMC-06-1,PSA13,PSA,SNG,TRUE
CACGTGGAGCTTGTGT,PBMC-06-1,PSA07,PSA,SNG,TRUE
CACGTGGAGGTACAAT,PBMC-06-1,PSA14,PSA,DBL,FALSE
CACGTGGCAAAGGGTC,PBMC-06-1,PSA03,PSA,SNG,TRUE
CACGTGGCACTAAACC,PBMC-06-1,PSA03,PSA,SNG,FALSE
CACGTGGCAGAACCGA,PBMC-06-1,PSA04,PSA,DBL,FALSE
CACGTGGCAGATGCGA,PBMC-06-1,PSO15,PSO,DBL,FALSE
CACGTGGCATATAGCC,PBMC-06-1,PSA07,PSA,DBL,FALSE
CACGTGGCATCTGCGG,PBMC-06-1,PSO15,PSO,DBL,FALSE
CACGTGGGTAAGTAGT,PBMC-06-1,PSA15,PSA,SNG,TRUE
CACGTGGGTCCCTAAA,PBMC-06-1,PSO12,PSO,DBL,FALSE
CACGTGGGTGTACAGG,PBMC-06-1,PSA12,PSA,SNG,TRUE
CACGTGGTCCATTTGT,PBMC-06-1,PSO11,PSO,SNG,TRUE
CACGTGGTCGCGTGAC,PBMC-06-1,PSA07,PSA,SNG,TRUE
CACGTGGTCGGCTGGT,PBMC-06-1,PSO11,PSO,SNG,TRUE
CACGTGGTCGGTAACT,PBMC-06-1,PSA06,PSA,SNG,TRUE
CACGTGGTCTAGATCG,PBMC-06-1,PSO14,PSO,SNG,TRUE
CACGTTCAGAAACTAC,PBMC-06-1,PSA15,PSA,SNG,FALSE
CACGTTCAGAATAGTC,PBMC-06-1,PSO11,PSO,SNG,FALSE
CACGTTCAGCGGGTTA,PBMC-06-1,PSA03,PSA,SNG,TRUE
CACGTTCAGGCTGAAC,PBMC-06-1,PSO12,PSO,SNG,FALSE
CACGTTCAGGTTGTTC,PBMC-06-1,PSA07,PSA,SNG,TRUE
CACGTTCAGTGATAGT,PBMC-06-1,PSA02,PSA,SNG,TRUE
CACGTTCAGTGGAATT,PBMC-06-1,PSA06,PSA,DBL,FALSE
CACGTTCAGTTAGAAC,PBMC-06-1,PSA04,PSA,SNG,TRUE
CACGTTCCACCATAAC,PBMC-06-1,PSO15,PSO,SNG,TRUE
CACGTTCCATGAGTAA,PBMC-06-1,PSA02,PSA,DBL,FALSE
CACGTTCCATTCGGGC,PBMC-06-1,PSX01,PSX,SNG,TRUE
CACGTTCGTAGACAAT,PBMC-06-1,PSA06,PSA,SNG,TRUE
CACGTTCGTGAGACCA,PBMC-06-1,PSA14,PSA,SNG,TRUE
CACGTTCGTGGCATCC,PBMC-06-1,PSX04,PSX,SNG,TRUE
CACGTTCGTGGTCTTA,PBMC-06-1,PSA14,PSA,SNG,TRUE
CACGTTCTCGACCAAT,PBMC-06-1,PSA12,PSA,SNG,TRUE
CACGTTCTCGGCTGAC,PBMC-06-1,PSA04,PSA,SNG,TRUE
CACGTTCTCTGCCTCA,PBMC-06-1,PSO15,PSO,DBL,FALSE
CACTAAGAGGGTACAC,PBMC-06-1,PSA05,PSA,SNG,TRUE
CACTAAGAGTGACCTT,PBMC-06-1,PSA17,PSA,SNG,TRUE
CACTAAGCAACGAGGT,PBMC-06-1,PSA07,PSA,SNG,TRUE
CACTAAGCACCGTGAC,PBMC-06-1,PSA07,PSA,SNG,TRUE
CACTAAGCAGTTACCA,PBMC-06-1,PSA17,PSA,SNG,TRUE
CACTAAGGTAGCGATG,PBMC-06-1,PSX04,PSX,DBL,FALSE
CACTAAGGTAGTCGGA,PBMC-06-1,PSO12,PSO,SNG,FALSE
CACTAAGGTCCAGGTC,PBMC-06-1,PSA07,PSA,SNG,TRUE
CACTAAGGTGACATCT,PBMC-06-1,PSA03,PSA,SNG,FALSE
CACTAAGGTGAGAGGG,PBMC-06-1,PSA05,PSA,DBL,FALSE
CACTAAGGTGGAGGTT,PBMC-06-1,PSA15,PSA,SNG,FALSE
CACTAAGGTTGATGTC,PBMC-06-1,PSA12,PSA,DBL,FALSE
CACTAAGGTTTGGCTA,PBMC-06-1,PSA13,PSA,SNG,TRUE
CACTAAGTCAACTCTT,PBMC-06-1,PSO14,PSO,SNG,TRUE
CACTAAGTCAGCGCAC,PBMC-06-1,PSA07,PSA,SNG,TRUE
CACTAAGTCTGCACCT,PBMC-06-1,PSA06,PSA,SNG,FALSE
CACTGAAAGGCTTAAA,PBMC-06-1,PSO15,PSO,SNG,TRUE
CACTGAAAGGTTACAA,PBMC-06-1,PSA17,PSA,SNG,TRUE
CACTGAAAGTCAGCCC,PBMC-06-1,PSA06,PSA,SNG,TRUE
CACTGAAAGTGGATAT,PBMC-06-1,PSA05,PSA,AMB,FALSE
CACTGAAAGTTGTACC,PBMC-06-1,PSA12,PSA,SNG,TRUE
CACTGAACAATTCGTG,PBMC-06-1,PSA07,PSA,SNG,TRUE
CACTGAACACGAGGTA,PBMC-06-1,PSA03,PSA,SNG,TRUE
CACTGAACATCAGTCA,PBMC-06-1,PSA15,PSA,SNG,TRUE
CACTGAACATGACTTG,PBMC-06-1,PSO16,PSO,SNG,TRUE
CACTGAAGTAACCCGC,PBMC-06-1,PSA07,PSA,SNG,TRUE
CACTGAAGTACGTACT,PBMC-06-1,PSX01,PSX,SNG,TRUE
CACTGAAGTATTCTCT,PBMC-06-1,PSO12,PSO,DBL,FALSE
CACTGAAGTCTTACAG,PBMC-06-1,PSA02,PSA,SNG,TRUE
CACTGAAGTGCAAGAC,PBMC-06-1,PSA02,PSA,SNG,TRUE
CACTGAAGTGGTTTGT,PBMC-06-1,PSA06,PSA,SNG,TRUE
CACTGAAGTTATTCTC,PBMC-06-1,PSA14,PSA,SNG,FALSE
CACTGAAGTTCCGCGA,PBMC-06-1,PSO15,PSO,SNG,TRUE
CACTGAAGTTCGGCGT,PBMC-06-1,PSO11,PSO,DBL,FALSE
CACTGAAGTTTGCAGT,PBMC-06-1,PSA13,PSA,SNG,TRUE
CACTGAATCAAACCTG,PBMC-06-1,PSA04,PSA,SNG,TRUE
CACTGAATCAACGCTA,PBMC-06-1,PSA16,PSA,SNG,TRUE
CACTGAATCAACTGGT,PBMC-06-1,PSA12,PSA,SNG,TRUE
CACTGAATCCTACCAC,PBMC-06-1,PSO12,PSO,SNG,TRUE
CACTGAATCGTTCTCG,PBMC-06-1,PSA07,PSA,SNG,TRUE
CACTGAATCTGCCTGT,PBMC-06-1,PSO14,PSO,SNG,TRUE
CACTGGGAGATTAGAC,PBMC-06-1,PSA14,PSA,AMB,FALSE
CACTGGGCACAATCTG,PBMC-06-1,PSA12,PSA,SNG,TRUE
CACTGGGCACGCGGTT,PBMC-06-1,PSO11,PSO,DBL,FALSE
CACTGGGCAGAACTTC,PBMC-06-1,PSA02,PSA,SNG,TRUE
CACTGGGCAGCTGTTA,PBMC-06-1,PSX04,PSX,SNG,TRUE
CACTGGGCAGTTAGAA,PBMC-06-1,PSX04,PSX,SNG,TRUE
CACTGGGCATGAAGCG,PBMC-06-1,PSA15,PSA,SNG,TRUE
CACTGGGGTAGGCTCC,PBMC-06-1,PSA07,PSA,SNG,TRUE
CACTGGGGTCGTGCCA,PBMC-06-1,PSA04,PSA,SNG,TRUE
CACTGGGGTCTGCAAT,PBMC-06-1,PSX04,PSX,DBL,FALSE
CACTGGGGTGCTTATG,PBMC-06-1,PSA14,PSA,DBL,FALSE
CACTGGGTCGGCATTA,PBMC-06-1,PSX04,PSX,SNG,TRUE
CACTGTCAGCCACAAG,PBMC-06-1,PSO16,PSO,SNG,TRUE
CACTGTCAGCCTTTCC,PBMC-06-1,PSA15,PSA,SNG,TRUE
CACTGTCAGGCACGAT,PBMC-06-1,PSO11,PSO,SNG,TRUE
CACTGTCAGGTATCTC,PBMC-06-1,PSA13,PSA,SNG,TRUE
CACTGTCCAACGTAAA,PBMC-06-1,PSA12,PSA,SNG,TRUE
CACTGTCCAGGCTTGC,PBMC-06-1,PSA15,PSA,SNG,TRUE
CACTGTCCAGTCGCTG,PBMC-06-1,PSA16,PSA,SNG,TRUE
CACTGTCCAGTCTACA,PBMC-06-1,PSA06,PSA,DBL,FALSE
CACTGTCCATGGGTCC,PBMC-06-1,PSA05,PSA,SNG,FALSE
CACTGTCGTCATTCCC,PBMC-06-1,PSA14,PSA,SNG,TRUE
CACTGTCGTTACCGTA,PBMC-06-1,PSA05,PSA,DBL,FALSE
CACTGTCGTTCGAAGG,PBMC-06-1,PSO12,PSO,SNG,TRUE
CACTGTCGTTGGATCT,PBMC-06-1,PSA12,PSA,SNG,TRUE
CACTGTCGTTTACGAC,PBMC-06-1,PSA15,PSA,SNG,TRUE
CACTGTCTCAGAGTGG,PBMC-06-1,PSA16,PSA,SNG,TRUE
CACTGTCTCCGATCTC,PBMC-06-1,PSA15,PSA,SNG,FALSE
CACTGTCTCCTGTTGC,PBMC-06-1,PSO15,PSO,SNG,TRUE
CACTGTCTCCTTCTAA,PBMC-06-1,PSA14,PSA,SNG,FALSE
CACTTCGAGAGAGCAA,PBMC-06-1,PSA07,PSA,SNG,FALSE
CACTTCGAGCAGCACA,PBMC-06-1,PSO13,PSO,SNG,FALSE
CACTTCGAGCCTCATA,PBMC-06-1,PSX01,PSX,AMB,FALSE
CACTTCGAGCCTTCTC,PBMC-06-1,PSA03,PSA,SNG,TRUE
CACTTCGAGTTGCGAG,PBMC-06-1,PSA15,PSA,SNG,TRUE
CACTTCGCAAATGAAC,PBMC-06-1,PSA02,PSA,SNG,TRUE
CACTTCGCAACTTGGT,PBMC-06-1,PSO13,PSO,SNG,TRUE
CACTTCGCAATTGTGC,PBMC-06-1,PSO15,PSO,SNG,TRUE
CACTTCGCACAAATGA,PBMC-06-1,PSA03,PSA,SNG,TRUE
CACTTCGCAGCCGGTT,PBMC-06-1,PSO15,PSO,SNG,TRUE
CACTTCGGTACCACGC,PBMC-06-1,PSA16,PSA,DBL,FALSE
CACTTCGGTCAAAGCG,PBMC-06-1,PSA14,PSA,SNG,TRUE
CACTTCGGTCAAATCC,PBMC-06-1,PSO12,PSO,SNG,TRUE
CACTTCGGTGGGTATG,PBMC-06-1,PSO15,PSO,SNG,TRUE
CACTTCGGTGTGTCGC,PBMC-06-1,PSA05,PSA,SNG,TRUE
CACTTCGGTTTCGTTT,PBMC-06-1,PSA03,PSA,SNG,TRUE
CACTTCGGTTTGGAGG,PBMC-06-1,PSA13,PSA,DBL,FALSE
CACTTCGTCCTAGCGG,PBMC-06-1,PSA07,PSA,SNG,TRUE
CACTTCGTCGATCCCT,PBMC-06-1,PSA16,PSA,SNG,TRUE
CACTTCGTCGCTACGG,PBMC-06-1,PSA03,PSA,SNG,TRUE
CACTTCGTCTCAATCT,PBMC-06-1,PSA07,PSA,SNG,TRUE
CAGAGCCAGAAATCCA,PBMC-06-1,PSO15,PSO,SNG,TRUE
CAGAGCCAGAGTCAAT,PBMC-06-1,PSX04,PSX,SNG,TRUE
CAGAGCCAGCAACAAT,PBMC-06-1,PSA07,PSA,SNG,TRUE
CAGAGCCAGCGACATG,PBMC-06-1,PSX01,PSX,SNG,TRUE
CAGAGCCAGGTGCATG,PBMC-06-1,PSA05,PSA,SNG,TRUE
CAGAGCCAGTCCCGAC,PBMC-06-1,PSO13,PSO,SNG,FALSE
CAGAGCCAGTCTGCGC,PBMC-06-1,PSO15,PSO,SNG,TRUE
CAGAGCCAGTGCCCGT,PBMC-06-1,PSA12,PSA,SNG,TRUE
CAGAGCCAGTTCCGTA,PBMC-06-1,PSA17,PSA,DBL,FALSE
CAGAGCCCAACATACC,PBMC-06-1,PSA07,PSA,SNG,TRUE
CAGAGCCCAAGCAATA,PBMC-06-1,PSA02,PSA,SNG,TRUE
CAGAGCCCAATAGGGC,PBMC-06-1,PSA03,PSA,SNG,TRUE
CAGAGCCCACCCATAA,PBMC-06-1,PSO15,PSO,SNG,TRUE
CAGAGCCCAGCCTACG,PBMC-06-1,PSO14,PSO,SNG,FALSE
CAGAGCCCATCCGATA,PBMC-06-1,PSA03,PSA,SNG,FALSE
CAGAGCCCATGTAACC,PBMC-06-1,PSA17,PSA,SNG,TRUE
CAGAGCCGTAAGGTCG,PBMC-06-1,PSA16,PSA,SNG,TRUE
CAGAGCCGTAATGCTC,PBMC-06-1,PSO15,PSO,DBL,FALSE
CAGAGCCGTCGCTTGG,PBMC-06-1,PSA07,PSA,SNG,TRUE
CAGAGCCGTGAACGGT,PBMC-06-1,PSA16,PSA,SNG,TRUE
CAGAGCCGTGCATTAC,PBMC-06-1,PSA07,PSA,SNG,FALSE
CAGAGCCGTGCCTATA,PBMC-06-1,PSA02,PSA,SNG,FALSE
CAGAGCCGTGCGTGCT,PBMC-06-1,PSO11,PSO,SNG,TRUE
CAGAGCCGTTCTCAGA,PBMC-06-1,PSA16,PSA,SNG,TRUE
CAGAGCCTCAAGATAG,PBMC-06-1,PSA13,PSA,SNG,TRUE
CAGAGCCTCGATTTCT,PBMC-06-1,PSA15,PSA,SNG,TRUE
CAGAGCCTCGCCAACG,PBMC-06-1,PSO15,PSO,SNG,TRUE
CAGAGCCTCTGTCCGT,PBMC-06-1,PSO16,PSO,SNG,FALSE
CAGATACAGAAACTGT,PBMC-06-1,PSO14,PSO,DBL,FALSE
CAGATACAGATCGCTT,PBMC-06-1,PSA15,PSA,SNG,TRUE
CAGATACAGTCGAAGC,PBMC-06-1,PSA17,PSA,SNG,TRUE
CAGATACAGTGATTCC,PBMC-06-1,PSA05,PSA,SNG,FALSE
CAGATACCAATCCTTT,PBMC-06-1,PSA02,PSA,SNG,TRUE
CAGATACCAGCAGTGA,PBMC-06-1,PSA04,PSA,SNG,FALSE
CAGATACCAGCATTGT,PBMC-06-1,PSA07,PSA,SNG,FALSE
CAGATACCATAGAGGC,PBMC-06-1,PSA02,PSA,DBL,FALSE
CAGATACGTATGTCTG,PBMC-06-1,PSA14,PSA,SNG,FALSE
CAGATACGTCACCGCA,PBMC-06-1,PSA16,PSA,SNG,TRUE
CAGATACGTCCGTTTC,PBMC-06-1,PSA17,PSA,SNG,TRUE
CAGATACTCCGTGTAA,PBMC-06-1,PSO11,PSO,SNG,TRUE
CAGATACTCGACCTAA,PBMC-06-1,PSA07,PSA,SNG,FALSE
CAGATACTCGCTACGG,PBMC-06-1,PSA16,PSA,SNG,FALSE
CAGATACTCGTGGGAA,PBMC-06-1,PSA16,PSA,SNG,TRUE
CAGATCAAGCATACTC,PBMC-06-1,PSX01,PSX,SNG,TRUE
CAGATCAAGCTAAACA,PBMC-06-1,PSA07,PSA,DBL,FALSE
CAGATCACAAGCGGAT,PBMC-06-1,PSO12,PSO,SNG,TRUE
CAGATCACAAGGTCGA,PBMC-06-1,PSO14,PSO,DBL,FALSE
CAGATCACACAATGTC,PBMC-06-1,PSA06,PSA,SNG,TRUE
CAGATCACACACACGC,PBMC-06-1,PSA14,PSA,SNG,FALSE
CAGATCACACCGTCTT,PBMC-06-1,PSX01,PSX,SNG,TRUE
CAGATCACAGACAAAT,PBMC-06-1,PSA12,PSA,SNG,TRUE
CAGATCACAGACATCT,PBMC-06-1,PSA02,PSA,SNG,TRUE
CAGATCACAGCTTTCC,PBMC-06-1,PSA12,PSA,SNG,TRUE
CAGATCAGTCGCAGTC,PBMC-06-1,PSO16,PSO,DBL,FALSE
CAGATCAGTCGCTCGA,PBMC-06-1,PSA17,PSA,SNG,TRUE
CAGATCAGTGCCAAGA,PBMC-06-1,PSO14,PSO,SNG,TRUE
CAGATCAGTGGTATGG,PBMC-06-1,PSA05,PSA,SNG,TRUE
CAGATCAGTTGGACCC,PBMC-06-1,PSO12,PSO,AMB,FALSE
CAGATCATCATGCGGC,PBMC-06-1,PSO12,PSO,SNG,TRUE
CAGATCATCCACTTCG,PBMC-06-1,PSA05,PSA,DBL,FALSE
CAGATCATCCCGATCT,PBMC-06-1,PSO14,PSO,AMB,FALSE
CAGATCATCGTTCATT,PBMC-06-1,PSO12,PSO,SNG,TRUE
CAGATTGAGGCATGCA,PBMC-06-1,PSO15,PSO,SNG,TRUE
CAGATTGAGTGATAAC,PBMC-06-1,PSA07,PSA,DBL,FALSE
CAGATTGAGTTCATCG,PBMC-06-1,PSO11,PSO,SNG,TRUE
CAGATTGCACGTAGTT,PBMC-06-1,PSA17,PSA,SNG,TRUE
CAGATTGCAGCAAGAC,PBMC-06-1,PSA13,PSA,SNG,FALSE
CAGATTGCAGCGCGTT,PBMC-06-1,PSO12,PSO,SNG,TRUE
CAGATTGCAGTAGTGG,PBMC-06-1,PSA05,PSA,SNG,TRUE
CAGATTGCAGTCTACA,PBMC-06-1,PSO15,PSO,SNG,TRUE
CAGATTGGTACGTTCA,PBMC-06-1,PSA17,PSA,SNG,FALSE
CAGATTGGTCACCGCA,PBMC-06-1,PSA16,PSA,AMB,FALSE
CAGATTGGTCGTCATA,PBMC-06-1,PSA13,PSA,SNG,FALSE
CAGATTGGTCTGTTAG,PBMC-06-1,PSO15,PSO,SNG,TRUE
CAGATTGGTGCATGTT,PBMC-06-1,PSA17,PSA,SNG,FALSE
CAGATTGGTGCCCACA,PBMC-06-1,PSX01,PSX,SNG,TRUE
CAGATTGTCGCTACGG,PBMC-06-1,PSO15,PSO,SNG,TRUE
CAGATTGTCGTACCTC,PBMC-06-1,PSO16,PSO,SNG,TRUE
CAGATTGTCGTGGGTC,PBMC-06-1,PSO12,PSO,DBL,FALSE
CAGATTGTCTAGAACC,PBMC-06-1,PSA16,PSA,SNG,TRUE
CAGCAATAGCCAGAGT,PBMC-06-1,PSA02,PSA,DBL,FALSE
CAGCAATAGGAGAGTA,PBMC-06-1,PSA16,PSA,SNG,TRUE
CAGCAATCAGCTGGTC,PBMC-06-1,PSA03,PSA,SNG,TRUE
CAGCAATGTCACTGAT,PBMC-06-1,PSO12,PSO,SNG,TRUE
CAGCAATGTCTGTAGT,PBMC-06-1,PSA05,PSA,SNG,FALSE
CAGCAATGTGACTCTA,PBMC-06-1,PSA07,PSA,SNG,TRUE
CAGCAATGTGAGGCAT,PBMC-06-1,PSO12,PSO,SNG,TRUE
CAGCAATGTTCAAGGG,PBMC-06-1,PSA16,PSA,SNG,TRUE
CAGCAATGTTCGTGCG,PBMC-06-1,PSA07,PSA,DBL,FALSE
CAGCAATTCCACTAGA,PBMC-06-1,PSA07,PSA,SNG,FALSE
CAGCAATTCCTCACCA,PBMC-06-1,PSX04,PSX,SNG,TRUE
CAGCAATTCGCGTCGA,PBMC-06-1,PSO15,PSO,SNG,TRUE
CAGCAATTCGGCTCTT,PBMC-06-1,PSA13,PSA,DBL,FALSE
CAGCAATTCTATCCAT,PBMC-06-1,PSA13,PSA,SNG,FALSE
CAGCACGCAATGGCCC,PBMC-06-1,PSA04,PSA,SNG,TRUE
CAGCACGCACGTCATA,PBMC-06-1,PSA12,PSA,DBL,FALSE
CAGCACGCAGAGAATT,PBMC-06-1,PSA12,PSA,SNG,FALSE
CAGCACGCATGACGAG,PBMC-06-1,PSO11,PSO,SNG,TRUE
CAGCACGCATGACTCA,PBMC-06-1,PSO15,PSO,DBL,FALSE
CAGCACGGTAGAGCTG,PBMC-06-1,PSA16,PSA,SNG,TRUE
CAGCACGGTATAGCTC,PBMC-06-1,PSO13,PSO,SNG,TRUE
CAGCACGGTCTCGACG,PBMC-06-1,PSA12,PSA,SNG,FALSE
CAGCACGGTGGATCGA,PBMC-06-1,PSA17,PSA,SNG,TRUE
CAGCACGGTTCTCCTG,PBMC-06-1,PSA07,PSA,SNG,TRUE
CAGCAGCAGCGCCCAT,PBMC-06-1,PSA13,PSA,SNG,TRUE
CAGCAGCAGTACGAGC,PBMC-06-1,PSX04,PSX,SNG,TRUE
CAGCAGCAGTCAATCC,PBMC-06-1,PSX01,PSX,SNG,TRUE
CAGCAGCCAAAGGCTG,PBMC-06-1,PSO12,PSO,SNG,TRUE
CAGCAGCCACAGCGCT,PBMC-06-1,PSA14,PSA,SNG,TRUE
CAGCAGCCACTCCGAG,PBMC-06-1,PSA17,PSA,SNG,TRUE
CAGCAGCCAGTGGCTC,PBMC-06-1,PSA03,PSA,SNG,FALSE
CAGCAGCCATACAGGG,PBMC-06-1,PSA14,PSA,SNG,TRUE
CAGCAGCGTCTAGGTT,PBMC-06-1,PSA07,PSA,SNG,TRUE
CAGCAGCGTGAGGCAT,PBMC-06-1,PSA14,PSA,SNG,TRUE
CAGCAGCGTGCTGCAC,PBMC-06-1,PSA12,PSA,SNG,TRUE
CAGCAGCGTTGCCGAC,PBMC-06-1,PSA12,PSA,DBL,FALSE
CAGCAGCTCCCGGTAG,PBMC-06-1,PSA07,PSA,DBL,FALSE
CAGCAGCTCCTTCAGC,PBMC-06-1,PSO12,PSO,AMB,FALSE
CAGCAGCTCGCACGAC,PBMC-06-1,PSO15,PSO,SNG,TRUE
CAGCAGCTCTGATGGT,PBMC-06-1,PSA05,PSA,SNG,TRUE
CAGCCAGAGAAGCGCT,PBMC-06-1,PSO16,PSO,SNG,TRUE
CAGCCAGAGAATCGTA,PBMC-06-1,PSX01,PSX,DBL,FALSE
CAGCCAGAGCACTCAT,PBMC-06-1,PSO11,PSO,SNG,TRUE
CAGCCAGAGCAGCAGT,PBMC-06-1,PSA17,PSA,SNG,TRUE
CAGCCAGAGGCATCAG,PBMC-06-1,PSA12,PSA,SNG,TRUE
CAGCCAGAGGTAAAGG,PBMC-06-1,PSO15,PSO,SNG,TRUE
CAGCCAGAGGTGCTTT,PBMC-06-1,PSA13,PSA,AMB,FALSE
CAGCCAGCAACTACGT,PBMC-06-1,PSA06,PSA,SNG,TRUE
CAGCCAGCACAAATGA,PBMC-06-1,PSA14,PSA,SNG,TRUE
CAGCCAGCACAAGTGG,PBMC-06-1,PSO11,PSO,SNG,TRUE
CAGCCAGCAGTAACCT,PBMC-06-1,PSA03,PSA,SNG,FALSE
CAGCCAGCATACGCAT,PBMC-06-1,PSO15,PSO,SNG,TRUE
CAGCCAGGTAACATGA,PBMC-06-1,PSA15,PSA,DBL,FALSE
CAGCCAGGTATCGTAC,PBMC-06-1,PSA02,PSA,SNG,FALSE
CAGCCAGGTCACAGAG,PBMC-06-1,PSA14,PSA,SNG,TRUE
CAGCCAGGTCTAGGCC,PBMC-06-1,PSA02,PSA,SNG,TRUE
CAGCCAGGTGGCATCC,PBMC-06-1,PSO15,PSO,SNG,TRUE
CAGCCAGTCATTGTTC,PBMC-06-1,PSA16,PSA,SNG,TRUE
CAGCCAGTCGGTGTTA,PBMC-06-1,PSO12,PSO,SNG,FALSE
CAGCCAGTCGTAGAGG,PBMC-06-1,PSA07,PSA,SNG,TRUE
CAGCCAGTCTCATGCC,PBMC-06-1,PSA05,PSA,SNG,TRUE
CAGCCAGTCTGAGGCC,PBMC-06-1,PSA13,PSA,SNG,FALSE
CAGCGTGAGCCATATC,PBMC-06-1,PSA13,PSA,SNG,TRUE
CAGCGTGAGCGGGTAT,PBMC-06-1,PSO14,PSO,SNG,TRUE
CAGCGTGCAACTCCCT,PBMC-06-1,PSA16,PSA,SNG,TRUE
CAGCGTGCAAGGCTTT,PBMC-06-1,PSX04,PSX,SNG,TRUE
CAGCGTGCACACACTA,PBMC-06-1,PSA04,PSA,DBL,FALSE
CAGCGTGCACGCGCAT,PBMC-06-1,PSO15,PSO,DBL,FALSE
CAGCGTGCACTGGACC,PBMC-06-1,PSO15,PSO,SNG,TRUE
CAGCGTGCATATCTCT,PBMC-06-1,PSX01,PSX,SNG,TRUE
CAGCGTGCATTCAGCA,PBMC-06-1,PSO15,PSO,SNG,TRUE
CAGCGTGGTACGAAAT,PBMC-06-1,PSO15,PSO,SNG,TRUE
CAGCGTGGTATCAGGG,PBMC-06-1,PSA07,PSA,SNG,TRUE
CAGCGTGGTCGCCTAG,PBMC-06-1,PSA04,PSA,SNG,TRUE
CAGCGTGGTCTGCCTT,PBMC-06-1,PSA17,PSA,SNG,TRUE
CAGCGTGTCCTGGGTG,PBMC-06-1,PSX01,PSX,SNG,TRUE
CAGCGTGTCGACACCG,PBMC-06-1,PSA02,PSA,SNG,FALSE
CAGCGTGTCGCACGAC,PBMC-06-1,PSA02,PSA,DBL,FALSE
CAGCGTGTCTCCCTAG,PBMC-06-1,PSO11,PSO,SNG,TRUE
CAGCGTGTCTGAGCAT,PBMC-06-1,PSX01,PSX,SNG,TRUE
CAGGCCAAGTGAGCCA,PBMC-06-1,PSA17,PSA,SNG,TRUE
CAGGCCAAGTTAGAAC,PBMC-06-1,PSX04,PSX,DBL,FALSE
CAGGCCACAAGCTGTT,PBMC-06-1,PSA05,PSA,DBL,FALSE
CAGGCCACACTCTCGT,PBMC-06-1,PSA05,PSA,SNG,TRUE
CAGGCCACACTTTAGG,PBMC-06-1,PSA05,PSA,SNG,FALSE
CAGGCCACAGAGGCAT,PBMC-06-1,PSO14,PSO,SNG,FALSE
CAGGCCACAGAGTCAG,PBMC-06-1,PSA16,PSA,SNG,TRUE
CAGGCCACAGCTATAC,PBMC-06-1,PSX01,PSX,SNG,TRUE
CAGGCCACAGCTGAAG,PBMC-06-1,PSA04,PSA,SNG,FALSE
CAGGCCACAGGAGGTT,PBMC-06-1,PSA03,PSA,AMB,FALSE
CAGGCCACAGGTGAGT,PBMC-06-1,PSA04,PSA,SNG,TRUE
CAGGCCAGTCTCGGGT,PBMC-06-1,PSA04,PSA,SNG,TRUE
CAGGCCAGTGTGTACT,PBMC-06-1,PSA16,PSA,SNG,TRUE
CAGGCCAGTGTTTGCA,PBMC-06-1,PSA07,PSA,SNG,TRUE
CAGGCCAGTTCGTTCC,PBMC-06-1,PSX04,PSX,SNG,TRUE
CAGGCCATCAAGAATG,PBMC-06-1,PSX04,PSX,SNG,TRUE
CAGGCCATCAGCGCGT,PBMC-06-1,PSA02,PSA,SNG,TRUE
CAGGCCATCTCAGGCG,PBMC-06-1,PSO15,PSO,SNG,TRUE
CAGGCCATCTCTCCGA,PBMC-06-1,PSA07,PSA,SNG,FALSE
CAGGCCATCTGTCTCG,PBMC-06-1,PSX04,PSX,SNG,TRUE
CAGGGCTAGACTCGAG,PBMC-06-1,PSA07,PSA,SNG,FALSE
CAGGGCTAGGTAACTA,PBMC-06-1,PSX01,PSX,SNG,TRUE
CAGGGCTAGTATTCCG,PBMC-06-1,PSA16,PSA,SNG,TRUE
CAGGGCTAGTCATGAA,PBMC-06-1,PSA04,PSA,SNG,TRUE
CAGGGCTCACCCTGTT,PBMC-06-1,PSO12,PSO,SNG,FALSE
CAGGGCTCACTTGGCG,PBMC-06-1,PSA03,PSA,SNG,TRUE
CAGGGCTCAGCGACAA,PBMC-06-1,PSA12,PSA,SNG,TRUE
CAGGGCTCAGCGTGCT,PBMC-06-1,PSA13,PSA,DBL,FALSE
CAGGGCTCATAGAAAC,PBMC-06-1,PSA15,PSA,SNG,TRUE
CAGGGCTCATGGAGAC,PBMC-06-1,PSA12,PSA,SNG,FALSE
CAGGGCTGTCATCCCT,PBMC-06-1,PSO12,PSO,SNG,TRUE
CAGGGCTGTGCCTTTC,PBMC-06-1,PSO15,PSO,DBL,FALSE
CAGGGCTTCATCACTT,PBMC-06-1,PSO12,PSO,SNG,TRUE
CAGGGCTTCCAACTGA,PBMC-06-1,PSA12,PSA,SNG,TRUE
CAGGGCTTCGAGCCTG,PBMC-06-1,PSO14,PSO,SNG,TRUE
CAGGGCTTCGTGTGAT,PBMC-06-1,PSA05,PSA,SNG,TRUE
CAGGGCTTCTCTGACC,PBMC-06-1,PSA05,PSA,SNG,TRUE
CAGGGCTTCTGGGCAC,PBMC-06-1,PSA14,PSA,SNG,TRUE
CAGGTATCAACTCCCT,PBMC-06-1,PSA07,PSA,SNG,TRUE
CAGGTATCAATAGTAG,PBMC-06-1,PSO11,PSO,SNG,TRUE
CAGGTATCACAAATAG,PBMC-06-1,PSA17,PSA,SNG,TRUE
CAGGTATCAGAGGTAC,PBMC-06-1,PSA07,PSA,SNG,TRUE
CAGGTATCAGTCTCTC,PBMC-06-1,PSA05,PSA,SNG,TRUE
CAGGTATCATAGATCC,PBMC-06-1,PSO11,PSO,SNG,TRUE
CAGGTATGTCCACAGC,PBMC-06-1,PSA15,PSA,SNG,FALSE
CAGGTATGTCCGACGT,PBMC-06-1,PSA03,PSA,SNG,TRUE
CAGGTATGTGATGAAT,PBMC-06-1,PSA06,PSA,SNG,TRUE
CAGGTATGTGCGAGTA,PBMC-06-1,PSX01,PSX,SNG,TRUE
CAGGTATGTGGTCCGT,PBMC-06-1,PSA15,PSA,SNG,TRUE
CAGTGCGAGAGTCCGA,PBMC-06-1,PSA05,PSA,SNG,FALSE
CAGTGCGAGATGATTG,PBMC-06-1,PSX04,PSX,SNG,TRUE
CAGTGCGAGATGGGCT,PBMC-06-1,PSA03,PSA,SNG,TRUE
CAGTGCGAGCATCCTA,PBMC-06-1,PSA15,PSA,SNG,FALSE
CAGTGCGAGGACTTCT,PBMC-06-1,PSA14,PSA,SNG,TRUE
CAGTGCGAGGCACTCC,PBMC-06-1,PSX01,PSX,SNG,TRUE
CAGTGCGAGGCATGCA,PBMC-06-1,PSA05,PSA,SNG,TRUE
CAGTGCGAGGTTGGAC,PBMC-06-1,PSA03,PSA,DBL,FALSE
CAGTGCGAGTTAGTAG,PBMC-06-1,PSA15,PSA,SNG,TRUE
CAGTGCGCAACACGTT,PBMC-06-1,PSA14,PSA,SNG,TRUE
CAGTGCGCAACCGATT,PBMC-06-1,PSA12,PSA,DBL,FALSE
CAGTGCGCAAGAGATT,PBMC-06-1,PSA15,PSA,SNG,FALSE
CAGTGCGCAATTCTCT,PBMC-06-1,PSA13,PSA,SNG,TRUE
CAGTGCGCAATTGCTG,PBMC-06-1,PSA13,PSA,SNG,TRUE
CAGTGCGCAGCAGTAG,PBMC-06-1,PSA03,PSA,SNG,TRUE
CAGTGCGCAGTCAGAG,PBMC-06-1,PSA04,PSA,SNG,TRUE
CAGTGCGGTACAGAAT,PBMC-06-1,PSO15,PSO,SNG,TRUE
CAGTGCGGTCGCTCGA,PBMC-06-1,PSA17,PSA,SNG,TRUE
CAGTGCGGTGCATTAC,PBMC-06-1,PSO11,PSO,SNG,FALSE
CAGTGCGTCCGTAGGC,PBMC-06-1,PSA05,PSA,SNG,TRUE
CAGTGCGTCTAGACAC,PBMC-06-1,PSO14,PSO,SNG,TRUE
CAGTGCGTCTATCGCC,PBMC-06-1,PSA03,PSA,SNG,FALSE
CAGTGCGTCTGCTCTG,PBMC-06-1,PSX01,PSX,SNG,TRUE
CAGTGCGTCTGCTTAT,PBMC-06-1,PSA04,PSA,DBL,FALSE
CAGTGCGTCTGTCGCT,PBMC-06-1,PSA13,PSA,SNG,FALSE
CAGTGCGTCTTAGCAG,PBMC-06-1,PSA12,PSA,SNG,TRUE
CAGTGCGTCTTGGATG,PBMC-06-1,PSA16,PSA,SNG,TRUE
CAGTGCGTCTTGGCTC,PBMC-06-1,PSO16,PSO,SNG,FALSE
CAGTGCGTCTTTCTAG,PBMC-06-1,PSO14,PSO,SNG,FALSE
CAGTTAGAGAACAAGG,PBMC-06-1,PSA07,PSA,SNG,TRUE
CAGTTAGAGAGCAAGA,PBMC-06-1,PSA17,PSA,SNG,TRUE
CAGTTAGAGCCGTTGC,PBMC-06-1,PSA13,PSA,SNG,TRUE
CAGTTAGAGGTGATAT,PBMC-06-1,PSX01,PSX,SNG,FALSE
CAGTTAGCACAGAAGC,PBMC-06-1,PSA13,PSA,SNG,TRUE
CAGTTAGCAGGAGGAG,PBMC-06-1,PSX01,PSX,SNG,TRUE
CAGTTAGCAGTGAGCA,PBMC-06-1,PSA07,PSA,SNG,TRUE
CAGTTAGGTAAGTTGA,PBMC-06-1,PSA16,PSA,SNG,TRUE
CAGTTAGGTCGTAATC,PBMC-06-1,PSO15,PSO,SNG,TRUE
CAGTTAGGTGCATACT,PBMC-06-1,PSA06,PSA,SNG,FALSE
CAGTTAGGTGTTCGTA,PBMC-06-1,PSA03,PSA,AMB,FALSE
CAGTTAGGTTCTCGCT,PBMC-06-1,PSA03,PSA,SNG,TRUE
CAGTTAGGTTGGCTAT,PBMC-06-1,PSA17,PSA,SNG,TRUE
CAGTTAGGTTGTAAAG,PBMC-06-1,PSA05,PSA,SNG,TRUE
CAGTTAGTCCTGTTGC,PBMC-06-1,PSA02,PSA,SNG,TRUE
CAGTTAGTCCTTACCG,PBMC-06-1,PSA02,PSA,SNG,TRUE
CAGTTAGTCGAGCCTG,PBMC-06-1,PSA15,PSA,DBL,FALSE
CAGTTAGTCGTAATGC,PBMC-06-1,PSO15,PSO,SNG,TRUE
CAGTTAGTCGTTGTTT,PBMC-06-1,PSO15,PSO,DBL,FALSE
CAGTTCCCAAATGGCG,PBMC-06-1,PSA04,PSA,SNG,FALSE
CAGTTCCCACTCAAGT,PBMC-06-1,PSO15,PSO,SNG,TRUE
CAGTTCCCAGATCACT,PBMC-06-1,PSO15,PSO,DBL,FALSE
CAGTTCCCAGTAGATA,PBMC-06-1,PSX04,PSX,SNG,TRUE
CAGTTCCCATCCGTGG,PBMC-06-1,PSO15,PSO,DBL,FALSE
CAGTTCCCATTGCCGG,PBMC-06-1,PSA16,PSA,SNG,TRUE
CAGTTCCGTATGATCC,PBMC-06-1,PSA07,PSA,DBL,FALSE
CAGTTCCGTATGGTAA,PBMC-06-1,PSX04,PSX,SNG,TRUE
CAGTTCCGTCTGCAAT,PBMC-06-1,PSA13,PSA,SNG,TRUE
CAGTTCCGTGCTGATT,PBMC-06-1,PSA03,PSA,SNG,TRUE
CAGTTCCGTGTACATC,PBMC-06-1,PSX01,PSX,SNG,TRUE
CAGTTCCGTGTAGCAG,PBMC-06-1,PSX01,PSX,SNG,TRUE
CATAAGCAGCATGTTC,PBMC-06-1,PSA12,PSA,SNG,TRUE
CATAAGCAGCCAAGTG,PBMC-06-1,PSA12,PSA,SNG,FALSE
CATAAGCAGCCTAGGA,PBMC-06-1,PSO13,PSO,SNG,TRUE
CATAAGCAGGATACGC,PBMC-06-1,PSA17,PSA,SNG,TRUE
CATAAGCAGTCTAACC,PBMC-06-1,PSO12,PSO,SNG,TRUE
CATAAGCCAAATGAAC,PBMC-06-1,PSO15,PSO,SNG,TRUE
CATAAGCCAACAAAGT,PBMC-06-1,PSA02,PSA,SNG,TRUE
CATAAGCCAATAGTCC,PBMC-06-1,PSO15,PSO,SNG,TRUE
CATAAGCCACATGTTG,PBMC-06-1,PSA04,PSA,SNG,TRUE
CATAAGCCACTTGGGC,PBMC-06-1,PSA14,PSA,SNG,TRUE
CATAAGCCAGGACTTT,PBMC-06-1,PSX01,PSX,SNG,FALSE
CATAAGCCATCAGCAT,PBMC-06-1,PSA13,PSA,DBL,FALSE
CATAAGCCATCTATCT,PBMC-06-1,PSA02,PSA,SNG,TRUE
CATAAGCGTACAGTCT,PBMC-06-1,PSO14,PSO,SNG,TRUE
CATAAGCGTCATCTAG,PBMC-06-1,PSA04,PSA,SNG,FALSE
CATAAGCGTCTCACGG,PBMC-06-1,PSX04,PSX,SNG,TRUE
CATAAGCGTCTTAGTG,PBMC-06-1,PSA02,PSA,SNG,TRUE
CATAAGCGTGCTTCAA,PBMC-06-1,PSA04,PSA,SNG,FALSE
CATAAGCGTTGTACGT,PBMC-06-1,PSO12,PSO,DBL,FALSE
CATAAGCTCAACGAGG,PBMC-06-1,PSA04,PSA,SNG,TRUE
CATAAGCTCACATTGG,PBMC-06-1,PSA07,PSA,SNG,TRUE
CATAAGCTCGTGTGAT,PBMC-06-1,PSA15,PSA,DBL,FALSE
CATACAGAGCGGGTAT,PBMC-06-1,PSA12,PSA,DBL,FALSE
CATACAGAGCTGAGTG,PBMC-06-1,PSA17,PSA,DBL,FALSE
CATACAGAGGGATCGT,PBMC-06-1,PSO13,PSO,DBL,FALSE
CATACAGAGTGAATAC,PBMC-06-1,PSA03,PSA,SNG,TRUE
CATACAGAGTTACGGG,PBMC-06-1,PSA07,PSA,AMB,FALSE
CATACAGAGTTTCAGC,PBMC-06-1,PSX01,PSX,SNG,TRUE
CATACAGAGTTTGCTG,PBMC-06-1,PSA07,PSA,SNG,TRUE
CATACAGCAATTGTGC,PBMC-06-1,PSO15,PSO,DBL,FALSE
CATACAGCACAAACGG,PBMC-06-1,PSA02,PSA,SNG,TRUE
CATACAGCAGACCTAT,PBMC-06-1,PSA05,PSA,AMB,FALSE
CATACAGCAGAGGCTA,PBMC-06-1,PSA05,PSA,SNG,TRUE
CATACAGCAGCAGACA,PBMC-06-1,PSA04,PSA,SNG,TRUE
CATACAGCAGCTACTA,PBMC-06-1,PSA17,PSA,SNG,TRUE
CATACAGGTACCACGC,PBMC-06-1,PSA07,PSA,SNG,TRUE
CATACAGGTATGAAAC,PBMC-06-1,PSA17,PSA,DBL,FALSE
CATACAGGTATGCTTG,PBMC-06-1,PSA14,PSA,SNG,TRUE
CATACAGGTCACCGAC,PBMC-06-1,PSA12,PSA,SNG,TRUE
CATACAGGTCCGGTGT,PBMC-06-1,PSA06,PSA,SNG,TRUE
CATACAGGTCTAACGT,PBMC-06-1,PSX04,PSX,DBL,FALSE
CATACAGGTGAGACCA,PBMC-06-1,PSA14,PSA,SNG,TRUE
CATACAGGTGCAGGAT,PBMC-06-1,PSA05,PSA,SNG,TRUE
CATACAGGTTACGATC,PBMC-06-1,PSA03,PSA,SNG,TRUE
CATACAGGTTATAGCC,PBMC-06-1,PSA06,PSA,SNG,TRUE
CATACAGGTTGCGGAA,PBMC-06-1,PSA15,PSA,SNG,TRUE
CATACAGTCACCTGTC,PBMC-06-1,PSA05,PSA,AMB,FALSE
CATACAGTCATCCTGC,PBMC-06-1,PSA14,PSA,SNG,TRUE
CATACAGTCATCTACT,PBMC-06-1,PSO15,PSO,SNG,TRUE
CATACAGTCCGTCAAA,PBMC-06-1,PSA15,PSA,DBL,FALSE
CATACAGTCTACCCAC,PBMC-06-1,PSO13,PSO,SNG,TRUE
CATACCCAGAAGTATC,PBMC-06-1,PSO11,PSO,SNG,TRUE
CATACCCAGTGATGGC,PBMC-06-1,PSX04,PSX,SNG,TRUE
CATACCCAGTGCCTCG,PBMC-06-1,PSA04,PSA,SNG,TRUE
CATACCCCAATAGTAG,PBMC-06-1,PSA03,PSA,SNG,TRUE
CATACCCCACCATTCC,PBMC-06-1,PSA02,PSA,SNG,TRUE
CATACCCCACGCTGCA,PBMC-06-1,PSA07,PSA,DBL,FALSE
CATACCCCAGCTGCCA,PBMC-06-1,PSO15,PSO,SNG,TRUE
CATACCCCAGTCAACT,PBMC-06-1,PSA14,PSA,SNG,TRUE
CATACCCGTCGTATTG,PBMC-06-1,PSA06,PSA,SNG,TRUE
CATACCCGTGTACAGG,PBMC-06-1,PSO15,PSO,SNG,TRUE
CATACCCGTTATGACC,PBMC-06-1,PSX01,PSX,SNG,TRUE
CATACCCTCAAGAGTA,PBMC-06-1,PSA04,PSA,DBL,FALSE
CATACCCTCAAGCTGT,PBMC-06-1,PSA07,PSA,SNG,FALSE
CATACCCTCACTCCGT,PBMC-06-1,PSA16,PSA,SNG,TRUE
CATACCCTCAGGGTAG,PBMC-06-1,PSA16,PSA,SNG,TRUE
CATACCCTCCATCTCG,PBMC-06-1,PSO11,PSO,SNG,TRUE
CATACCCTCCCTCAAC,PBMC-06-1,PSA07,PSA,SNG,TRUE
CATACCCTCCTCTTTC,PBMC-06-1,PSA07,PSA,SNG,FALSE
CATACCCTCGGTAGAG,PBMC-06-1,PSO11,PSO,SNG,TRUE
CATACCCTCGTGAGAG,PBMC-06-1,PSO15,PSO,SNG,FALSE
CATACCCTCGTGTCAA,PBMC-06-1,PSO13,PSO,SNG,TRUE
CATACTTAGGAACTCG,PBMC-06-1,PSO13,PSO,SNG,TRUE
CATACTTAGGGCGAAG,PBMC-06-1,PSA07,PSA,SNG,FALSE
CATACTTCAAGGAGTC,PBMC-06-1,PSX01,PSX,SNG,TRUE
CATACTTCACGTACTA,PBMC-06-1,PSA04,PSA,SNG,TRUE
CATACTTCATAACCCA,PBMC-06-1,PSO15,PSO,SNG,TRUE
CATACTTGTAGGTTTC,PBMC-06-1,PSA06,PSA,SNG,FALSE
CATACTTGTCGGTACC,PBMC-06-1,PSA14,PSA,SNG,FALSE
CATACTTGTGATACCT,PBMC-06-1,PSA14,PSA,SNG,TRUE
CATACTTGTTGAGGAC,PBMC-06-1,PSA13,PSA,SNG,FALSE
CATACTTTCGGTCAGC,PBMC-06-1,PSX01,PSX,DBL,FALSE
CATAGACAGAGCTGCA,PBMC-06-1,PSX04,PSX,SNG,FALSE
CATAGACAGCATGTTC,PBMC-06-1,PSA17,PSA,SNG,TRUE
CATAGACAGCTAGCCC,PBMC-06-1,PSO16,PSO,SNG,TRUE
CATAGACAGTGCCGAA,PBMC-06-1,PSO15,PSO,SNG,FALSE
CATAGACCAAACGGCA,PBMC-06-1,PSA02,PSA,SNG,TRUE
CATAGACCAAATCCCA,PBMC-06-1,PSO15,PSO,SNG,TRUE
CATAGACCAAGTGATA,PBMC-06-1,PSA04,PSA,SNG,TRUE
CATAGACCACTTGGGC,PBMC-06-1,PSA14,PSA,SNG,TRUE
CATAGACCAGAGTTCT,PBMC-06-1,PSA02,PSA,SNG,TRUE
CATAGACCAGTTAAAG,PBMC-06-1,PSO15,PSO,SNG,TRUE
CATAGACCATCCAACA,PBMC-06-1,PSA04,PSA,SNG,TRUE
CATAGACCATTCTCTA,PBMC-06-1,PSO11,PSO,DBL,FALSE
CATAGACGTACCGGAA,PBMC-06-1,PSA15,PSA,SNG,TRUE
CATAGACGTCAACACT,PBMC-06-1,PSX04,PSX,SNG,TRUE
CATAGACGTCCGTACG,PBMC-06-1,PSA04,PSA,SNG,TRUE
CATAGACGTGTTATCG,PBMC-06-1,PSO16,PSO,SNG,TRUE
CATAGACGTTGCTAGT,PBMC-06-1,PSA02,PSA,SNG,TRUE
CATAGACGTTTACTGG,PBMC-06-1,PSX01,PSX,SNG,TRUE
CATAGACTCAATCCGA,PBMC-06-1,PSO14,PSO,SNG,TRUE
CATAGACTCCAGCTCT,PBMC-06-1,PSO12,PSO,SNG,TRUE
CATAGACTCCGCGGAT,PBMC-06-1,PSA14,PSA,SNG,FALSE
CATAGACTCGCGTCGA,PBMC-06-1,PSA02,PSA,SNG,TRUE
CATAGACTCGGATAAA,PBMC-06-1,PSA04,PSA,AMB,FALSE
CATAGACTCTATCGCC,PBMC-06-1,PSO14,PSO,DBL,FALSE
CATCAAGAGAGTAACT,PBMC-06-1,PSX04,PSX,SNG,TRUE
CATCAAGAGGACCCAA,PBMC-06-1,PSX04,PSX,SNG,TRUE
CATCAAGAGTTCCATG,PBMC-06-1,PSA14,PSA,SNG,TRUE
CATCAAGAGTTGCGCC,PBMC-06-1,PSA14,PSA,SNG,TRUE
CATCAAGCAAGCGATG,PBMC-06-1,PSA04,PSA,SNG,TRUE
CATCAAGCACACCTTC,PBMC-06-1,PSO11,PSO,SNG,FALSE
CATCAAGCACTGTCCT,PBMC-06-1,PSA17,PSA,SNG,TRUE
CATCAAGCAGCGTGAA,PBMC-06-1,PSA02,PSA,DBL,FALSE
CATCAAGCAGGAGGAG,PBMC-06-1,PSA12,PSA,SNG,TRUE
CATCAAGGTAGTATAG,PBMC-06-1,PSA03,PSA,SNG,TRUE
CATCAAGGTGCCGAAA,PBMC-06-1,PSX01,PSX,SNG,TRUE
CATCAAGGTTCCGCGA,PBMC-06-1,PSA14,PSA,SNG,TRUE
CATCAAGGTTCGCGTG,PBMC-06-1,PSA03,PSA,DBL,FALSE
CATCAAGTCAGTGTGT,PBMC-06-1,PSX04,PSX,SNG,TRUE
CATCAAGTCCGTTTCG,PBMC-06-1,PSO15,PSO,SNG,TRUE
CATCAAGTCGTTGTTT,PBMC-06-1,PSA15,PSA,SNG,FALSE
CATCAAGTCTCAACGA,PBMC-06-1,PSA05,PSA,SNG,TRUE
CATCCACCAACACAAA,PBMC-06-1,PSX01,PSX,SNG,TRUE
CATCCACGTAGCCAGA,PBMC-06-1,PSA17,PSA,SNG,TRUE
CATCCACGTAGGACTG,PBMC-06-1,PSA04,PSA,SNG,TRUE
CATCCACGTAGTGCGA,PBMC-06-1,PSA03,PSA,SNG,TRUE
CATCCACGTCACTCGG,PBMC-06-1,PSA15,PSA,SNG,TRUE
CATCCACGTCAGCTTA,PBMC-06-1,PSA14,PSA,SNG,FALSE
CATCCACGTCCATACA,PBMC-06-1,PSA03,PSA,SNG,TRUE
CATCCACGTCGAGTGA,PBMC-06-1,PSO11,PSO,DBL,FALSE
CATCCACGTCTACACA,PBMC-06-1,PSO15,PSO,DBL,FALSE
CATCCACGTCTACGTA,PBMC-06-1,PSO12,PSO,SNG,TRUE
CATCCACGTGGCATCC,PBMC-06-1,PSA15,PSA,SNG,TRUE
CATCCCACAACGTTAC,PBMC-06-1,PSO15,PSO,SNG,TRUE
CATCCCACAAGGCAAC,PBMC-06-1,PSO11,PSO,SNG,TRUE
CATCCCACAGACCCGT,PBMC-06-1,PSA05,PSA,SNG,TRUE
CATCCCACAGAGTCAG,PBMC-06-1,PSX04,PSX,SNG,TRUE
CATCCCACAGCTATAC,PBMC-06-1,PSA03,PSA,SNG,TRUE
CATCCCACAGTGCCTG,PBMC-06-1,PSO15,PSO,SNG,TRUE
CATCCCACATCCAACA,PBMC-06-1,PSA17,PSA,SNG,TRUE
CATCCCAGTGGGACAT,PBMC-06-1,PSA02,PSA,SNG,TRUE
CATCCCAGTTGTGGAG,PBMC-06-1,PSA14,PSA,SNG,TRUE
CATCCCAGTTTCCAAG,PBMC-06-1,PSA05,PSA,AMB,FALSE
CATCCGTCACCTGCAG,PBMC-06-1,PSA17,PSA,SNG,TRUE
CATCCGTCACCTGCTT,PBMC-06-1,PSX01,PSX,SNG,TRUE
CATCCGTCAGAGAGGG,PBMC-06-1,PSO12,PSO,SNG,TRUE
CATCCGTCATAACGGG,PBMC-06-1,PSO12,PSO,SNG,TRUE
CATCCGTCATGACACT,PBMC-06-1,PSA12,PSA,SNG,TRUE
CATCCGTGTACGCGTC,PBMC-06-1,PSA14,PSA,SNG,TRUE
CATCCGTGTCGAAACG,PBMC-06-1,PSO12,PSO,SNG,TRUE
CATCCGTGTGACTATC,PBMC-06-1,PSA07,PSA,SNG,FALSE
CATCCGTGTGATCGTT,PBMC-06-1,PSO15,PSO,SNG,TRUE
CATCCGTGTGTCCCTT,PBMC-06-1,PSX04,PSX,DBL,FALSE
CATCCGTGTTGTAAAG,PBMC-06-1,PSA14,PSA,SNG,TRUE
CATCGCTAGACGGTCA,PBMC-06-1,PSA05,PSA,SNG,TRUE
CATCGCTAGAGCCGAT,PBMC-06-1,PSA04,PSA,SNG,TRUE
CATCGCTAGCATCTTG,PBMC-06-1,PSO12,PSO,SNG,TRUE
CATCGCTAGCTGGCCT,PBMC-06-1,PSA07,PSA,SNG,TRUE
CATCGCTAGGGACAGG,PBMC-06-1,PSX01,PSX,SNG,FALSE
CATCGCTCAATTGCAC,PBMC-06-1,PSX01,PSX,SNG,TRUE
CATCGCTCACAGAGCA,PBMC-06-1,PSO15,PSO,SNG,TRUE
CATCGCTCACATCCCT,PBMC-06-1,PSA07,PSA,SNG,TRUE
CATCGCTCACTCACTC,PBMC-06-1,PSO11,PSO,DBL,FALSE
CATCGCTCAGGACAGT,PBMC-06-1,PSA17,PSA,SNG,FALSE
CATCGCTCAGGTTCAT,PBMC-06-1,PSA17,PSA,SNG,TRUE
CATCGCTCATCGCTAA,PBMC-06-1,PSA06,PSA,SNG,TRUE
CATCGCTCATGAGTAA,PBMC-06-1,PSA17,PSA,SNG,TRUE
CATCGCTGTACGGGAT,PBMC-06-1,PSA02,PSA,SNG,TRUE
CATCGCTGTCCTTGTC,PBMC-06-1,PSA02,PSA,SNG,TRUE
CATCGCTGTTACACTG,PBMC-06-1,PSA14,PSA,SNG,TRUE
CATCGCTGTTGCAACT,PBMC-06-1,PSX01,PSX,SNG,TRUE
CATCGCTTCAATGTCG,PBMC-06-1,PSA16,PSA,SNG,FALSE
CATCGCTTCATTTACC,PBMC-06-1,PSA17,PSA,SNG,TRUE
CATCGCTTCCGTTGGG,PBMC-06-1,PSA14,PSA,SNG,TRUE
CATCGCTTCCTAGAGT,PBMC-06-1,PSX04,PSX,SNG,TRUE
CATCGCTTCGACGTCG,PBMC-06-1,PSA05,PSA,SNG,FALSE
CATCGCTTCTAGTTCT,PBMC-06-1,PSA15,PSA,SNG,TRUE
CATCGCTTCTCGTTTA,PBMC-06-1,PSO11,PSO,SNG,TRUE
CATCGCTTCTGCGGGT,PBMC-06-1,PSA13,PSA,DBL,FALSE
CATCGGGAGACTCTTG,PBMC-06-1,PSO15,PSO,SNG,TRUE
CATCGGGAGCGATGGT,PBMC-06-1,PSO11,PSO,SNG,TRUE
CATCGGGAGCTTTCTT,PBMC-06-1,PSA17,PSA,SNG,TRUE
CATCGGGAGGAGGCAG,PBMC-06-1,PSO13,PSO,SNG,TRUE
CATCGGGAGTGCCTCG,PBMC-06-1,PSO15,PSO,SNG,TRUE
CATCGGGCAAACCATC,PBMC-06-1,PSA07,PSA,SNG,TRUE
CATCGGGCAGAAATCA,PBMC-06-1,PSA15,PSA,SNG,TRUE
CATCGGGCAGCTTTGA,PBMC-06-1,PSX01,PSX,SNG,TRUE
CATCGGGCATAGATCC,PBMC-06-1,PSA13,PSA,DBL,FALSE
CATCGGGGTACTCGAT,PBMC-06-1,PSA15,PSA,SNG,TRUE
CATCGGGGTGAACGGT,PBMC-06-1,PSA06,PSA,SNG,TRUE
CATCGGGGTGAATTAG,PBMC-06-1,PSA02,PSA,SNG,TRUE
CATCGGGGTGGAACAC,PBMC-06-1,PSA06,PSA,SNG,FALSE
CATCGGGGTGTCTCCT,PBMC-06-1,PSX01,PSX,SNG,TRUE
CATCGGGGTTTACGTG,PBMC-06-1,PSA17,PSA,SNG,TRUE
CATCGGGTCAGTCATG,PBMC-06-1,PSA12,PSA,DBL,FALSE
CATCGGGTCGTAGTGT,PBMC-06-1,PSA02,PSA,SNG,TRUE
CATCGGGTCTCGACGG,PBMC-06-1,PSO11,PSO,DBL,FALSE
CATCGTCAGCTCAGAG,PBMC-06-1,PSX01,PSX,SNG,TRUE
CATCGTCCACAATGCT,PBMC-06-1,PSA17,PSA,SNG,TRUE
CATCGTCCACTGAATC,PBMC-06-1,PSA03,PSA,SNG,TRUE
CATCGTCCAGAACGCA,PBMC-06-1,PSX01,PSX,SNG,TRUE
CATCGTCCAGTTAGGG,PBMC-06-1,PSA15,PSA,SNG,TRUE
CATCGTCGTACTCAAC,PBMC-06-1,PSA02,PSA,DBL,FALSE
CATCGTCGTACTTGTG,PBMC-06-1,PSX01,PSX,SNG,FALSE
CATCGTCGTCCACGCA,PBMC-06-1,PSA03,PSA,DBL,FALSE
CATCGTCGTCCGTTTC,PBMC-06-1,PSA06,PSA,SNG,FALSE
CATCGTCGTGAGGAAA,PBMC-06-1,PSO15,PSO,DBL,FALSE
CATCGTCTCAACGAGG,PBMC-06-1,PSA02,PSA,SNG,TRUE
CATCGTCTCCCAAGTA,PBMC-06-1,PSO15,PSO,SNG,TRUE
CATGAGTAGAAGCCTG,PBMC-06-1,PSA07,PSA,SNG,TRUE
CATGAGTAGAAGCGCT,PBMC-06-1,PSA05,PSA,DBL,FALSE
CATGAGTAGACCATGG,PBMC-06-1,PSX01,PSX,DBL,FALSE
CATGAGTAGACTGAGC,PBMC-06-1,PSA02,PSA,SNG,TRUE
CATGAGTAGATGGCAC,PBMC-06-1,PSA16,PSA,SNG,TRUE
CATGAGTAGCATCCCG,PBMC-06-1,PSO12,PSO,SNG,TRUE
CATGAGTAGGTGCTAG,PBMC-06-1,PSO13,PSO,AMB,FALSE
CATGAGTCACGTCGTG,PBMC-06-1,PSA17,PSA,SNG,TRUE
CATGAGTCAGAGGTTG,PBMC-06-1,PSX04,PSX,SNG,TRUE
CATGAGTCATGTAACC,PBMC-06-1,PSA12,PSA,SNG,FALSE
CATGAGTGTACATTGC,PBMC-06-1,PSA07,PSA,SNG,TRUE
CATGAGTGTCACTCTC,PBMC-06-1,PSA13,PSA,SNG,TRUE
CATGAGTGTTTCGATG,PBMC-06-1,PSO15,PSO,SNG,TRUE
CATGAGTTCCACGTAA,PBMC-06-1,PSA03,PSA,SNG,FALSE
CATGAGTTCCGTGTAA,PBMC-06-1,PSO14,PSO,SNG,TRUE
CATGAGTTCGCGTGCA,PBMC-06-1,PSA06,PSA,DBL,FALSE
CATGAGTTCGCTACGG,PBMC-06-1,PSX01,PSX,SNG,TRUE
CATGAGTTCGCTTTAT,PBMC-06-1,PSA12,PSA,SNG,TRUE
CATGAGTTCTCTGACC,PBMC-06-1,PSA17,PSA,SNG,TRUE
CATGCAACAAGATTGA,PBMC-06-1,PSA04,PSA,DBL,FALSE
CATGCAACAAGCTGTT,PBMC-06-1,PSO12,PSO,SNG,FALSE
CATGCAACAGGAGGTT,PBMC-06-1,PSO13,PSO,SNG,FALSE
CATGCAACAGTTCACA,PBMC-06-1,PSA13,PSA,SNG,TRUE
CATGCAACATCGATCA,PBMC-06-1,PSA02,PSA,SNG,TRUE
CATGCAAGTAGCGAGT,PBMC-06-1,PSA03,PSA,SNG,TRUE
CATGCAAGTATAGGGC,PBMC-06-1,PSO13,PSO,SNG,TRUE
CATGCAAGTATCGAAA,PBMC-06-1,PSA15,PSA,AMB,FALSE
CATGCAAGTATTAAGG,PBMC-06-1,PSA12,PSA,DBL,FALSE
CATGCAAGTCAGTCTA,PBMC-06-1,PSA14,PSA,SNG,TRUE
CATGCAAGTCTTACAG,PBMC-06-1,PSO12,PSO,SNG,TRUE
CATGCAAGTGCGAACA,PBMC-06-1,PSA17,PSA,DBL,FALSE
CATGCAAGTGCTCGTG,PBMC-06-1,PSO11,PSO,DBL,FALSE
CATGCAAGTTAGCGGA,PBMC-06-1,PSA14,PSA,SNG,TRUE
CATGCCTAGAATACAC,PBMC-06-1,PSA14,PSA,DBL,FALSE
CATGCCTAGACATCAA,PBMC-06-1,PSA02,PSA,SNG,TRUE
CATGCCTAGGATTACA,PBMC-06-1,PSO11,PSO,SNG,TRUE
CATGCCTAGGTAAGTT,PBMC-06-1,PSX01,PSX,SNG,TRUE
CATGCCTCACAAGTGG,PBMC-06-1,PSA17,PSA,DBL,FALSE
CATGCCTCACAAGTTC,PBMC-06-1,PSA15,PSA,DBL,FALSE
CATGCCTCACGAGAAC,PBMC-06-1,PSA14,PSA,DBL,FALSE
CATGCCTCAGAAGTTA,PBMC-06-1,PSA17,PSA,SNG,TRUE
CATGCCTCAGAGGTTG,PBMC-06-1,PSA12,PSA,SNG,TRUE
CATGCCTCAGCAGACA,PBMC-06-1,PSA17,PSA,SNG,TRUE
CATGCCTCAGTGGGTA,PBMC-06-1,PSA04,PSA,SNG,TRUE
CATGCCTCATGGAATA,PBMC-06-1,PSX01,PSX,SNG,TRUE
CATGCCTTCAAATGCC,PBMC-06-1,PSA07,PSA,SNG,TRUE
CATGCCTTCACCCTGT,PBMC-06-1,PSA16,PSA,SNG,TRUE
CATGCCTTCAGAGCGA,PBMC-06-1,PSA07,PSA,SNG,TRUE
CATGCCTTCATACGAC,PBMC-06-1,PSA15,PSA,SNG,TRUE
CATGCCTTCGAAACAA,PBMC-06-1,PSA02,PSA,SNG,TRUE
CATGCCTTCGTTATCT,PBMC-06-1,PSA07,PSA,DBL,FALSE
CATGCCTTCTGAATGC,PBMC-06-1,PSA06,PSA,AMB,FALSE
CATGCGGAGAAGTCCG,PBMC-06-1,PSO14,PSO,DBL,FALSE
CATGCGGAGCTTTGTG,PBMC-06-1,PSA06,PSA,SNG,FALSE
CATGCGGAGGCCTAAG,PBMC-06-1,PSA14,PSA,SNG,TRUE
CATGCGGCACATGAAA,PBMC-06-1,PSA16,PSA,SNG,TRUE
CATGCGGCACCCATAA,PBMC-06-1,PSX04,PSX,SNG,TRUE
CATGCGGCACTACCCT,PBMC-06-1,PSA07,PSA,SNG,TRUE
CATGCGGCATCGATGT,PBMC-06-1,PSA17,PSA,DBL,FALSE
CATGCGGGTCCAGGTC,PBMC-06-1,PSA03,PSA,SNG,TRUE
CATGCGGGTCCCAAAT,PBMC-06-1,PSO15,PSO,SNG,TRUE
CATGCGGTCAACTGGT,PBMC-06-1,PSO11,PSO,SNG,TRUE
CATGCGGTCAGCTGTA,PBMC-06-1,PSA03,PSA,SNG,TRUE
CATGCGGTCATTGGTG,PBMC-06-1,PSA02,PSA,AMB,FALSE
CATGCGGTCCGTGCGA,PBMC-06-1,PSO15,PSO,SNG,TRUE
CATGCGGTCGGACCAC,PBMC-06-1,PSA04,PSA,SNG,TRUE
CATGCTCAGAATCGCG,PBMC-06-1,PSA16,PSA,SNG,FALSE
CATGCTCAGAGCCGAT,PBMC-06-1,PSO11,PSO,DBL,FALSE
CATGCTCAGCCTCGTG,PBMC-06-1,PSA16,PSA,SNG,TRUE
CATGCTCAGGATAATC,PBMC-06-1,PSX01,PSX,DBL,FALSE
CATGCTCCAAATCAGA,PBMC-06-1,PSA05,PSA,SNG,TRUE
CATGCTCCAAGTCCAT,PBMC-06-1,PSO11,PSO,SNG,TRUE
CATGCTCCACGAAGAC,PBMC-06-1,PSA06,PSA,DBL,FALSE
CATGCTCCATACATCG,PBMC-06-1,PSA07,PSA,SNG,FALSE
CATGCTCCATGACGGA,PBMC-06-1,PSA03,PSA,SNG,TRUE
CATGCTCCATGGGAAC,PBMC-06-1,PSA14,PSA,SNG,FALSE
CATGCTCGTATCCTTT,PBMC-06-1,PSA07,PSA,SNG,TRUE
CATGCTCGTATGACAA,PBMC-06-1,PSO12,PSO,DBL,FALSE
CATGCTCGTGCTCCGA,PBMC-06-1,PSA07,PSA,SNG,TRUE
CATGCTCGTGGTTTAC,PBMC-06-1,PSA02,PSA,SNG,TRUE
CATGCTCTCATGCTAG,PBMC-06-1,PSA03,PSA,SNG,TRUE
CATGCTCTCCCTCATG,PBMC-06-1,PSA04,PSA,SNG,TRUE
CATGCTCTCCCTGGTT,PBMC-06-1,PSX01,PSX,SNG,TRUE
CATGCTCTCGAGAAAT,PBMC-06-1,PSO14,PSO,DBL,FALSE
CATGCTCTCGGCACTG,PBMC-06-1,PSO14,PSO,DBL,FALSE
CATGCTCTCGTAGCCG,PBMC-06-1,PSA02,PSA,SNG,TRUE
CATGCTCTCTGCATGA,PBMC-06-1,PSO14,PSO,SNG,FALSE
CATGGATAGAGAGGGC,PBMC-06-1,PSA16,PSA,SNG,TRUE
CATGGATAGCGTTCCG,PBMC-06-1,PSA14,PSA,SNG,TRUE
CATGGATCAAATCGTC,PBMC-06-1,PSA16,PSA,SNG,TRUE
CATGGATCACACGGTC,PBMC-06-1,PSA07,PSA,SNG,TRUE
CATGGATCACATTGTG,PBMC-06-1,PSX04,PSX,SNG,TRUE
CATGGATCACGTGTGC,PBMC-06-1,PSO15,PSO,SNG,TRUE
CATGGATCAGCTGGTC,PBMC-06-1,PSA15,PSA,SNG,TRUE
CATGGATCAGGTCAAG,PBMC-06-1,PSA13,PSA,SNG,TRUE
CATGGATCATTAAAGG,PBMC-06-1,PSO15,PSO,DBL,FALSE
CATGGATGTACCTGTA,PBMC-06-1,PSO15,PSO,DBL,FALSE
CATGGATGTTCAATCG,PBMC-06-1,PSA12,PSA,SNG,TRUE
CATGGATGTTCCCACT,PBMC-06-1,PSA05,PSA,AMB,FALSE
CATGGATGTTGCTTGA,PBMC-06-1,PSA07,PSA,SNG,TRUE
CATGGATTCCTCTTTC,PBMC-06-1,PSA07,PSA,SNG,TRUE
CATGGATTCGCTAATG,PBMC-06-1,PSO13,PSO,SNG,FALSE
CATGGATTCTAAACGC,PBMC-06-1,PSO12,PSO,SNG,TRUE
CATGGATTCTTGGCTC,PBMC-06-1,PSA07,PSA,AMB,FALSE
CATGGTAAGACTTAAG,PBMC-06-1,PSX01,PSX,SNG,TRUE
CATGGTAAGAGTACCG,PBMC-06-1,PSA17,PSA,SNG,TRUE
CATGGTAAGCACTCAT,PBMC-06-1,PSA03,PSA,SNG,TRUE
CATGGTAAGGTCGACA,PBMC-06-1,PSA04,PSA,AMB,FALSE
CATGGTAAGTGAACAT,PBMC-06-1,PSA13,PSA,SNG,TRUE
CATGGTACAAAGGTTA,PBMC-06-1,PSA02,PSA,SNG,TRUE
CATGGTACAAAGTATG,PBMC-06-1,PSA14,PSA,SNG,TRUE
CATGGTACACAAATAG,PBMC-06-1,PSA14,PSA,SNG,TRUE
CATGGTACACAAGCCC,PBMC-06-1,PSA03,PSA,DBL,FALSE
CATGGTACACAGCTTA,PBMC-06-1,PSO12,PSO,SNG,TRUE
CATGGTACACTAGGTT,PBMC-06-1,PSA07,PSA,SNG,FALSE
CATGGTACAGTAGTTC,PBMC-06-1,PSA02,PSA,DBL,FALSE
CATGGTACATAGTCAC,PBMC-06-1,PSO11,PSO,SNG,TRUE
CATGGTAGTAACACCT,PBMC-06-1,PSA02,PSA,SNG,TRUE
CATGGTAGTACAAAGT,PBMC-06-1,PSO11,PSO,DBL,FALSE
CATGGTAGTCTCAGAT,PBMC-06-1,PSA02,PSA,SNG,TRUE
CATGGTAGTCTTTCTA,PBMC-06-1,PSO15,PSO,SNG,TRUE
CATGGTATCAGCCCAG,PBMC-06-1,PSA05,PSA,DBL,FALSE
CATGGTATCCCAATAG,PBMC-06-1,PSA12,PSA,SNG,TRUE
CATGGTATCCTACGAA,PBMC-06-1,PSA05,PSA,SNG,TRUE
CATGGTATCGAACGGA,PBMC-06-1,PSA05,PSA,SNG,TRUE
CATGGTATCGCTTAAG,PBMC-06-1,PSX01,PSX,SNG,TRUE
CATGGTATCTAGTCAG,PBMC-06-1,PSA05,PSA,SNG,TRUE
CATTCATAGACAGCTG,PBMC-06-1,PSO15,PSO,SNG,FALSE
CATTCATAGACATCAA,PBMC-06-1,PSX01,PSX,DBL,FALSE
CATTCATAGATGGGCT,PBMC-06-1,PSA15,PSA,SNG,TRUE
CATTCATAGCCATGCC,PBMC-06-1,PSA04,PSA,AMB,FALSE
CATTCATAGCGCCTCA,PBMC-06-1,PSX04,PSX,SNG,TRUE
CATTCATAGCTCTTCC,PBMC-06-1,PSA03,PSA,DBL,FALSE
CATTCATCAATAGTGA,PBMC-06-1,PSO16,PSO,SNG,TRUE
CATTCATCACACACGC,PBMC-06-1,PSA07,PSA,SNG,TRUE
CATTCATCACGCCAGT,PBMC-06-1,PSO14,PSO,SNG,TRUE
CATTCATCACGCTGCA,PBMC-06-1,PSO12,PSO,SNG,TRUE
CATTCATGTATGACAA,PBMC-06-1,PSA14,PSA,SNG,FALSE
CATTCATGTATGGGAC,PBMC-06-1,PSA05,PSA,SNG,TRUE
CATTCATGTCAACGCC,PBMC-06-1,PSA12,PSA,SNG,FALSE
CATTCATGTCGAATGG,PBMC-06-1,PSA02,PSA,SNG,TRUE
CATTCATTCAACTTTC,PBMC-06-1,PSO11,PSO,SNG,TRUE
CATTCATTCACGTAGT,PBMC-06-1,PSA07,PSA,SNG,FALSE
CATTCATTCATACAGC,PBMC-06-1,PSA12,PSA,SNG,TRUE
CATTCATTCATACGGT,PBMC-06-1,PSO11,PSO,SNG,TRUE
CATTCATTCATGACAC,PBMC-06-1,PSA15,PSA,SNG,TRUE
CATTCATTCGGTAGGA,PBMC-06-1,PSX04,PSX,SNG,TRUE
CATTCATTCGGTCGGT,PBMC-06-1,PSX04,PSX,DBL,FALSE
CATTCATTCGTGCATA,PBMC-06-1,PSA17,PSA,SNG,TRUE
CATTCATTCTCCTACG,PBMC-06-1,PSA04,PSA,SNG,FALSE
CATTCATTCTGTAACG,PBMC-06-1,PSA07,PSA,SNG,FALSE
CATTCATTCTTCACGC,PBMC-06-1,PSO11,PSO,SNG,TRUE
CATTCCGAGACGAAGA,PBMC-06-1,PSO12,PSO,SNG,TRUE
CATTCCGAGACTTGTC,PBMC-06-1,PSA15,PSA,SNG,TRUE
CATTCCGAGAGCATTA,PBMC-06-1,PSA02,PSA,SNG,TRUE
CATTCCGAGGGAGGAC,PBMC-06-1,PSA16,PSA,SNG,TRUE
CATTCCGCAAATAAGC,PBMC-06-1,PSA06,PSA,SNG,FALSE
CATTCCGCAACTACGT,PBMC-06-1,PSA13,PSA,SNG,TRUE
CATTCCGCAAGAGCTG,PBMC-06-1,PSA06,PSA,SNG,TRUE
CATTCCGCAAGTAGTA,PBMC-06-1,PSA16,PSA,SNG,TRUE
CATTCCGCACTGAGTT,PBMC-06-1,PSX01,PSX,SNG,FALSE
CATTCCGCAGCGTTTA,PBMC-06-1,PSO15,PSO,SNG,TRUE
CATTCCGGTATCGGTT,PBMC-06-1,PSA17,PSA,SNG,TRUE
CATTCCGGTCACGCTG,PBMC-06-1,PSA07,PSA,SNG,TRUE
CATTCCGGTCAGACTT,PBMC-06-1,PSO15,PSO,SNG,TRUE
CATTCCGGTCCTTGTC,PBMC-06-1,PSX01,PSX,SNG,TRUE
CATTCCGGTTACCCAA,PBMC-06-1,PSX04,PSX,SNG,TRUE
CATTCCGGTTGCATTG,PBMC-06-1,PSA16,PSA,SNG,TRUE
CATTCCGGTTTGGGAG,PBMC-06-1,PSO14,PSO,AMB,FALSE
CATTCCGTCAGAACCT,PBMC-06-1,PSA13,PSA,SNG,TRUE
CATTCCGTCATCGCCT,PBMC-06-1,PSA02,PSA,SNG,TRUE
CATTCCGTCCAATGCA,PBMC-06-1,PSA14,PSA,SNG,TRUE
CATTCCGTCGACATCA,PBMC-06-1,PSA17,PSA,SNG,TRUE
CATTCCGTCTACGGGC,PBMC-06-1,PSX04,PSX,SNG,TRUE
CATTCTAAGAATCGTA,PBMC-06-1,PSO15,PSO,SNG,TRUE
CATTCTAAGAGCTTTC,PBMC-06-1,PSA07,PSA,SNG,TRUE
CATTCTAAGATACTGA,PBMC-06-1,PSA12,PSA,SNG,TRUE
CATTCTAAGATCCCAT,PBMC-06-1,PSA13,PSA,SNG,TRUE
CATTCTAAGCGTCTGC,PBMC-06-1,PSX01,PSX,SNG,FALSE
CATTCTAAGCGTTCAT,PBMC-06-1,PSA05,PSA,SNG,TRUE
CATTCTAAGGTATAGT,PBMC-06-1,PSO11,PSO,SNG,TRUE
CATTCTACAATCAGCT,PBMC-06-1,PSA17,PSA,SNG,TRUE
CATTCTACATGGCGCT,PBMC-06-1,PSX01,PSX,SNG,FALSE
CATTCTAGTGGGCTCT,PBMC-06-1,PSX01,PSX,DBL,FALSE
CATTCTAGTTCATCGA,PBMC-06-1,PSA17,PSA,SNG,TRUE
CATTCTATCCAAGAGG,PBMC-06-1,PSA15,PSA,SNG,FALSE
CATTCTATCCTACTGC,PBMC-06-1,PSA03,PSA,SNG,TRUE
CATTCTATCCTTTAGT,PBMC-06-1,PSA17,PSA,SNG,TRUE
CATTCTATCGATAACC,PBMC-06-1,PSX04,PSX,SNG,FALSE
CATTCTATCGCGGTAC,PBMC-06-1,PSA02,PSA,DBL,FALSE
CATTCTATCTCGTGAA,PBMC-06-1,PSA07,PSA,SNG,TRUE
CATTCTATCTTACCAT,PBMC-06-1,PSA07,PSA,SNG,TRUE
CATTGAGAGAAAGTCT,PBMC-06-1,PSA07,PSA,SNG,FALSE
CATTGAGAGCGCTGAA,PBMC-06-1,PSA02,PSA,SNG,FALSE
CATTGAGAGGTTCCAT,PBMC-06-1,PSA12,PSA,SNG,TRUE
CATTGAGCAACACGTT,PBMC-06-1,PSA04,PSA,SNG,TRUE
CATTGAGCACATCCCT,PBMC-06-1,PSA17,PSA,SNG,TRUE
CATTGAGCAGAGAGGG,PBMC-06-1,PSO15,PSO,SNG,TRUE
CATTGAGGTACGAAAT,PBMC-06-1,PSA02,PSA,SNG,TRUE
CATTGAGGTAGCTTAC,PBMC-06-1,PSA04,PSA,SNG,TRUE
CATTGAGGTAGCTTGT,PBMC-06-1,PSO15,PSO,SNG,TRUE
CATTGAGGTGCACAAG,PBMC-06-1,PSA07,PSA,SNG,TRUE
CATTGAGGTGTCCATA,PBMC-06-1,PSA05,PSA,DBL,FALSE
CATTGAGGTTAGAAAC,PBMC-06-1,PSX01,PSX,SNG,TRUE
CATTGAGGTTCGAGCC,PBMC-06-1,PSA03,PSA,DBL,FALSE
CATTGAGGTTGGCCGT,PBMC-06-1,PSA17,PSA,SNG,TRUE
CATTGAGTCCAATGCA,PBMC-06-1,PSA04,PSA,SNG,TRUE
CATTGAGTCCCGTAAA,PBMC-06-1,PSA16,PSA,SNG,TRUE
CATTGAGTCCGACATA,PBMC-06-1,PSA17,PSA,SNG,TRUE
CATTGAGTCTCTCCGA,PBMC-06-1,PSO12,PSO,SNG,TRUE
CATTGAGTCTTCGGAA,PBMC-06-1,PSO14,PSO,DBL,FALSE
CATTGCCAGAAGGCTC,PBMC-06-1,PSO12,PSO,SNG,TRUE
CATTGCCAGCAGCGAT,PBMC-06-1,PSA14,PSA,SNG,FALSE
CATTGCCAGCCGTTAT,PBMC-06-1,PSA07,PSA,SNG,TRUE
CATTGCCAGTATGAGT,PBMC-06-1,PSA17,PSA,SNG,TRUE
CATTGCCAGTCATGCT,PBMC-06-1,PSA04,PSA,SNG,TRUE
CATTGCCCAAGAGTGC,PBMC-06-1,PSX04,PSX,SNG,TRUE
CATTGCCCACCAATTG,PBMC-06-1,PSO14,PSO,SNG,FALSE
CATTGCCCACTGGCCA,PBMC-06-1,PSA13,PSA,SNG,FALSE
CATTGCCCAGAGGACT,PBMC-06-1,PSA04,PSA,SNG,TRUE
CATTGCCCAGCATGCC,PBMC-06-1,PSA07,PSA,SNG,TRUE
CATTGCCCAGCGAACA,PBMC-06-1,PSX01,PSX,SNG,TRUE
CATTGCCCAGTGTGGA,PBMC-06-1,PSA02,PSA,SNG,TRUE
CATTGCCGTAGTGCGA,PBMC-06-1,PSO13,PSO,SNG,TRUE
CATTGCCGTGCCCGTA,PBMC-06-1,PSA07,PSA,SNG,TRUE
CATTGCCGTGGTGATG,PBMC-06-1,PSA04,PSA,SNG,FALSE
CATTGCCTCATTATCC,PBMC-06-1,PSO15,PSO,DBL,FALSE
CATTGCCTCATTTGCT,PBMC-06-1,PSO15,PSO,DBL,FALSE
CATTGCCTCCTCAGGG,PBMC-06-1,PSA13,PSA,SNG,TRUE
CATTGCCTCGCAATTG,PBMC-06-1,PSA17,PSA,SNG,TRUE
CATTGCCTCTAGAACC,PBMC-06-1,PSA03,PSA,DBL,FALSE
CATTGCCTCTGCCCTA,PBMC-06-1,PSA12,PSA,SNG,TRUE
CATTGTTAGCTCTGTA,PBMC-06-1,PSX04,PSX,SNG,TRUE
CATTGTTAGTTGCATC,PBMC-06-1,PSA04,PSA,SNG,TRUE
CATTGTTCAATCAGCT,PBMC-06-1,PSA07,PSA,SNG,TRUE
CATTGTTCAGAGGGTT,PBMC-06-1,PSO12,PSO,SNG,TRUE
CATTGTTCAGCCATTA,PBMC-06-1,PSA07,PSA,SNG,TRUE
CATTGTTCATAGCTGT,PBMC-06-1,PSA13,PSA,SNG,TRUE
CATTGTTGTGCCGAAA,PBMC-06-1,PSO11,PSO,SNG,TRUE
CATTGTTGTTCAGTAC,PBMC-06-1,PSO15,PSO,DBL,FALSE
CATTGTTTCAGTCCGG,PBMC-06-1,PSX01,PSX,SNG,TRUE
CATTGTTTCCAGGACC,PBMC-06-1,PSA02,PSA,SNG,FALSE
CATTGTTTCCCAGGCA,PBMC-06-1,PSA14,PSA,SNG,TRUE
CATTGTTTCCCATAGA,PBMC-06-1,PSA07,PSA,SNG,TRUE
CATTGTTTCGCCAATA,PBMC-06-1,PSA15,PSA,SNG,TRUE
CATTGTTTCGTGCATA,PBMC-06-1,PSA02,PSA,SNG,TRUE
CATTTCAAGGCTTTCA,PBMC-06-1,PSA13,PSA,SNG,TRUE
CATTTCAAGGTTAGTA,PBMC-06-1,PSX04,PSX,SNG,TRUE
CATTTCAAGTAACGAT,PBMC-06-1,PSA17,PSA,SNG,TRUE
CATTTCACAATTGCCA,PBMC-06-1,PSA13,PSA,SNG,TRUE
CATTTCACACAAGTGG,PBMC-06-1,PSA06,PSA,DBL,FALSE
CATTTCACACGCTGCA,PBMC-06-1,PSX01,PSX,SNG,FALSE
CATTTCACAGCTGTTA,PBMC-06-1,PSO12,PSO,DBL,FALSE
CATTTCACAGTAACAA,PBMC-06-1,PSA17,PSA,SNG,TRUE
CATTTCACATGACGTT,PBMC-06-1,PSO15,PSO,SNG,TRUE
CATTTCAGTACGCGTC,PBMC-06-1,PSO14,PSO,SNG,TRUE
CATTTCAGTATCGCTA,PBMC-06-1,PSA03,PSA,SNG,TRUE
CATTTCAGTATCTTCT,PBMC-06-1,PSO15,PSO,SNG,TRUE
CATTTCAGTCCGGTGT,PBMC-06-1,PSA06,PSA,SNG,TRUE
CATTTCAGTGAGGAAA,PBMC-06-1,PSA07,PSA,SNG,TRUE
CATTTCAGTGTCCACG,PBMC-06-1,PSA12,PSA,SNG,TRUE
CATTTCAGTTATCCAG,PBMC-06-1,PSA03,PSA,SNG,TRUE
CATTTCAGTTCTCGTC,PBMC-06-1,PSO15,PSO,SNG,FALSE
CATTTCAGTTCTGAGT,PBMC-06-1,PSA07,PSA,SNG,TRUE
CATTTCAGTTTACCTT,PBMC-06-1,PSA07,PSA,SNG,TRUE
CATTTCATCAGCCTCT,PBMC-06-1,PSA14,PSA,SNG,TRUE
CATTTCATCCAGTTCC,PBMC-06-1,PSO12,PSO,DBL,FALSE
CATTTCATCCCTCATG,PBMC-06-1,PSA07,PSA,SNG,TRUE
CATTTCATCGTAGTCA,PBMC-06-1,PSA15,PSA,SNG,TRUE
CATTTCATCTCGGTAA,PBMC-06-1,PSA05,PSA,SNG,TRUE
CCAAGCGAGACTTCCA,PBMC-06-1,PSA02,PSA,SNG,TRUE
CCAAGCGAGATGGTCG,PBMC-06-1,PSO12,PSO,DBL,FALSE
CCAAGCGAGGGTATAT,PBMC-06-1,PSA12,PSA,DBL,FALSE
CCAAGCGAGGTCGTCC,PBMC-06-1,PSA06,PSA,DBL,FALSE
CCAAGCGAGTGGTCAG,PBMC-06-1,PSX01,PSX,SNG,FALSE
CCAAGCGCAAACCACT,PBMC-06-1,PSA17,PSA,DBL,FALSE
CCAAGCGCAGTAGAAT,PBMC-06-1,PSA02,PSA,SNG,TRUE
CCAAGCGCATCACGGC,PBMC-06-1,PSA13,PSA,SNG,TRUE
CCAAGCGGTACTCGAT,PBMC-06-1,PSA04,PSA,SNG,TRUE
CCAAGCGGTTGGCCGT,PBMC-06-1,PSA17,PSA,SNG,TRUE
CCAAGCGGTTTCGTAG,PBMC-06-1,PSO12,PSO,AMB,FALSE
CCAAGCGTCATTCGGA,PBMC-06-1,PSO13,PSO,DBL,FALSE
CCAAGCGTCCACTGGG,PBMC-06-1,PSX01,PSX,SNG,TRUE
CCAAGCGTCTAGTGTG,PBMC-06-1,PSA06,PSA,SNG,FALSE
CCAAGCGTCTGCATGA,PBMC-06-1,PSA07,PSA,SNG,FALSE
CCAAGCGTCTTCGCTG,PBMC-06-1,PSA14,PSA,SNG,TRUE
CCAATGAAGACCAGCA,PBMC-06-1,PSO16,PSO,SNG,TRUE
CCAATGAAGCATATGA,PBMC-06-1,PSO15,PSO,SNG,FALSE
CCAATGAAGCCTTTGA,PBMC-06-1,PSA06,PSA,SNG,TRUE
CCAATGAAGGCCACCT,PBMC-06-1,PSX01,PSX,SNG,FALSE
CCAATGAAGGCTAAAT,PBMC-06-1,PSA13,PSA,SNG,TRUE
CCAATGAAGTTCACTG,PBMC-06-1,PSO11,PSO,SNG,FALSE
CCAATGAAGTTGGAGC,PBMC-06-1,PSO12,PSO,SNG,FALSE
CCAATGACAATGAAAC,PBMC-06-1,PSX01,PSX,SNG,FALSE
CCAATGACACTGTGAT,PBMC-06-1,PSA16,PSA,SNG,TRUE
CCAATGACACTTGGGC,PBMC-06-1,PSA16,PSA,SNG,TRUE
CCAATGACAGGAAGTC,PBMC-06-1,PSO12,PSO,SNG,TRUE
CCAATGAGTATCGATC,PBMC-06-1,PSA03,PSA,SNG,TRUE
CCAATGAGTCAGACTT,PBMC-06-1,PSO15,PSO,SNG,TRUE
CCAATGAGTCGGCACT,PBMC-06-1,PSO12,PSO,SNG,TRUE
CCAATGAGTGAGCCAA,PBMC-06-1,PSO12,PSO,DBL,FALSE
CCAATGAGTTTCCATT,PBMC-06-1,PSA02,PSA,DBL,FALSE
CCAATGATCAAGGACG,PBMC-06-1,PSA04,PSA,SNG,TRUE
CCAATGATCAATGCAC,PBMC-06-1,PSA16,PSA,SNG,TRUE
CCAATGATCATACGGT,PBMC-06-1,PSO15,PSO,SNG,TRUE
CCAATGATCGCAGAGA,PBMC-06-1,PSA17,PSA,SNG,TRUE
CCAATGATCGTCAAAC,PBMC-06-1,PSA12,PSA,SNG,TRUE
CCAATGATCGTCAACA,PBMC-06-1,PSA03,PSA,SNG,TRUE
CCAATGATCTCGGTCT,PBMC-06-1,PSA04,PSA,SNG,FALSE
CCAATGATCTCGTCAC,PBMC-06-1,PSO14,PSO,AMB,FALSE
CCAATGATCTCTCGCA,PBMC-06-1,PSX01,PSX,SNG,TRUE
CCAATTTAGAAAGCGA,PBMC-06-1,PSX04,PSX,SNG,TRUE
CCAATTTAGACCCGCT,PBMC-06-1,PSA14,PSA,DBL,FALSE
CCAATTTAGCACCGTC,PBMC-06-1,PSA07,PSA,DBL,FALSE
CCAATTTCACAAGGTG,PBMC-06-1,PSA17,PSA,SNG,TRUE
CCAATTTCACAATCTG,PBMC-06-1,PSA12,PSA,SNG,TRUE
CCAATTTCAGAACGCA,PBMC-06-1,PSA14,PSA,SNG,TRUE
CCAATTTCAGCCCAGT,PBMC-06-1,PSO12,PSO,DBL,FALSE
CCAATTTGTACGATGG,PBMC-06-1,PSX01,PSX,SNG,TRUE
CCAATTTGTCTCAGAT,PBMC-06-1,PSO15,PSO,SNG,TRUE
CCAATTTGTGCCTGCA,PBMC-06-1,PSX01,PSX,SNG,TRUE
CCAATTTGTTGCATAC,PBMC-06-1,PSX01,PSX,SNG,FALSE
CCAATTTTCCATGAGT,PBMC-06-1,PSA07,PSA,DBL,FALSE
CCAATTTTCCCATTCG,PBMC-06-1,PSO11,PSO,SNG,TRUE
CCAATTTTCCGGCAGT,PBMC-06-1,PSA15,PSA,SNG,TRUE
CCAATTTTCCGTAATG,PBMC-06-1,PSA07,PSA,SNG,TRUE
CCAATTTTCGTCTCAC,PBMC-06-1,PSA02,PSA,SNG,TRUE
CCAATTTTCTAAGAAG,PBMC-06-1,PSA06,PSA,SNG,TRUE
CCACAAAAGACGCCCT,PBMC-06-1,PSX01,PSX,SNG,FALSE
CCACAAAAGTTGCGAG,PBMC-06-1,PSA15,PSA,SNG,TRUE
CCACAAAAGTTGGCGA,PBMC-06-1,PSO12,PSO,SNG,FALSE
CCACAAACAACGATCT,PBMC-06-1,PSA16,PSA,SNG,TRUE
CCACAAACACAGAGCA,PBMC-06-1,PSA12,PSA,SNG,TRUE
CCACAAACACTACCGG,PBMC-06-1,PSA15,PSA,SNG,TRUE
CCACAAACACTCTCGT,PBMC-06-1,PSO14,PSO,DBL,FALSE
CCACAAACACTGCATA,PBMC-06-1,PSX04,PSX,SNG,TRUE
CCACAAACAGTTAGGG,PBMC-06-1,PSO11,PSO,SNG,TRUE
CCACAAACATGATAGA,PBMC-06-1,PSO14,PSO,SNG,TRUE
CCACAAAGTACTAGCT,PBMC-06-1,PSA14,PSA,SNG,TRUE
CCACAAAGTAGATTAG,PBMC-06-1,PSA16,PSA,SNG,FALSE
CCACAAAGTATCGTTG,PBMC-06-1,PSO12,PSO,SNG,FALSE
CCACAAAGTCTACTGA,PBMC-06-1,PSO15,PSO,DBL,FALSE
CCACAAAGTGTTCGTA,PBMC-06-1,PSO15,PSO,SNG,TRUE
CCACAAAGTGTTTACG,PBMC-06-1,PSX01,PSX,SNG,TRUE
CCACAAAGTTCCGCTT,PBMC-06-1,PSA04,PSA,SNG,TRUE
CCACAAAGTTCCTTGC,PBMC-06-1,PSA13,PSA,SNG,TRUE
CCACAAATCTGCAGCG,PBMC-06-1,PSO16,PSO,AMB,FALSE
CCACAAATCTGCGGGT,PBMC-06-1,PSA17,PSA,SNG,TRUE
CCACAAATCTGTCCCA,PBMC-06-1,PSA17,PSA,SNG,TRUE
CCACACTCAAATACAG,PBMC-06-1,PSX01,PSX,SNG,TRUE
CCACACTCAAGACGGT,PBMC-06-1,PSA05,PSA,SNG,TRUE
CCACACTCACGGTGCT,PBMC-06-1,PSA12,PSA,SNG,TRUE
CCACACTCACTGAGGA,PBMC-06-1,PSA16,PSA,SNG,TRUE
CCACACTCATACAGAA,PBMC-06-1,PSA02,PSA,SNG,TRUE
CCACACTCATGGGTTT,PBMC-06-1,PSA15,PSA,SNG,FALSE
CCACACTGTACTGACT,PBMC-06-1,PSA17,PSA,DBL,FALSE
CCACACTGTCAGGAGT,PBMC-06-1,PSO15,PSO,SNG,TRUE
CCACACTGTCCTATAG,PBMC-06-1,PSA03,PSA,SNG,TRUE
CCACACTGTGGCTACC,PBMC-06-1,PSA17,PSA,AMB,FALSE
CCACCATAGCCAAGTG,PBMC-06-1,PSA06,PSA,SNG,TRUE
CCACCATAGGTCCCTG,PBMC-06-1,PSA15,PSA,SNG,TRUE
CCACCATCAGTGGTGA,PBMC-06-1,PSA14,PSA,SNG,TRUE
CCACCATGTAAGTTGA,PBMC-06-1,PSA05,PSA,SNG,FALSE
CCACCATGTAGAGATT,PBMC-06-1,PSA02,PSA,SNG,TRUE
CCACCATGTGTTAGCT,PBMC-06-1,PSA02,PSA,SNG,FALSE
CCACCATGTGTTTCTT,PBMC-06-1,PSA02,PSA,SNG,TRUE
CCACCATGTTTCGTTT,PBMC-06-1,PSA07,PSA,DBL,FALSE
CCACCATTCACCATAG,PBMC-06-1,PSA12,PSA,SNG,TRUE
CCACCATTCAGCGCAC,PBMC-06-1,PSA02,PSA,SNG,TRUE
CCACCATTCCGGCAGT,PBMC-06-1,PSA02,PSA,DBL,FALSE
CCACCATTCCGTCCTA,PBMC-06-1,PSO11,PSO,SNG,TRUE
CCACCATTCCGTGTCT,PBMC-06-1,PSA02,PSA,SNG,TRUE
CCACCATTCGTGGAAG,PBMC-06-1,PSA15,PSA,SNG,TRUE
CCACCATTCGTTTACT,PBMC-06-1,PSA14,PSA,SNG,TRUE
CCACGAGAGAAGCGGG,PBMC-06-1,PSA12,PSA,SNG,TRUE
CCACGAGAGAGCAGCT,PBMC-06-1,PSA16,PSA,AMB,FALSE
CCACGAGAGAGCCATG,PBMC-06-1,PSA14,PSA,SNG,TRUE
CCACGAGAGATCCCAT,PBMC-06-1,PSX01,PSX,SNG,TRUE
CCACGAGAGCTGACCC,PBMC-06-1,PSA16,PSA,SNG,TRUE
CCACGAGAGGCTTAGG,PBMC-06-1,PSA03,PSA,SNG,TRUE
CCACGAGAGGGTCTTT,PBMC-06-1,PSX01,PSX,DBL,FALSE
CCACGAGCACACCAGC,PBMC-06-1,PSA05,PSA,DBL,FALSE
CCACGAGCACCAGTTA,PBMC-06-1,PSO12,PSO,SNG,TRUE
CCACGAGCACGGCACT,PBMC-06-1,PSO12,PSO,DBL,FALSE
CCACGAGCAGGCCTGT,PBMC-06-1,PSO12,PSO,SNG,FALSE
CCACGAGCATGACTCA,PBMC-06-1,PSA14,PSA,SNG,TRUE
CCACGAGGTAACCCTA,PBMC-06-1,PSA02,PSA,SNG,TRUE
CCACGAGGTAGCGTTT,PBMC-06-1,PSA12,PSA,SNG,TRUE
CCACGAGGTGCCCAGT,PBMC-06-1,PSA16,PSA,SNG,TRUE
CCACGAGGTTAAACCC,PBMC-06-1,PSA14,PSA,SNG,TRUE
CCACGAGGTTAGCTAC,PBMC-06-1,PSA07,PSA,SNG,TRUE
CCACGAGGTTGTGCCG,PBMC-06-1,PSO14,PSO,SNG,TRUE
CCACGAGTCACGGGCT,PBMC-06-1,PSA04,PSA,SNG,TRUE
CCACGAGTCACTTCTA,PBMC-06-1,PSA16,PSA,DBL,FALSE
CCACGAGTCCAAGCAT,PBMC-06-1,PSA02,PSA,SNG,TRUE
CCACGAGTCGTGGTAT,PBMC-06-1,PSA15,PSA,SNG,TRUE
CCACGAGTCTCTCTTC,PBMC-06-1,PSO16,PSO,AMB,FALSE
CCACGAGTCTGCGGGT,PBMC-06-1,PSO11,PSO,SNG,TRUE
CCACGAGTCTTACCGC,PBMC-06-1,PSO14,PSO,SNG,TRUE
CCACGAGTCTTCACGC,PBMC-06-1,PSA17,PSA,SNG,TRUE
CCACGAGTCTTGAACG,PBMC-06-1,PSA14,PSA,SNG,TRUE
CCACGTTAGAGTGTTA,PBMC-06-1,PSO15,PSO,SNG,TRUE
CCACGTTAGGCGTTGA,PBMC-06-1,PSO15,PSO,SNG,TRUE
CCACGTTAGTCGAGGT,PBMC-06-1,PSX04,PSX,SNG,TRUE
CCACGTTCAACCAATC,PBMC-06-1,PSO14,PSO,DBL,FALSE
CCACGTTCAACCTAAC,PBMC-06-1,PSA07,PSA,SNG,FALSE
CCACGTTCACCGCTGA,PBMC-06-1,PSA06,PSA,DBL,FALSE
CCACGTTCACGACGTC,PBMC-06-1,PSA12,PSA,SNG,TRUE
CCACGTTCAGATACTC,PBMC-06-1,PSA05,PSA,SNG,TRUE
CCACGTTCATGACACT,PBMC-06-1,PSA07,PSA,SNG,TRUE
CCACGTTGTAATACCC,PBMC-06-1,PSA03,PSA,DBL,FALSE
CCACGTTGTACTGGGA,PBMC-06-1,PSA12,PSA,SNG,FALSE
CCACGTTGTATTCCTT,PBMC-06-1,PSA04,PSA,SNG,TRUE
CCACGTTGTCCCTCAT,PBMC-06-1,PSA15,PSA,SNG,TRUE
CCACGTTGTGAGTGAC,PBMC-06-1,PSO12,PSO,SNG,TRUE
CCACGTTGTGTATACC,PBMC-06-1,PSA07,PSA,DBL,FALSE
CCACGTTGTTAAGACA,PBMC-06-1,PSA07,PSA,SNG,TRUE
CCACGTTGTTCTCAGA,PBMC-06-1,PSA12,PSA,SNG,TRUE
CCACGTTTCCACTGAA,PBMC-06-1,PSA14,PSA,SNG,TRUE
CCACGTTTCGAAGGAC,PBMC-06-1,PSA16,PSA,SNG,TRUE
CCACGTTTCGGTTAGT,PBMC-06-1,PSA04,PSA,SNG,TRUE
CCACGTTTCTGGCCAG,PBMC-06-1,PSX01,PSX,AMB,FALSE
CCACGTTTCTGTCAGA,PBMC-06-1,PSO12,PSO,SNG,TRUE
CCACTTGAGATAACGT,PBMC-06-1,PSA16,PSA,SNG,TRUE
CCACTTGAGGAGAGGC,PBMC-06-1,PSA07,PSA,DBL,FALSE
CCACTTGAGTCAGCCC,PBMC-06-1,PSA15,PSA,DBL,FALSE
CCACTTGAGTCGGCCT,PBMC-06-1,PSA05,PSA,SNG,TRUE
CCACTTGCAACTCCAA,PBMC-06-1,PSA17,PSA,SNG,TRUE
CCACTTGCAATGACCT,PBMC-06-1,PSA15,PSA,SNG,TRUE
CCACTTGCACGACTAT,PBMC-06-1,PSX04,PSX,DBL,FALSE
CCACTTGCAGAAGTGC,PBMC-06-1,PSA13,PSA,SNG,FALSE
CCACTTGCAGGCACAA,PBMC-06-1,PSO15,PSO,DBL,FALSE
CCACTTGCAGGGAGAG,PBMC-06-1,PSA17,PSA,SNG,TRUE
CCACTTGCATGCACTA,PBMC-06-1,PSX04,PSX,SNG,TRUE
CCACTTGGTAATGCGG,PBMC-06-1,PSA06,PSA,SNG,TRUE
CCACTTGGTAGCCCTG,PBMC-06-1,PSA17,PSA,SNG,TRUE
CCACTTGGTCAGGCAA,PBMC-06-1,PSA03,PSA,SNG,FALSE
CCACTTGGTGGACTAG,PBMC-06-1,PSO15,PSO,SNG,FALSE
CCACTTGGTTGGATCT,PBMC-06-1,PSO15,PSO,SNG,FALSE
CCACTTGTCGTCAACA,PBMC-06-1,PSA04,PSA,SNG,TRUE
CCACTTGTCGTTCAGA,PBMC-06-1,PSA05,PSA,SNG,TRUE
CCACTTGTCTATTCGT,PBMC-06-1,PSA02,PSA,DBL,FALSE
CCACTTGTCTGGACCG,PBMC-06-1,PSO14,PSO,SNG,FALSE
CCACTTGTCTTAGCCC,PBMC-06-1,PSX01,PSX,SNG,TRUE
CCATAAGAGGCCACCT,PBMC-06-1,PSA13,PSA,SNG,TRUE
CCATAAGAGGGCGAAG,PBMC-06-1,PSA17,PSA,AMB,FALSE
CCATAAGAGGTTAAAC,PBMC-06-1,PSX01,PSX,DBL,FALSE
CCATAAGAGTTCAACC,PBMC-06-1,PSX01,PSX,DBL,FALSE
CCATAAGCACAACGTT,PBMC-06-1,PSA17,PSA,SNG,TRUE
CCATAAGCACACTGGC,PBMC-06-1,PSA16,PSA,SNG,TRUE
CCATAAGCACCTATCC,PBMC-06-1,PSA12,PSA,SNG,FALSE
CCATAAGCATGGCGCT,PBMC-06-1,PSA02,PSA,SNG,TRUE
CCATAAGCATTCACAG,PBMC-06-1,PSA02,PSA,SNG,TRUE
CCATAAGGTACGCTAT,PBMC-06-1,PSX01,PSX,SNG,TRUE
CCATAAGGTATGAGGC,PBMC-06-1,PSO12,PSO,SNG,TRUE
CCATAAGGTGTGCCTG,PBMC-06-1,PSO16,PSO,SNG,TRUE
CCATAAGGTGTTTACG,PBMC-06-1,PSA05,PSA,SNG,TRUE
CCATAAGGTTCCAAAC,PBMC-06-1,PSA05,PSA,SNG,TRUE
CCATAAGTCAGTGATC,PBMC-06-1,PSX01,PSX,SNG,TRUE
CCATAAGTCCTGTAAG,PBMC-06-1,PSX04,PSX,SNG,TRUE
CCATAAGTCGAACGGA,PBMC-06-1,PSA02,PSA,SNG,TRUE
CCATAAGTCGCCAACG,PBMC-06-1,PSO11,PSO,DBL,FALSE
CCATCACAGACACACG,PBMC-06-1,PSA15,PSA,AMB,FALSE
CCATCACAGCATCTTG,PBMC-06-1,PSO14,PSO,SNG,TRUE
CCATCACAGCGAGTAC,PBMC-06-1,PSO12,PSO,SNG,TRUE
CCATCACAGCTCCGAC,PBMC-06-1,PSA12,PSA,DBL,FALSE
CCATCACAGCTCTATG,PBMC-06-1,PSA13,PSA,SNG,TRUE
CCATCACAGTAGAATC,PBMC-06-1,PSO15,PSO,SNG,TRUE
CCATCACAGTCGGGAT,PBMC-06-1,PSA14,PSA,DBL,FALSE
CCATCACCAAACTCGT,PBMC-06-1,PSA02,PSA,SNG,TRUE
CCATCACCACCATATG,PBMC-06-1,PSO15,PSO,SNG,FALSE
CCATCACCAGGCGATA,PBMC-06-1,PSA04,PSA,SNG,TRUE
CCATCACCAGTAGTGG,PBMC-06-1,PSA15,PSA,SNG,TRUE
CCATCACCAGTGTGGA,PBMC-06-1,PSO13,PSO,SNG,TRUE
CCATCACCATGGTGGA,PBMC-06-1,PSA02,PSA,SNG,TRUE
CCATCACGTAATGTGA,PBMC-06-1,PSA02,PSA,SNG,TRUE
CCATCACGTAGGCAAC,PBMC-06-1,PSX04,PSX,SNG,TRUE
CCATCACGTATCTCTT,PBMC-06-1,PSO15,PSO,SNG,TRUE
CCATCACGTATGTGTC,PBMC-06-1,PSO11,PSO,DBL,FALSE
CCATCACGTCCGAAGA,PBMC-06-1,PSA02,PSA,SNG,TRUE
CCATCACGTCGGAACA,PBMC-06-1,PSA07,PSA,SNG,TRUE
CCATCACGTGGATCGA,PBMC-06-1,PSA04,PSA,SNG,TRUE
CCATCACGTGGCACTC,PBMC-06-1,PSA04,PSA,SNG,TRUE
CCATCACGTTGGAGAC,PBMC-06-1,PSA03,PSA,SNG,TRUE
CCATCACGTTTGGGTT,PBMC-06-1,PSO14,PSO,SNG,TRUE
CCATCACTCGCCGATG,PBMC-06-1,PSX01,PSX,SNG,TRUE
CCATCACTCGGACTTA,PBMC-06-1,PSX01,PSX,SNG,TRUE
CCCAACTAGAGGGTAA,PBMC-06-1,PSA17,PSA,DBL,FALSE
CCCAACTAGCGCCTCA,PBMC-06-1,PSO12,PSO,SNG,TRUE
CCCAACTAGCTGCGAA,PBMC-06-1,PSA17,PSA,AMB,FALSE
CCCAACTAGGACAGTC,PBMC-06-1,PSO15,PSO,AMB,FALSE
CCCAACTAGGCACGAT,PBMC-06-1,PSA17,PSA,SNG,TRUE
CCCAACTAGGCCGCTT,PBMC-06-1,PSA07,PSA,SNG,TRUE
CCCAACTAGTCGAATA,PBMC-06-1,PSO14,PSO,DBL,FALSE
CCCAACTAGTTATGGA,PBMC-06-1,PSO15,PSO,DBL,FALSE
CCCAACTCAGCTTTGA,PBMC-06-1,PSA17,PSA,SNG,TRUE
CCCAACTCAGTAGTGG,PBMC-06-1,PSA04,PSA,DBL,FALSE
CCCAACTCAGTGACCC,PBMC-06-1,PSO12,PSO,SNG,TRUE
CCCAACTCAGTGTGGA,PBMC-06-1,PSA15,PSA,SNG,TRUE
CCCAACTGTAATGTGA,PBMC-06-1,PSA05,PSA,SNG,TRUE
CCCAACTGTATGACAA,PBMC-06-1,PSA06,PSA,SNG,TRUE
CCCAACTGTATGGAGC,PBMC-06-1,PSA05,PSA,DBL,FALSE
CCCAACTGTATTCCGA,PBMC-06-1,PSA04,PSA,SNG,TRUE
CCCAACTGTCCCTAAA,PBMC-06-1,PSO14,PSO,AMB,FALSE
CCCAACTGTCCGGCAT,PBMC-06-1,PSX01,PSX,SNG,TRUE
CCCAACTGTCGCGGTT,PBMC-06-1,PSO15,PSO,DBL,FALSE
CCCAACTGTCGTGTTA,PBMC-06-1,PSX01,PSX,SNG,TRUE
CCCAACTGTGAGCGAT,PBMC-06-1,PSA17,PSA,SNG,FALSE
CCCAACTGTGGACTGA,PBMC-06-1,PSX01,PSX,DBL,FALSE
CCCAACTGTGTATACC,PBMC-06-1,PSO12,PSO,SNG,TRUE
CCCAACTGTTTCCATT,PBMC-06-1,PSO14,PSO,SNG,TRUE
CCCAACTTCAGAATAG,PBMC-06-1,PSO15,PSO,SNG,TRUE
CCCAACTTCGCCGAAC,PBMC-06-1,PSX01,PSX,DBL,FALSE
CCCAACTTCGCGTTTC,PBMC-06-1,PSA16,PSA,SNG,TRUE
CCCAACTTCTATGTGG,PBMC-06-1,PSA17,PSA,SNG,TRUE
CCCAACTTCTCCGATC,PBMC-06-1,PSA04,PSA,SNG,TRUE
CCCAACTTCTGCACCT,PBMC-06-1,PSA17,PSA,SNG,TRUE
CCCATTGAGAAGCTCG,PBMC-06-1,PSA04,PSA,AMB,FALSE
CCCATTGAGATGATTG,PBMC-06-1,PSA16,PSA,SNG,TRUE
CCCATTGAGCAAACAT,PBMC-06-1,PSA13,PSA,SNG,FALSE
CCCATTGAGTAACGTA,PBMC-06-1,PSX04,PSX,SNG,TRUE
CCCATTGCAACTCGAT,PBMC-06-1,PSX01,PSX,SNG,TRUE
CCCATTGCAAGTGGGT,PBMC-06-1,PSA06,PSA,SNG,FALSE
CCCATTGCACCTCTGT,PBMC-06-1,PSA04,PSA,SNG,TRUE
CCCATTGCAGCGTATT,PBMC-06-1,PSA17,PSA,SNG,TRUE
CCCATTGCAGCTATAC,PBMC-06-1,PSA14,PSA,SNG,TRUE
CCCATTGCAGGACTAG,PBMC-06-1,PSX01,PSX,SNG,TRUE
CCCATTGCATCGCTAA,PBMC-06-1,PSO14,PSO,SNG,TRUE
CCCATTGGTACATACC,PBMC-06-1,PSA03,PSA,SNG,FALSE
CCCATTGGTACCAGAG,PBMC-06-1,PSA02,PSA,SNG,TRUE
CCCATTGGTCAGTTTG,PBMC-06-1,PSA07,PSA,SNG,TRUE
CCCATTGGTCCCGCAA,PBMC-06-1,PSO15,PSO,SNG,FALSE
CCCATTGGTGAGGATC,PBMC-06-1,PSA16,PSA,SNG,TRUE
CCCATTGGTGGTCTTA,PBMC-06-1,PSA16,PSA,SNG,TRUE
CCCATTGGTTAAACAG,PBMC-06-1,PSO15,PSO,SNG,TRUE
CCCATTGGTTATGACC,PBMC-06-1,PSO16,PSO,DBL,FALSE
CCCATTGGTTCACCGG,PBMC-06-1,PSA07,PSA,AMB,FALSE
CCCATTGGTTGCCTAA,PBMC-06-1,PSX04,PSX,SNG,TRUE
CCCATTGTCATTGGTG,PBMC-06-1,PSA17,PSA,SNG,TRUE
CCCATTGTCCACCCTA,PBMC-06-1,PSO11,PSO,SNG,TRUE
CCCATTGTCCCGTAAA,PBMC-06-1,PSA07,PSA,SNG,TRUE
CCCATTGTCGGAATTC,PBMC-06-1,PSA07,PSA,SNG,FALSE
CCCATTGTCTACTATC,PBMC-06-1,PSO15,PSO,SNG,TRUE
CCCGAAGAGAACTGAT,PBMC-06-1,PSA02,PSA,SNG,TRUE
CCCGAAGAGACGGAAA,PBMC-06-1,PSO15,PSO,DBL,FALSE
CCCGAAGAGCCGGATA,PBMC-06-1,PSO15,PSO,SNG,FALSE
CCCGAAGAGGATTTAG,PBMC-06-1,PSA02,PSA,SNG,TRUE
CCCGAAGAGGTGCGAT,PBMC-06-1,PSA05,PSA,DBL,FALSE
CCCGAAGAGTAGTCCT,PBMC-06-1,PSA16,PSA,SNG,FALSE
CCCGAAGAGTATGACA,PBMC-06-1,PSA04,PSA,SNG,TRUE
CCCGAAGAGTGGATTA,PBMC-06-1,PSA15,PSA,SNG,TRUE
CCCGAAGAGTGTTCCA,PBMC-06-1,PSA17,PSA,DBL,FALSE
CCCGAAGCAAGATGTA,PBMC-06-1,PSO15,PSO,SNG,TRUE
CCCGAAGCAATCGAAA,PBMC-06-1,PSX01,PSX,SNG,TRUE
CCCGAAGCAATCTGCA,PBMC-06-1,PSO15,PSO,SNG,TRUE
CCCGAAGCACGACCTG,PBMC-06-1,PSA06,PSA,SNG,TRUE
CCCGAAGCACGACGCT,PBMC-06-1,PSA07,PSA,SNG,FALSE
CCCGAAGCAGCGGTTC,PBMC-06-1,PSA15,PSA,SNG,TRUE
CCCGAAGCATATCTGG,PBMC-06-1,PSO13,PSO,SNG,FALSE
CCCGAAGGTACCATAC,PBMC-06-1,PSO15,PSO,DBL,FALSE
CCCGAAGGTATTGGCT,PBMC-06-1,PSA17,PSA,SNG,TRUE
CCCGAAGGTCTCCTGT,PBMC-06-1,PSX01,PSX,DBL,FALSE
CCCGAAGGTTAGTCGT,PBMC-06-1,PSO15,PSO,SNG,TRUE
CCCGAAGTCCACGGAC,PBMC-06-1,PSA15,PSA,SNG,TRUE
CCCGAAGTCCGCTTAC,PBMC-06-1,PSA13,PSA,DBL,FALSE
CCCGAAGTCCGGTAGC,PBMC-06-1,PSX04,PSX,AMB,FALSE
CCCGAAGTCGGTGCAC,PBMC-06-1,PSA02,PSA,SNG,TRUE
CCCGAAGTCGTTCCCA,PBMC-06-1,PSA15,PSA,DBL,FALSE
CCCGAAGTCTAACGGT,PBMC-06-1,PSA06,PSA,SNG,TRUE
CCCGGAAAGACATACA,PBMC-06-1,PSO11,PSO,SNG,TRUE
CCCGGAACAAAGCACG,PBMC-06-1,PSA17,PSA,SNG,TRUE
CCCGGAACACCCTAGG,PBMC-06-1,PSA02,PSA,DBL,FALSE
CCCGGAACACGGCACT,PBMC-06-1,PSA07,PSA,SNG,TRUE
CCCGGAACAGGGATAC,PBMC-06-1,PSA07,PSA,SNG,TRUE
CCCGGAACAGTAGGAC,PBMC-06-1,PSA15,PSA,SNG,TRUE
CCCGGAAGTCTGATAC,PBMC-06-1,PSA07,PSA,SNG,TRUE
CCCGGAAGTGACAGGT,PBMC-06-1,PSA07,PSA,SNG,TRUE
CCCGGAATCATGCATG,PBMC-06-1,PSO15,PSO,SNG,TRUE
CCCGGAATCCTGTTGC,PBMC-06-1,PSO12,PSO,SNG,FALSE
CCCGGAATCGCAGTTA,PBMC-06-1,PSA14,PSA,SNG,TRUE
CCCGGAATCGTAACTG,PBMC-06-1,PSA13,PSA,SNG,FALSE
CCCGGAATCTCTGCCA,PBMC-06-1,PSO11,PSO,SNG,TRUE
CCCTAACAGCCAAGCA,PBMC-06-1,PSA06,PSA,SNG,TRUE
CCCTAACAGCTGTGCC,PBMC-06-1,PSX01,PSX,DBL,FALSE
CCCTAACAGGCTTCCG,PBMC-06-1,PSA14,PSA,SNG,TRUE
CCCTAACAGTAACCTC,PBMC-06-1,PSA05,PSA,SNG,TRUE
CCCTAACAGTCAGGGT,PBMC-06-1,PSO15,PSO,DBL,FALSE
CCCTAACCATACGCAT,PBMC-06-1,PSO16,PSO,SNG,TRUE
CCCTAACCATCAACCA,PBMC-06-1,PSO16,PSO,SNG,TRUE
CCCTAACCATGACGAG,PBMC-06-1,PSA07,PSA,SNG,FALSE
CCCTAACGTCCTATAG,PBMC-06-1,PSA06,PSA,SNG,TRUE
CCCTAACGTCGAGATG,PBMC-06-1,PSA17,PSA,SNG,TRUE
CCCTAACGTCTAACTG,PBMC-06-1,PSA05,PSA,SNG,TRUE
CCCTAACGTCTGTAGT,PBMC-06-1,PSO11,PSO,SNG,TRUE
CCCTAACGTCTTCTAT,PBMC-06-1,PSX01,PSX,SNG,TRUE
CCCTAACGTGGGAGAG,PBMC-06-1,PSA06,PSA,AMB,FALSE
CCCTAACGTGTTCGTA,PBMC-06-1,PSX01,PSX,SNG,TRUE
CCCTAACGTTAACAGA,PBMC-06-1,PSA16,PSA,SNG,TRUE
CCCTAACGTTGAATCC,PBMC-06-1,PSA16,PSA,SNG,TRUE
CCCTAACTCAAGAATG,PBMC-06-1,PSO14,PSO,SNG,TRUE
CCCTAACTCGAACGGA,PBMC-06-1,PSO13,PSO,SNG,TRUE
CCCTAACTCGCTTACC,PBMC-06-1,PSO15,PSO,SNG,FALSE
CCCTAACTCGGCTGAC,PBMC-06-1,PSO12,PSO,AMB,FALSE
CCCTAACTCGGTAGAG,PBMC-06-1,PSA02,PSA,DBL,FALSE
CCCTCAAAGAGTGACC,PBMC-06-1,PSA17,PSA,DBL,FALSE
CCCTCAAAGGACAAGA,PBMC-06-1,PSA03,PSA,SNG,FALSE
CCCTCAACAAAGCTCT,PBMC-06-1,PSA03,PSA,SNG,TRUE
CCCTCAACAACCGTGC,PBMC-06-1,PSA14,PSA,SNG,TRUE
CCCTCAACAATACCTG,PBMC-06-1,PSO14,PSO,SNG,TRUE
CCCTCAACAATCCTAG,PBMC-06-1,PSA16,PSA,SNG,TRUE
CCCTCAACACACGGAA,PBMC-06-1,PSA07,PSA,SNG,TRUE
CCCTCAACACTACACA,PBMC-06-1,PSO15,PSO,SNG,TRUE
CCCTCAACAGCACACC,PBMC-06-1,PSA03,PSA,SNG,TRUE
CCCTCAACATACCACA,PBMC-06-1,PSO11,PSO,SNG,TRUE
CCCTCAACATTGTCGA,PBMC-06-1,PSA16,PSA,SNG,TRUE
CCCTCAAGTATCGCAT,PBMC-06-1,PSO12,PSO,SNG,TRUE
CCCTCAAGTCATCGCG,PBMC-06-1,PSA17,PSA,SNG,TRUE
CCCTCAAGTGATTGGG,PBMC-06-1,PSA13,PSA,DBL,FALSE
CCCTCAAGTGTGAGCA,PBMC-06-1,PSA07,PSA,SNG,FALSE
CCCTCAAGTTGCTAGT,PBMC-06-1,PSA17,PSA,SNG,TRUE
CCCTCAATCATCGCAA,PBMC-06-1,PSA06,PSA,SNG,FALSE
CCCTCAATCATGAGTC,PBMC-06-1,PSA02,PSA,SNG,TRUE
CCCTCAATCCAGTTCC,PBMC-06-1,PSA06,PSA,SNG,TRUE
CCCTCAATCCTTCACG,PBMC-06-1,PSX01,PSX,SNG,TRUE
CCCTCAATCGTTCGCT,PBMC-06-1,PSX01,PSX,SNG,TRUE
CCCTCTCAGACATACA,PBMC-06-1,PSA12,PSA,SNG,TRUE
CCCTCTCAGATTAGCA,PBMC-06-1,PSO15,PSO,SNG,TRUE
CCCTCTCAGCATTTGC,PBMC-06-1,PSO15,PSO,SNG,TRUE
CCCTCTCAGGTGCTTT,PBMC-06-1,PSA16,PSA,SNG,TRUE
CCCTCTCAGTAGGTTA,PBMC-06-1,PSA16,PSA,SNG,TRUE
CCCTCTCAGTATAGGT,PBMC-06-1,PSO13,PSO,AMB,FALSE
CCCTCTCAGTCGGCAA,PBMC-06-1,PSX01,PSX,SNG,FALSE
CCCTCTCCAAAGGGCT,PBMC-06-1,PSO14,PSO,SNG,TRUE
CCCTCTCCAAGTGACG,PBMC-06-1,PSA04,PSA,SNG,FALSE
CCCTCTCCACCAGTAT,PBMC-06-1,PSO12,PSO,SNG,TRUE
CCCTCTCCACTATCGA,PBMC-06-1,PSA04,PSA,SNG,TRUE
CCCTCTCCAGGGCTTC,PBMC-06-1,PSO12,PSO,SNG,TRUE
CCCTCTCGTCATGCAT,PBMC-06-1,PSO14,PSO,SNG,TRUE
CCCTCTCGTCTAGATC,PBMC-06-1,PSA04,PSA,SNG,TRUE
CCCTCTCGTGAGACCA,PBMC-06-1,PSX01,PSX,SNG,TRUE
CCCTCTCGTGAGTCAG,PBMC-06-1,PSA05,PSA,SNG,TRUE
CCCTCTCGTGGGTATG,PBMC-06-1,PSA17,PSA,SNG,TRUE
CCCTCTCGTGTCCAAT,PBMC-06-1,PSA05,PSA,DBL,FALSE
CCCTCTCGTTCCTTGC,PBMC-06-1,PSA15,PSA,SNG,TRUE
CCCTCTCTCACAGAGG,PBMC-06-1,PSA04,PSA,DBL,FALSE
CCCTCTCTCCACGAAT,PBMC-06-1,PSA16,PSA,SNG,TRUE
CCCTCTCTCGCGTCGA,PBMC-06-1,PSA07,PSA,SNG,TRUE
CCCTCTCTCGCTTACC,PBMC-06-1,PSA06,PSA,SNG,TRUE
CCCTCTCTCGTAGAGG,PBMC-06-1,PSX01,PSX,SNG,TRUE
CCCTCTCTCTCACCCA,PBMC-06-1,PSA16,PSA,SNG,TRUE
CCCTCTCTCTCTGACC,PBMC-06-1,PSA03,PSA,SNG,TRUE
CCCTCTCTCTGTTGGA,PBMC-06-1,PSA02,PSA,SNG,TRUE
CCCTGATAGCTCCACG,PBMC-06-1,PSA03,PSA,SNG,TRUE
CCCTGATAGGGAGTGG,PBMC-06-1,PSX01,PSX,DBL,FALSE
CCCTGATCAACTGCTA,PBMC-06-1,PSA12,PSA,SNG,TRUE
CCCTGATCAGGTTCGC,PBMC-06-1,PSA06,PSA,SNG,TRUE
CCCTGATCATCTAGAC,PBMC-06-1,PSO14,PSO,SNG,FALSE
CCCTGATGTCCGAAGA,PBMC-06-1,PSA02,PSA,SNG,TRUE
CCCTGATGTCTGTGGC,PBMC-06-1,PSX04,PSX,DBL,FALSE
CCCTGATGTGAAGCGT,PBMC-06-1,PSA06,PSA,SNG,FALSE
CCCTGATGTGCGGTAA,PBMC-06-1,PSX01,PSX,SNG,TRUE
CCCTGATGTGGCGTAA,PBMC-06-1,PSA03,PSA,SNG,FALSE
CCCTGATGTGTTTACG,PBMC-06-1,PSA16,PSA,SNG,TRUE
CCCTGATGTTTCGATG,PBMC-06-1,PSA02,PSA,SNG,TRUE
CCCTGATTCAACGAGG,PBMC-06-1,PSA17,PSA,SNG,TRUE
CCCTGATTCAAGCCGC,PBMC-06-1,PSO14,PSO,SNG,FALSE
CCCTGATTCCATTGTT,PBMC-06-1,PSO15,PSO,SNG,TRUE
CCCTGATTCTTACTGT,PBMC-06-1,PSA04,PSA,SNG,TRUE
CCCTGATTCTTTGGAG,PBMC-06-1,PSA06,PSA,SNG,TRUE
CCCTTAGAGCATGCAG,PBMC-06-1,PSA02,PSA,SNG,TRUE
CCCTTAGAGCTCTTCC,PBMC-06-1,PSA03,PSA,DBL,FALSE
CCCTTAGAGTGCCGAA,PBMC-06-1,PSO15,PSO,DBL,FALSE
CCCTTAGAGTTTCGGT,PBMC-06-1,PSO16,PSO,AMB,FALSE
CCCTTAGCAAATGGCG,PBMC-06-1,PSA07,PSA,SNG,FALSE
CCCTTAGCACGCGTCA,PBMC-06-1,PSA15,PSA,DBL,FALSE
CCCTTAGCAGCAGTGA,PBMC-06-1,PSA16,PSA,SNG,FALSE
CCCTTAGCATATGGCT,PBMC-06-1,PSA15,PSA,AMB,FALSE
CCCTTAGCATGACTGT,PBMC-06-1,PSA17,PSA,DBL,FALSE
CCCTTAGGTATCCCAA,PBMC-06-1,PSO15,PSO,SNG,FALSE
CCCTTAGGTATGAGAT,PBMC-06-1,PSO12,PSO,SNG,TRUE
CCCTTAGGTCATCTAG,PBMC-06-1,PSA03,PSA,DBL,FALSE
CCCTTAGGTCCCGGTA,PBMC-06-1,PSA05,PSA,DBL,FALSE
CCCTTAGGTCCCTAAA,PBMC-06-1,PSX04,PSX,SNG,FALSE
CCCTTAGGTCGATTCA,PBMC-06-1,PSO12,PSO,DBL,FALSE
CCCTTAGGTCTTGGTA,PBMC-06-1,PSA12,PSA,DBL,FALSE
CCCTTAGGTGGCGTAA,PBMC-06-1,PSO16,PSO,SNG,TRUE
CCCTTAGGTTCCACAA,PBMC-06-1,PSA12,PSA,SNG,TRUE
CCCTTAGGTTTAGTCG,PBMC-06-1,PSA12,PSA,DBL,FALSE
CCCTTAGTCAGGACGA,PBMC-06-1,PSO11,PSO,SNG,TRUE
CCCTTAGTCCACATAG,PBMC-06-1,PSA17,PSA,AMB,FALSE
CCCTTAGTCCGTGTGG,PBMC-06-1,PSA02,PSA,DBL,FALSE
CCCTTAGTCCTCTAAT,PBMC-06-1,PSA16,PSA,DBL,FALSE
CCCTTAGTCCTGCTAC,PBMC-06-1,PSA14,PSA,SNG,TRUE
CCCTTAGTCGCCGAAC,PBMC-06-1,PSA02,PSA,SNG,TRUE
CCCTTAGTCTCGGGAC,PBMC-06-1,PSA17,PSA,SNG,TRUE
CCCTTAGTCTTGGATG,PBMC-06-1,PSA07,PSA,SNG,TRUE
CCGAACGAGCGTGCCT,PBMC-06-1,PSA15,PSA,SNG,FALSE
CCGAACGAGGTTGCCC,PBMC-06-1,PSO14,PSO,SNG,FALSE
CCGAACGAGTCCCAGC,PBMC-06-1,PSA07,PSA,DBL,FALSE
CCGAACGAGTGATGGC,PBMC-06-1,PSO15,PSO,SNG,FALSE
CCGAACGCACAACATC,PBMC-06-1,PSA15,PSA,SNG,TRUE
CCGAACGCAGCATCTA,PBMC-06-1,PSO13,PSO,SNG,TRUE
CCGAACGCAGCGCGTT,PBMC-06-1,PSA05,PSA,SNG,TRUE
CCGAACGCATCACGGC,PBMC-06-1,PSO12,PSO,SNG,TRUE
CCGAACGCATTGTGCA,PBMC-06-1,PSX04,PSX,SNG,TRUE
CCGAACGGTATCAGGG,PBMC-06-1,PSA07,PSA,SNG,FALSE
CCGAACGGTCACTACA,PBMC-06-1,PSA12,PSA,SNG,TRUE
CCGAACGGTCACTTAG,PBMC-06-1,PSA06,PSA,SNG,TRUE
CCGAACGGTCGAGATG,PBMC-06-1,PSA07,PSA,DBL,FALSE
CCGAACGGTCGCAACC,PBMC-06-1,PSO15,PSO,SNG,TRUE
CCGAACGGTGTGGACA,PBMC-06-1,PSO12,PSO,SNG,TRUE
CCGAACGGTTCATCGA,PBMC-06-1,PSA15,PSA,SNG,TRUE
CCGAACGGTTCTAACG,PBMC-06-1,PSA03,PSA,DBL,FALSE
CCGAACGTCTGAGAGG,PBMC-06-1,PSA14,PSA,DBL,FALSE
CCGATCTAGACAACTA,PBMC-06-1,PSO11,PSO,SNG,TRUE
CCGATCTAGAGAGGGC,PBMC-06-1,PSA13,PSA,SNG,FALSE
CCGATCTAGAGATCGC,PBMC-06-1,PSA02,PSA,SNG,TRUE
CCGATCTAGAGTCTGG,PBMC-06-1,PSA02,PSA,SNG,TRUE
CCGATCTAGGAAAGGT,PBMC-06-1,PSA12,PSA,SNG,FALSE
CCGATCTAGGAGACCT,PBMC-06-1,PSA17,PSA,SNG,FALSE
CCGATCTAGGGTGGGA,PBMC-06-1,PSO13,PSO,SNG,TRUE
CCGATCTCAATGGGTG,PBMC-06-1,PSX01,PSX,SNG,TRUE
CCGATCTCAGACCAGA,PBMC-06-1,PSA03,PSA,SNG,TRUE
CCGATCTGTAGCGTCC,PBMC-06-1,PSA15,PSA,DBL,FALSE
CCGATCTGTAGCTGAG,PBMC-06-1,PSA04,PSA,SNG,TRUE
CCGATCTGTAGGTCAG,PBMC-06-1,PSA04,PSA,SNG,TRUE
CCGATCTGTATCAAGA,PBMC-06-1,PSA05,PSA,SNG,TRUE
CCGATCTGTCAGACTT,PBMC-06-1,PSO11,PSO,SNG,TRUE
CCGATCTGTGCGGATA,PBMC-06-1,PSA02,PSA,SNG,TRUE
CCGATCTTCAGCGGAA,PBMC-06-1,PSO15,PSO,SNG,TRUE
CCGATCTTCAGTGCGC,PBMC-06-1,PSX01,PSX,SNG,TRUE
CCGATCTTCCCATGGG,PBMC-06-1,PSA16,PSA,AMB,FALSE
CCGATCTTCTAGACAC,PBMC-06-1,PSO13,PSO,SNG,TRUE
CCGATCTTCTCGTCGT,PBMC-06-1,PSA15,PSA,SNG,TRUE
CCGATCTTCTGCGGCA,PBMC-06-1,PSA14,PSA,SNG,TRUE
CCGATGGAGAGCACTG,PBMC-06-1,PSA16,PSA,SNG,TRUE
CCGATGGAGCACTGGA,PBMC-06-1,PSO15,PSO,SNG,TRUE
CCGATGGAGTGCTACT,PBMC-06-1,PSA17,PSA,DBL,FALSE
CCGATGGCAAGGGTCA,PBMC-06-1,PSO14,PSO,DBL,FALSE
CCGATGGCAAGTATCC,PBMC-06-1,PSA17,PSA,SNG,TRUE
CCGATGGCAATTCTCT,PBMC-06-1,PSA17,PSA,DBL,FALSE
CCGATGGCACTCTAGA,PBMC-06-1,PSX04,PSX,SNG,TRUE
CCGATGGCAGATTTCG,PBMC-06-1,PSA03,PSA,DBL,FALSE
CCGATGGCAGCGAGTA,PBMC-06-1,PSA17,PSA,SNG,TRUE
CCGATGGGTTACACAC,PBMC-06-1,PSA12,PSA,SNG,TRUE
CCGATGGGTTCCTACC,PBMC-06-1,PSA04,PSA,SNG,TRUE
CCGATGGTCATGCGGC,PBMC-06-1,PSA13,PSA,SNG,TRUE
CCGATGGTCCATTGGA,PBMC-06-1,PSA14,PSA,SNG,TRUE
CCGATGGTCCGCGAGT,PBMC-06-1,PSA07,PSA,SNG,TRUE
CCGATGGTCCTAAACG,PBMC-06-1,PSA05,PSA,SNG,TRUE
CCGATGGTCGTTGTGA,PBMC-06-1,PSA15,PSA,DBL,FALSE
CCGCAAGAGACAGCGT,PBMC-06-1,PSA15,PSA,SNG,TRUE
CCGCAAGAGACCAACG,PBMC-06-1,PSO12,PSO,SNG,TRUE
CCGCAAGAGACGACGT,PBMC-06-1,PSA04,PSA,SNG,FALSE
CCGCAAGAGCACCTGC,PBMC-06-1,PSA02,PSA,DBL,FALSE
CCGCAAGAGGCATCGA,PBMC-06-1,PSA16,PSA,SNG,TRUE
CCGCAAGAGTTGTAAG,PBMC-06-1,PSA06,PSA,SNG,TRUE
CCGCAAGCACACCGCA,PBMC-06-1,PSA07,PSA,SNG,TRUE
CCGCAAGCAGACAAGC,PBMC-06-1,PSA13,PSA,SNG,TRUE
CCGCAAGCAGCTTTCC,PBMC-06-1,PSA15,PSA,AMB,FALSE
CCGCAAGCATGGCCCA,PBMC-06-1,PSA04,PSA,SNG,TRUE
CCGCAAGGTACCAATC,PBMC-06-1,PSX01,PSX,SNG,TRUE
CCGCAAGGTAGTGCGA,PBMC-06-1,PSA14,PSA,SNG,TRUE
CCGCAAGGTCCTTAAG,PBMC-06-1,PSO12,PSO,SNG,TRUE
CCGCAAGGTCGGTGTC,PBMC-06-1,PSO15,PSO,SNG,TRUE
CCGCAAGGTGGTTTAC,PBMC-06-1,PSA04,PSA,SNG,TRUE
CCGCAAGTCTAGGCAT,PBMC-06-1,PSA12,PSA,SNG,TRUE
CCGCAAGTCTCCCTAG,PBMC-06-1,PSO12,PSO,SNG,FALSE
CCGCAAGTCTTCGGAA,PBMC-06-1,PSA07,PSA,SNG,TRUE
CCGGACAAGTTTAGGA,PBMC-06-1,PSA13,PSA,DBL,FALSE
CCGGACACAATGGCCC,PBMC-06-1,PSA15,PSA,SNG,TRUE
CCGGACACAGGAAGTC,PBMC-06-1,PSA14,PSA,SNG,TRUE
CCGGACACATAGAAAC,PBMC-06-1,PSA14,PSA,SNG,TRUE
CCGGACAGTACCGCGT,PBMC-06-1,PSO15,PSO,SNG,FALSE
CCGGACAGTATCGCAT,PBMC-06-1,PSO15,PSO,SNG,TRUE
CCGGACAGTCAGGCAA,PBMC-06-1,PSO16,PSO,SNG,TRUE
CCGGACAGTGGCTGAA,PBMC-06-1,PSA02,PSA,SNG,TRUE
CCGGACAGTGTGACCC,PBMC-06-1,PSA06,PSA,AMB,FALSE
CCGGACAGTTTCGTTT,PBMC-06-1,PSA07,PSA,SNG,TRUE
CCGGACATCACGGGCT,PBMC-06-1,PSX04,PSX,SNG,TRUE
CCGGACATCAGTCACA,PBMC-06-1,PSA02,PSA,SNG,FALSE
CCGGACATCCGATGTA,PBMC-06-1,PSX04,PSX,SNG,TRUE
CCGGACATCCGGACGT,PBMC-06-1,PSA15,PSA,SNG,TRUE
CCGGACATCGCGCTGA,PBMC-06-1,PSA03,PSA,SNG,FALSE
CCGGGTAAGACATAGT,PBMC-06-1,PSA04,PSA,DBL,FALSE
CCGGGTAAGACTGAGC,PBMC-06-1,PSX04,PSX,SNG,TRUE
CCGGGTAAGCGCACAA,PBMC-06-1,PSA06,PSA,SNG,TRUE
CCGGGTACAATGTTGC,PBMC-06-1,PSO14,PSO,AMB,FALSE
CCGGGTACACATATGC,PBMC-06-1,PSX01,PSX,SNG,TRUE
CCGGGTACAGGGCTTC,PBMC-06-1,PSA07,PSA,SNG,FALSE
CCGGGTACAGTCAGAG,PBMC-06-1,PSO12,PSO,SNG,TRUE
CCGGGTACATAGAAAC,PBMC-06-1,PSA02,PSA,SNG,TRUE
CCGGGTACATAGACTC,PBMC-06-1,PSO11,PSO,SNG,TRUE
CCGGGTAGTCAGTCTA,PBMC-06-1,PSA17,PSA,SNG,TRUE
CCGGGTAGTCCACGCA,PBMC-06-1,PSA02,PSA,SNG,TRUE
CCGGGTAGTCGACGCT,PBMC-06-1,PSA15,PSA,SNG,TRUE
CCGGGTAGTTGATCGT,PBMC-06-1,PSA05,PSA,SNG,FALSE
CCGGGTAGTTTACCTT,PBMC-06-1,PSA12,PSA,SNG,TRUE
CCGGGTAGTTTCCATT,PBMC-06-1,PSO16,PSO,DBL,FALSE
CCGGGTATCCATGAGT,PBMC-06-1,PSA07,PSA,SNG,FALSE
CCGGGTATCCTCACGT,PBMC-06-1,PSX01,PSX,SNG,TRUE
CCGGGTATCGGACGTC,PBMC-06-1,PSO14,PSO,DBL,FALSE
CCGGGTATCGGAGCAA,PBMC-06-1,PSA13,PSA,AMB,FALSE
CCGGTAGAGAACAAGG,PBMC-06-1,PSA02,PSA,SNG,TRUE
CCGGTAGAGACATAAC,PBMC-06-1,PSX04,PSX,SNG,TRUE
CCGGTAGAGCACGGAT,PBMC-06-1,PSA05,PSA,SNG,TRUE
CCGGTAGAGCATGAAT,PBMC-06-1,PSO15,PSO,SNG,TRUE
CCGGTAGAGGGAGATA,PBMC-06-1,PSA13,PSA,SNG,TRUE
CCGGTAGAGTCATTGC,PBMC-06-1,PSA14,PSA,SNG,TRUE
CCGGTAGAGTGGGAAA,PBMC-06-1,PSA06,PSA,DBL,FALSE
CCGGTAGCAATAAGGT,PBMC-06-1,PSA15,PSA,AMB,FALSE
CCGGTAGCACCACATA,PBMC-06-1,PSA05,PSA,SNG,TRUE
CCGGTAGCACCAGCGT,PBMC-06-1,PSA16,PSA,SNG,FALSE
CCGGTAGCACTTGAAC,PBMC-06-1,PSA15,PSA,SNG,TRUE
CCGGTAGCAGCCTTCT,PBMC-06-1,PSA07,PSA,SNG,TRUE
CCGGTAGCAGGCGAAT,PBMC-06-1,PSA07,PSA,DBL,FALSE
CCGGTAGCAGTGGGTA,PBMC-06-1,PSO12,PSO,AMB,FALSE
CCGGTAGCATAACGGG,PBMC-06-1,PSO15,PSO,SNG,TRUE
CCGGTAGCATGGAAGC,PBMC-06-1,PSA07,PSA,SNG,FALSE
CCGGTAGTCAAAGCCT,PBMC-06-1,PSO15,PSO,SNG,TRUE
CCGGTAGTCCAACCAA,PBMC-06-1,PSA02,PSA,SNG,TRUE
CCGGTAGTCCAGTGTA,PBMC-06-1,PSA14,PSA,DBL,FALSE
CCGGTAGTCGCATTGA,PBMC-06-1,PSA17,PSA,SNG,TRUE
CCGGTAGTCGTAACAC,PBMC-06-1,PSA05,PSA,SNG,TRUE
CCGGTAGTCGTCCTTG,PBMC-06-1,PSA05,PSA,SNG,TRUE
CCGGTAGTCTGGACCG,PBMC-06-1,PSA06,PSA,SNG,FALSE
CCGGTGAAGAAACCCG,PBMC-06-1,PSA04,PSA,SNG,FALSE
CCGGTGAAGCCAGACA,PBMC-06-1,PSA13,PSA,SNG,TRUE
CCGGTGAAGGGCTGAT,PBMC-06-1,PSA07,PSA,SNG,TRUE
CCGGTGAAGTAAGAGG,PBMC-06-1,PSO14,PSO,SNG,FALSE
CCGGTGAAGTCTGTAC,PBMC-06-1,PSA07,PSA,SNG,TRUE
CCGGTGAAGTTCGCAT,PBMC-06-1,PSA02,PSA,SNG,TRUE
CCGGTGAAGTTTGTCG,PBMC-06-1,PSA07,PSA,SNG,FALSE
CCGGTGACAAACAGGC,PBMC-06-1,PSO11,PSO,SNG,TRUE
CCGGTGACAAAGCAAT,PBMC-06-1,PSA05,PSA,SNG,TRUE
CCGGTGACACCGTCGA,PBMC-06-1,PSA03,PSA,SNG,TRUE
CCGGTGACACTTGACA,PBMC-06-1,PSA02,PSA,SNG,FALSE
CCGGTGACAGAACTCT,PBMC-06-1,PSA06,PSA,SNG,TRUE
CCGGTGACAGACCATT,PBMC-06-1,PSA02,PSA,SNG,TRUE
CCGGTGACAGATCATC,PBMC-06-1,PSA17,PSA,DBL,FALSE
CCGGTGAGTCCAAGAG,PBMC-06-1,PSA04,PSA,SNG,TRUE
CCGGTGAGTCGCCACA,PBMC-06-1,PSO12,PSO,SNG,TRUE
CCGGTGAGTGATTCTG,PBMC-06-1,PSA04,PSA,SNG,TRUE
CCGGTGAGTTAACAGA,PBMC-06-1,PSA04,PSA,SNG,TRUE
CCGGTGAGTTGCATAC,PBMC-06-1,PSA16,PSA,SNG,TRUE
CCGGTGAGTTGCATGT,PBMC-06-1,PSA02,PSA,DBL,FALSE
CCGGTGATCCAAACCA,PBMC-06-1,PSA15,PSA,AMB,FALSE
CCGGTGATCCATTTAC,PBMC-06-1,PSX01,PSX,SNG,TRUE
CCGGTGATCGTTTACT,PBMC-06-1,PSA07,PSA,SNG,TRUE
CCGGTGATCTCGGCTT,PBMC-06-1,PSA17,PSA,SNG,FALSE
CCGGTGATCTCGTGGG,PBMC-06-1,PSO14,PSO,SNG,FALSE
CCGGTGATCTCTTCAA,PBMC-06-1,PSA17,PSA,SNG,TRUE
CCGGTGATCTGCGATA,PBMC-06-1,PSX04,PSX,SNG,TRUE
CCGTAGGCAACCAGAG,PBMC-06-1,PSA05,PSA,SNG,TRUE
CCGTAGGCACTTGAAC,PBMC-06-1,PSA16,PSA,DBL,FALSE
CCGTAGGGTCACTTAG,PBMC-06-1,PSA05,PSA,SNG,TRUE
CCGTAGGGTCGGCCTA,PBMC-06-1,PSX01,PSX,SNG,TRUE
CCGTAGGGTCGTATGT,PBMC-06-1,PSA02,PSA,SNG,TRUE
CCGTAGGGTGCACAAG,PBMC-06-1,PSA04,PSA,SNG,TRUE
CCGTAGGTCAGGAACG,PBMC-06-1,PSA06,PSA,SNG,TRUE
CCGTAGGTCATCCCGT,PBMC-06-1,PSA04,PSA,SNG,FALSE
CCGTAGGTCATTCGTT,PBMC-06-1,PSA05,PSA,SNG,TRUE
CCGTGAGAGACGAGCT,PBMC-06-1,PSO12,PSO,SNG,TRUE
CCGTGAGAGCGCCATC,PBMC-06-1,PSA17,PSA,SNG,TRUE
CCGTGAGAGGACGCAT,PBMC-06-1,PSA12,PSA,AMB,FALSE
CCGTGAGAGGCTCACC,PBMC-06-1,PSX01,PSX,SNG,TRUE
CCGTGAGAGTAGAATC,PBMC-06-1,PSO12,PSO,SNG,TRUE
CCGTGAGAGTAGCAAT,PBMC-06-1,PSO12,PSO,DBL,FALSE
CCGTGAGAGTCACTGT,PBMC-06-1,PSX04,PSX,SNG,TRUE
CCGTGAGAGTCTAACC,PBMC-06-1,PSO11,PSO,SNG,TRUE
CCGTGAGAGTGGACTG,PBMC-06-1,PSX01,PSX,SNG,TRUE
CCGTGAGCAATGCAGG,PBMC-06-1,PSO12,PSO,SNG,TRUE
CCGTGAGCAATGTGGG,PBMC-06-1,PSX01,PSX,AMB,FALSE
CCGTGAGCAATTCTTC,PBMC-06-1,PSA03,PSA,SNG,TRUE
CCGTGAGCACCATAAC,PBMC-06-1,PSX01,PSX,SNG,FALSE
CCGTGAGCACGGGTAA,PBMC-06-1,PSO12,PSO,SNG,TRUE
CCGTGAGCACGTGAGA,PBMC-06-1,PSX01,PSX,SNG,TRUE
CCGTGAGCAGTTACCA,PBMC-06-1,PSA13,PSA,SNG,TRUE
CCGTGAGCATAGGTTC,PBMC-06-1,PSO12,PSO,SNG,FALSE
CCGTGAGCATCCTATT,PBMC-06-1,PSO14,PSO,DBL,FALSE
CCGTGAGGTCCATAGT,PBMC-06-1,PSA02,PSA,SNG,TRUE
CCGTGAGGTGAGGCAT,PBMC-06-1,PSO14,PSO,DBL,FALSE
CCGTGAGGTGATAGAT,PBMC-06-1,PSO13,PSO,SNG,FALSE
CCGTGAGGTGTTACTG,PBMC-06-1,PSO15,PSO,SNG,TRUE
CCGTGAGGTTAGTTCG,PBMC-06-1,PSA12,PSA,SNG,FALSE
CCGTGAGTCTGACCCT,PBMC-06-1,PSX01,PSX,SNG,FALSE
CCGTGAGTCTGTGCTC,PBMC-06-1,PSO11,PSO,SNG,TRUE
CCGTTCAAGACCGTTT,PBMC-06-1,PSA16,PSA,DBL,FALSE
CCGTTCAAGACGGAAA,PBMC-06-1,PSA05,PSA,SNG,TRUE
CCGTTCAAGATTAGTG,PBMC-06-1,PSO12,PSO,SNG,TRUE
CCGTTCAAGCCTGTGC,PBMC-06-1,PSA15,PSA,SNG,TRUE
CCGTTCAAGCGATGAC,PBMC-06-1,PSA05,PSA,SNG,TRUE
CCGTTCAAGGTCACTT,PBMC-06-1,PSO13,PSO,AMB,FALSE
CCGTTCAAGGTCGAGT,PBMC-06-1,PSA16,PSA,DBL,FALSE
CCGTTCAAGGTTGACG,PBMC-06-1,PSO15,PSO,SNG,TRUE
CCGTTCACAAACTCTG,PBMC-06-1,PSA07,PSA,AMB,FALSE
CCGTTCACAACTTGGT,PBMC-06-1,PSX04,PSX,SNG,TRUE
CCGTTCACAAGGCGTA,PBMC-06-1,PSA15,PSA,SNG,TRUE
CCGTTCACAAGGTACG,PBMC-06-1,PSO15,PSO,SNG,TRUE
CCGTTCACAATGTTGC,PBMC-06-1,PSA07,PSA,SNG,TRUE
CCGTTCACACTACTTT,PBMC-06-1,PSA06,PSA,SNG,TRUE
CCGTTCACAGACCGCT,PBMC-06-1,PSO15,PSO,DBL,FALSE
CCGTTCACAGACCTGC,PBMC-06-1,PSO15,PSO,DBL,FALSE
CCGTTCACAGGCCCTA,PBMC-06-1,PSO15,PSO,AMB,FALSE
CCGTTCACATACCAGT,PBMC-06-1,PSA16,PSA,SNG,TRUE
CCGTTCACATTATGCG,PBMC-06-1,PSO11,PSO,DBL,FALSE
CCGTTCAGTAGAATGT,PBMC-06-1,PSO12,PSO,SNG,FALSE
CCGTTCAGTCAGCTTA,PBMC-06-1,PSA14,PSA,SNG,TRUE
CCGTTCAGTCCAAGAG,PBMC-06-1,PSA07,PSA,DBL,FALSE
CCGTTCATCAAGTGGG,PBMC-06-1,PSX01,PSX,SNG,TRUE
CCGTTCATCACCATAG,PBMC-06-1,PSA14,PSA,SNG,TRUE
CCGTTCATCACGACTA,PBMC-06-1,PSA04,PSA,SNG,TRUE
CCGTTCATCCAGGACC,PBMC-06-1,PSA07,PSA,DBL,FALSE
CCGTTCATCCTGTAGA,PBMC-06-1,PSA07,PSA,SNG,TRUE
CCTAACCAGAAATTCG,PBMC-06-1,PSO12,PSO,SNG,TRUE
CCTAACCAGCGGATCA,PBMC-06-1,PSA15,PSA,SNG,FALSE
CCTAACCAGGACTAAT,PBMC-06-1,PSX01,PSX,DBL,FALSE
CCTAACCAGGATCATA,PBMC-06-1,PSX01,PSX,SNG,FALSE
CCTAACCAGGATTCAA,PBMC-06-1,PSO14,PSO,SNG,FALSE
CCTAACCAGGTGTGAC,PBMC-06-1,PSA05,PSA,SNG,TRUE
CCTAACCAGTAGACAT,PBMC-06-1,PSA16,PSA,SNG,FALSE
CCTAACCAGTCTCCTC,PBMC-06-1,PSA12,PSA,SNG,TRUE
CCTAACCCAATATCCG,PBMC-06-1,PSA06,PSA,SNG,TRUE
CCTAACCCAATTTCTC,PBMC-06-1,PSX01,PSX,SNG,TRUE
CCTAACCCACAAGCTT,PBMC-06-1,PSA12,PSA,SNG,TRUE
CCTAACCCACCACTGG,PBMC-06-1,PSA05,PSA,SNG,TRUE
CCTAACCCACGGCACT,PBMC-06-1,PSA02,PSA,SNG,TRUE
CCTAACCCAGGGATAC,PBMC-06-1,PSO16,PSO,SNG,TRUE
CCTAACCCAGTAGATA,PBMC-06-1,PSA12,PSA,DBL,FALSE
CCTAACCGTCCGCAGT,PBMC-06-1,PSX01,PSX,AMB,FALSE
CCTAACCGTCTACATG,PBMC-06-1,PSA04,PSA,SNG,TRUE
CCTAACCGTTGACTAC,PBMC-06-1,PSA14,PSA,SNG,TRUE
CCTAACCGTTGAGGAC,PBMC-06-1,PSX01,PSX,SNG,FALSE
CCTAACCGTTTCACTT,PBMC-06-1,PSA07,PSA,DBL,FALSE
CCTAACCTCAAACTGC,PBMC-06-1,PSX01,PSX,SNG,TRUE
CCTAACCTCCGAACGC,PBMC-06-1,PSO15,PSO,SNG,TRUE
CCTAACCTCCTCGCAT,PBMC-06-1,PSX01,PSX,DBL,FALSE
CCTAACCTCGACTCCT,PBMC-06-1,PSO12,PSO,SNG,TRUE
CCTAAGAAGTCGCTAT,PBMC-06-1,PSX01,PSX,SNG,TRUE
CCTAAGAAGTGACCTT,PBMC-06-1,PSA14,PSA,DBL,FALSE
CCTAAGAAGTTACGTC,PBMC-06-1,PSX04,PSX,SNG,TRUE
CCTAAGACAAAGGTTA,PBMC-06-1,PSO12,PSO,AMB,FALSE
CCTAAGACAAGGGCAT,PBMC-06-1,PSA12,PSA,SNG,TRUE
CCTAAGACAATGGCAG,PBMC-06-1,PSX01,PSX,SNG,TRUE
CCTAAGACACACGCCA,PBMC-06-1,PSA07,PSA,DBL,FALSE
CCTAAGACACGGGTAA,PBMC-06-1,PSO15,PSO,SNG,TRUE
CCTAAGACACTCCTTG,PBMC-06-1,PSX04,PSX,SNG,TRUE
CCTAAGACAGACCAAG,PBMC-06-1,PSA02,PSA,SNG,TRUE
CCTAAGACAGGACTAG,PBMC-06-1,PSX04,PSX,DBL,FALSE
CCTAAGAGTAATGCTC,PBMC-06-1,PSA07,PSA,DBL,FALSE
CCTAAGAGTGACGTCC,PBMC-06-1,PSO13,PSO,SNG,TRUE
CCTAAGAGTTCAGGTT,PBMC-06-1,PSA17,PSA,DBL,FALSE
CCTAAGAGTTTACTGG,PBMC-06-1,PSA13,PSA,SNG,TRUE
CCTAAGATCATTGCTT,PBMC-06-1,PSA02,PSA,SNG,TRUE
CCTAAGATCTGGTTGA,PBMC-06-1,PSA05,PSA,DBL,FALSE
CCTACGTAGCGACTGA,PBMC-06-1,PSX01,PSX,SNG,TRUE
CCTACGTAGCGCGTTC,PBMC-06-1,PSO12,PSO,SNG,FALSE
CCTACGTAGGATCATA,PBMC-06-1,PSX01,PSX,SNG,TRUE
CCTACGTAGGTTGCCC,PBMC-06-1,PSA02,PSA,SNG,TRUE
CCTACGTAGTTGAAAC,PBMC-06-1,PSA07,PSA,SNG,TRUE
CCTACGTCAATCCTTT,PBMC-06-1,PSA14,PSA,DBL,FALSE
CCTACGTCACACCGCA,PBMC-06-1,PSA12,PSA,SNG,TRUE
CCTACGTCACCCTATC,PBMC-06-1,PSA14,PSA,SNG,TRUE
CCTACGTCAGATCCTA,PBMC-06-1,PSO15,PSO,SNG,TRUE
CCTACGTCAGTCCCGA,PBMC-06-1,PSA16,PSA,SNG,TRUE
CCTACGTCAGTCTACA,PBMC-06-1,PSA02,PSA,DBL,FALSE
CCTACGTCATCAGCTA,PBMC-06-1,PSA13,PSA,SNG,TRUE
CCTACGTCATTGGATC,PBMC-06-1,PSA16,PSA,SNG,FALSE
CCTACGTGTCACGACC,PBMC-06-1,PSA02,PSA,SNG,FALSE
CCTACGTGTCATGGCC,PBMC-06-1,PSA07,PSA,SNG,TRUE
CCTACGTGTCCGGTGT,PBMC-06-1,PSA07,PSA,SNG,TRUE
CCTACGTGTCTGTGAT,PBMC-06-1,PSA05,PSA,SNG,TRUE
CCTACGTGTGAACGGT,PBMC-06-1,PSA12,PSA,SNG,TRUE
CCTACGTGTGCACATT,PBMC-06-1,PSA03,PSA,DBL,FALSE
CCTACGTGTGGATACG,PBMC-06-1,PSA07,PSA,SNG,TRUE
CCTACGTGTGGGTATG,PBMC-06-1,PSA16,PSA,SNG,TRUE
CCTACGTGTTGGGTAG,PBMC-06-1,PSX01,PSX,SNG,FALSE
CCTACGTTCCCGGTAG,PBMC-06-1,PSA06,PSA,AMB,FALSE
CCTACGTTCCTATTTG,PBMC-06-1,PSA13,PSA,SNG,TRUE
CCTACGTTCTAACGGT,PBMC-06-1,PSO15,PSO,DBL,FALSE
CCTACGTTCTATCGGA,PBMC-06-1,PSA15,PSA,SNG,TRUE
CCTACGTTCTCGGTCT,PBMC-06-1,PSX01,PSX,DBL,FALSE
CCTACGTTCTTGAACG,PBMC-06-1,PSA04,PSA,SNG,TRUE
CCTATCGAGAAGCGAA,PBMC-06-1,PSX01,PSX,SNG,TRUE
CCTATCGAGACGACGT,PBMC-06-1,PSA12,PSA,AMB,FALSE
CCTATCGAGCCGGATA,PBMC-06-1,PSO14,PSO,SNG,TRUE
CCTATCGAGTTTCGGT,PBMC-06-1,PSO15,PSO,SNG,FALSE
CCTATCGCAATCGCCG,PBMC-06-1,PSA12,PSA,SNG,TRUE
CCTATCGCAGTTCCAA,PBMC-06-1,PSA14,PSA,SNG,FALSE
CCTATCGGTAGTGCGA,PBMC-06-1,PSA15,PSA,SNG,TRUE
CCTATCGGTATCACGT,PBMC-06-1,PSA17,PSA,SNG,TRUE
CCTATCGGTCGTTTCC,PBMC-06-1,PSA15,PSA,SNG,TRUE
CCTATCGGTGAGGCAT,PBMC-06-1,PSA14,PSA,SNG,TRUE
CCTATCGGTGAGTCAG,PBMC-06-1,PSA17,PSA,SNG,TRUE
CCTATCGTCAGGAACG,PBMC-06-1,PSO12,PSO,DBL,FALSE
CCTATCGTCCCGAAAT,PBMC-06-1,PSA15,PSA,DBL,FALSE
CCTATCGTCCCGATCT,PBMC-06-1,PSX01,PSX,SNG,TRUE
CCTATCGTCCTCTTTC,PBMC-06-1,PSA14,PSA,SNG,TRUE
CCTCAACAGCACACAG,PBMC-06-1,PSA16,PSA,SNG,TRUE
CCTCAACAGCGACCCT,PBMC-06-1,PSA16,PSA,SNG,TRUE
CCTCAACAGCGTCAAG,PBMC-06-1,PSA05,PSA,DBL,FALSE
CCTCAACAGGCCACTC,PBMC-06-1,PSA13,PSA,SNG,TRUE
CCTCAACAGTGTTGAA,PBMC-06-1,PSO14,PSO,DBL,FALSE
CCTCAACCAACCGTGC,PBMC-06-1,PSX04,PSX,SNG,TRUE
CCTCAACGTAAGAACT,PBMC-06-1,PSA07,PSA,SNG,TRUE
CCTCAACGTATACAGA,PBMC-06-1,PSA06,PSA,SNG,TRUE
CCTCAACGTCCAAGAG,PBMC-06-1,PSO15,PSO,SNG,TRUE
CCTCAACGTGCTGATT,PBMC-06-1,PSA12,PSA,DBL,FALSE
CCTCAACGTGGACCAA,PBMC-06-1,PSA07,PSA,DBL,FALSE
CCTCAACGTGTAAACA,PBMC-06-1,PSA15,PSA,DBL,FALSE
CCTCAACTCATAGCAC,PBMC-06-1,PSA07,PSA,SNG,TRUE
CCTCAACTCCTGTTGC,PBMC-06-1,PSA16,PSA,SNG,TRUE
CCTCAACTCGGAGATG,PBMC-06-1,PSA07,PSA,DBL,FALSE
CCTCAACTCTTTCGAT,PBMC-06-1,PSA04,PSA,SNG,FALSE
CCTCACACACTTCATT,PBMC-06-1,PSA15,PSA,SNG,TRUE
CCTCACACAGGGAATC,PBMC-06-1,PSA15,PSA,SNG,TRUE
CCTCACACAGGTTACT,PBMC-06-1,PSA02,PSA,DBL,FALSE
CCTCACAGTCAGGAGT,PBMC-06-1,PSA17,PSA,SNG,TRUE
CCTCACAGTGGTCCCA,PBMC-06-1,PSO12,PSO,SNG,TRUE
CCTCACAGTTTCGACA,PBMC-06-1,PSA14,PSA,SNG,TRUE
CCTCAGTCACATCCCT,PBMC-06-1,PSA12,PSA,SNG,TRUE
CCTCAGTCAGACCCGT,PBMC-06-1,PSO16,PSO,SNG,FALSE
CCTCAGTCAGCGATTT,PBMC-06-1,PSO16,PSO,SNG,TRUE
CCTCAGTCATCAGCTA,PBMC-06-1,PSA07,PSA,SNG,TRUE
CCTCAGTCATCCGCGA,PBMC-06-1,PSA02,PSA,SNG,FALSE
CCTCAGTCATCCTTCG,PBMC-06-1,PSA15,PSA,DBL,FALSE
CCTCAGTCATGTGGTT,PBMC-06-1,PSA12,PSA,SNG,FALSE
CCTCAGTGTCAACACT,PBMC-06-1,PSA12,PSA,SNG,FALSE
CCTCAGTGTGACACAG,PBMC-06-1,PSA15,PSA,SNG,TRUE
CCTCAGTTCACGGACC,PBMC-06-1,PSA12,PSA,SNG,FALSE
CCTCAGTTCATTACCT,PBMC-06-1,PSA05,PSA,SNG,TRUE
CCTCAGTTCCACGGAC,PBMC-06-1,PSA16,PSA,SNG,FALSE
CCTCAGTTCTGAGCAT,PBMC-06-1,PSA05,PSA,SNG,TRUE
CCTCATGAGAAGCGGG,PBMC-06-1,PSA02,PSA,SNG,TRUE
CCTCATGAGCCTCTCT,PBMC-06-1,PSO15,PSO,SNG,TRUE
CCTCATGAGCTCATAC,PBMC-06-1,PSA02,PSA,AMB,FALSE
CCTCATGAGTATGCAA,PBMC-06-1,PSA13,PSA,SNG,TRUE
CCTCATGAGTGATAAC,PBMC-06-1,PSA17,PSA,SNG,TRUE
CCTCATGAGTTCACTG,PBMC-06-1,PSA13,PSA,SNG,TRUE
CCTCATGCAAGGAGTC,PBMC-06-1,PSA02,PSA,DBL,FALSE
CCTCATGCAATGAAAC,PBMC-06-1,PSA16,PSA,SNG,TRUE
CCTCATGCAATTCTCT,PBMC-06-1,PSA04,PSA,DBL,FALSE
CCTCATGCACTATCCC,PBMC-06-1,PSO15,PSO,DBL,FALSE
CCTCATGCACTCTCGT,PBMC-06-1,PSA14,PSA,SNG,TRUE
CCTCATGCAGACCTGC,PBMC-06-1,PSA15,PSA,SNG,TRUE
CCTCATGCAGATCCTA,PBMC-06-1,PSA04,PSA,SNG,TRUE
CCTCATGCAGGTAGTG,PBMC-06-1,PSA06,PSA,SNG,TRUE
CCTCATGCAGTGTGGA,PBMC-06-1,PSA07,PSA,SNG,FALSE
CCTCATGCATAACAGA,PBMC-06-1,PSO12,PSO,SNG,TRUE
CCTCATGCATAATGCC,PBMC-06-1,PSO15,PSO,SNG,TRUE
CCTCATGCATAGGTTC,PBMC-06-1,PSA06,PSA,DBL,FALSE
CCTCATGGTCACCACG,PBMC-06-1,PSA14,PSA,SNG,TRUE
CCTCATGGTTAACAGA,PBMC-06-1,PSA05,PSA,SNG,TRUE
CCTCATGTCACCTTAT,PBMC-06-1,PSO15,PSO,SNG,TRUE
CCTCATGTCCTACCAC,PBMC-06-1,PSA15,PSA,SNG,TRUE
CCTCATGTCGCAATGT,PBMC-06-1,PSO12,PSO,SNG,TRUE
CCTCATGTCGCATTAG,PBMC-06-1,PSA16,PSA,SNG,TRUE
CCTCATGTCGTCGATA,PBMC-06-1,PSA15,PSA,SNG,TRUE
CCTCATGTCGTGAGAG,PBMC-06-1,PSX04,PSX,DBL,FALSE
CCTCATGTCTTAGCCC,PBMC-06-1,PSA17,PSA,DBL,FALSE
CCTCATGTCTTAGGAC,PBMC-06-1,PSA13,PSA,SNG,TRUE
CCTCCAAAGACGCATG,PBMC-06-1,PSA05,PSA,SNG,TRUE
CCTCCAAAGAGAAGGT,PBMC-06-1,PSA16,PSA,SNG,TRUE
CCTCCAAAGCCTGAGA,PBMC-06-1,PSO13,PSO,SNG,TRUE
CCTCCAAAGGACAAGA,PBMC-06-1,PSA07,PSA,SNG,FALSE
CCTCCAAAGGAGGCAG,PBMC-06-1,PSA16,PSA,SNG,TRUE
CCTCCAAAGGATGAGA,PBMC-06-1,PSA14,PSA,SNG,TRUE
CCTCCAAAGTGCACTT,PBMC-06-1,PSA15,PSA,SNG,FALSE
CCTCCAAAGTGTCATC,PBMC-06-1,PSA14,PSA,DBL,FALSE
CCTCCAACAACACGAG,PBMC-06-1,PSA15,PSA,DBL,FALSE
CCTCCAACAAGAATGT,PBMC-06-1,PSA05,PSA,SNG,TRUE
CCTCCAACACAGAGCA,PBMC-06-1,PSX01,PSX,SNG,TRUE
CCTCCAACACATATCG,PBMC-06-1,PSX01,PSX,SNG,TRUE
CCTCCAACAGGACTAG,PBMC-06-1,PSA15,PSA,SNG,TRUE
CCTCCAAGTCCATAGT,PBMC-06-1,PSA14,PSA,SNG,TRUE
CCTCCAAGTCTAATCG,PBMC-06-1,PSA06,PSA,DBL,FALSE
CCTCCAAGTCTACAGT,PBMC-06-1,PSA02,PSA,SNG,TRUE
CCTCCAAGTTTCACAG,PBMC-06-1,PSO14,PSO,DBL,FALSE
CCTCCAATCACCATAG,PBMC-06-1,PSO11,PSO,SNG,TRUE
CCTCCAATCAGACATC,PBMC-06-1,PSO12,PSO,DBL,FALSE
CCTCCAATCAGTGTCA,PBMC-06-1,PSO15,PSO,SNG,TRUE
CCTCCTCCAACCCTCT,PBMC-06-1,PSO14,PSO,SNG,TRUE
CCTCCTCCAATTGCAC,PBMC-06-1,PSO15,PSO,SNG,TRUE
CCTCCTCCACAGCTTA,PBMC-06-1,PSX01,PSX,SNG,TRUE
CCTCCTCCACGTCGGT,PBMC-06-1,PSA16,PSA,SNG,TRUE
CCTCCTCCAGGGAGAG,PBMC-06-1,PSA12,PSA,SNG,FALSE
CCTCCTCCATCTCAAG,PBMC-06-1,PSO11,PSO,SNG,TRUE
CCTCCTCCATGGAAGC,PBMC-06-1,PSX04,PSX,SNG,FALSE
CCTCCTCGTGAACTAA,PBMC-06-1,PSA15,PSA,DBL,FALSE
CCTCCTCGTGGGCTCT,PBMC-06-1,PSO15,PSO,SNG,TRUE
CCTCTAGAGCCATGCC,PBMC-06-1,PSA03,PSA,SNG,TRUE
CCTCTAGAGGAGGGTG,PBMC-06-1,PSX01,PSX,SNG,TRUE
CCTCTAGCAAAGGAGA,PBMC-06-1,PSA12,PSA,SNG,TRUE
CCTCTAGGTACAAAGT,PBMC-06-1,PSA02,PSA,SNG,TRUE
CCTCTAGGTGTGGACA,PBMC-06-1,PSA05,PSA,SNG,FALSE
CCTCTAGGTTGCATCA,PBMC-06-1,PSA06,PSA,DBL,FALSE
CCTCTAGGTTTCTATC,PBMC-06-1,PSA12,PSA,SNG,TRUE
CCTCTAGTCACTGGTA,PBMC-06-1,PSX01,PSX,SNG,FALSE
CCTCTAGTCAGCGCAC,PBMC-06-1,PSX01,PSX,SNG,TRUE
CCTCTAGTCGCTGTCT,PBMC-06-1,PSO15,PSO,SNG,TRUE
CCTCTAGTCGTGGGAA,PBMC-06-1,PSA12,PSA,SNG,FALSE
CCTCTAGTCGTGGTAT,PBMC-06-1,PSA12,PSA,SNG,TRUE
CCTCTAGTCTCTGCCA,PBMC-06-1,PSO15,PSO,SNG,TRUE
CCTCTCCAGACTCGAG,PBMC-06-1,PSO15,PSO,DBL,FALSE
CCTCTCCAGTTACGGG,PBMC-06-1,PSX01,PSX,SNG,TRUE
CCTCTCCCAACCCTAA,PBMC-06-1,PSA13,PSA,DBL,FALSE
CCTCTCCCAAGTAGTA,PBMC-06-1,PSA06,PSA,SNG,TRUE
CCTCTCCCAGTGACCC,PBMC-06-1,PSO15,PSO,SNG,TRUE
CCTCTCCCATGGGCAA,PBMC-06-1,PSA12,PSA,DBL,FALSE
CCTCTCCGTCAAGGCA,PBMC-06-1,PSX01,PSX,SNG,TRUE
CCTCTCCGTCATCAGT,PBMC-06-1,PSA03,PSA,SNG,TRUE
CCTCTCCGTCGCATCG,PBMC-06-1,PSO14,PSO,SNG,TRUE
CCTCTCCGTGCGACAA,PBMC-06-1,PSA02,PSA,DBL,FALSE
CCTCTCCGTGTCATTG,PBMC-06-1,PSA16,PSA,SNG,TRUE
CCTCTCCGTTCTCGCT,PBMC-06-1,PSA15,PSA,SNG,FALSE
CCTCTCCTCATAGCAC,PBMC-06-1,PSA04,PSA,DBL,FALSE
CCTCTCCTCCGTATAG,PBMC-06-1,PSA06,PSA,SNG,TRUE
CCTCTCCTCCTACCAC,PBMC-06-1,PSX04,PSX,SNG,TRUE
CCTGCATCAATAGGGC,PBMC-06-1,PSA05,PSA,SNG,TRUE
CCTGCATCACAAAGCG,PBMC-06-1,PSX01,PSX,SNG,TRUE
CCTGCATCAGCTGAAG,PBMC-06-1,PSX01,PSX,DBL,FALSE
CCTGCATCAGCTGAGA,PBMC-06-1,PSO16,PSO,AMB,FALSE
CCTGCATCATTGCAAC,PBMC-06-1,PSA14,PSA,SNG,TRUE
CCTGCATGTTCCTAGA,PBMC-06-1,PSO12,PSO,SNG,TRUE
CCTGCATGTTCTTCAT,PBMC-06-1,PSA04,PSA,SNG,TRUE
CCTGTTGCAAAGGGCT,PBMC-06-1,PSA16,PSA,SNG,TRUE
CCTGTTGCACTGGAAG,PBMC-06-1,PSO15,PSO,SNG,FALSE
CCTGTTGCAGAGGGTT,PBMC-06-1,PSO15,PSO,SNG,TRUE
CCTGTTGCAGAGTTGG,PBMC-06-1,PSA02,PSA,SNG,TRUE
CCTGTTGCAGATTTCG,PBMC-06-1,PSA02,PSA,SNG,TRUE
CCTGTTGCATAACTCG,PBMC-06-1,PSA05,PSA,SNG,FALSE
CCTGTTGGTAAGCGGT,PBMC-06-1,PSO15,PSO,DBL,FALSE
CCTGTTGGTCGTAATC,PBMC-06-1,PSA07,PSA,SNG,FALSE
CCTGTTGGTGAAAGTT,PBMC-06-1,PSO15,PSO,DBL,FALSE
CCTGTTGGTGGAAATT,PBMC-06-1,PSA06,PSA,SNG,FALSE
CCTGTTGGTGGCCTCA,PBMC-06-1,PSO11,PSO,AMB,FALSE
CCTGTTGGTGTTCATG,PBMC-06-1,PSO11,PSO,SNG,TRUE
CCTTCAGAGACAACTA,PBMC-06-1,PSX01,PSX,SNG,TRUE
CCTTCAGAGGTTGCCC,PBMC-06-1,PSA15,PSA,SNG,TRUE
CCTTCAGCACTCATAG,PBMC-06-1,PSA07,PSA,SNG,TRUE
CCTTCAGCAGCCCACA,PBMC-06-1,PSA15,PSA,SNG,TRUE
CCTTCAGCAGTCCCGA,PBMC-06-1,PSA02,PSA,SNG,TRUE
CCTTCAGCATTGACCA,PBMC-06-1,PSA16,PSA,DBL,FALSE
CCTTCAGGTCGATGCC,PBMC-06-1,PSA02,PSA,SNG,TRUE
CCTTCAGGTCTACTGA,PBMC-06-1,PSA02,PSA,SNG,TRUE
CCTTCAGGTCTGCCTT,PBMC-06-1,PSA04,PSA,SNG,TRUE
CCTTCAGGTCTTGAGT,PBMC-06-1,PSA07,PSA,SNG,FALSE
CCTTCAGGTGCAATAA,PBMC-06-1,PSO15,PSO,SNG,TRUE
CCTTCAGGTGCGACAA,PBMC-06-1,PSO15,PSO,SNG,TRUE
CCTTCAGGTGGATACG,PBMC-06-1,PSO13,PSO,SNG,TRUE
CCTTCAGGTGTGAGCA,PBMC-06-1,PSO16,PSO,SNG,TRUE
CCTTCAGGTTCCAAAC,PBMC-06-1,PSA12,PSA,SNG,TRUE
CCTTCAGTCCCATAAG,PBMC-06-1,PSA05,PSA,SNG,TRUE
CCTTCAGTCTACTGAG,PBMC-06-1,PSX01,PSX,SNG,TRUE
CCTTCAGTCTCGACGG,PBMC-06-1,PSO11,PSO,AMB,FALSE
CCTTCAGTCTCGGCTT,PBMC-06-1,PSA14,PSA,SNG,TRUE
CCTTCAGTCTTCGGAA,PBMC-06-1,PSA17,PSA,SNG,TRUE
CCTTGTGAGAGCAGAA,PBMC-06-1,PSA02,PSA,SNG,TRUE
CCTTGTGAGCACCCAC,PBMC-06-1,PSA15,PSA,SNG,FALSE
CCTTGTGAGCACGATG,PBMC-06-1,PSX01,PSX,SNG,FALSE
CCTTGTGAGCGCAATG,PBMC-06-1,PSA12,PSA,AMB,FALSE
CCTTGTGAGTTGAAAC,PBMC-06-1,PSA15,PSA,SNG,TRUE
CCTTGTGCATCATCTT,PBMC-06-1,PSA17,PSA,SNG,TRUE
CCTTGTGGTAAGAACT,PBMC-06-1,PSA12,PSA,SNG,FALSE
CCTTGTGGTAGAAACT,PBMC-06-1,PSX01,PSX,SNG,TRUE
CCTTGTGGTCCGGACT,PBMC-06-1,PSA17,PSA,SNG,TRUE
CCTTGTGGTCTACATG,PBMC-06-1,PSO14,PSO,AMB,FALSE
CCTTGTGGTGATTCTG,PBMC-06-1,PSO14,PSO,DBL,FALSE
CCTTGTGGTGCTGATT,PBMC-06-1,PSA05,PSA,SNG,TRUE
CCTTGTGGTTCGCGTG,PBMC-06-1,PSO14,PSO,SNG,TRUE
CCTTGTGTCCCTTGTG,PBMC-06-1,PSO14,PSO,SNG,FALSE
CCTTGTGTCCGCTGTT,PBMC-06-1,PSO11,PSO,SNG,TRUE
CCTTGTGTCGACCACG,PBMC-06-1,PSX04,PSX,SNG,FALSE
CCTTGTGTCGTGCATA,PBMC-06-1,PSA14,PSA,SNG,TRUE
CCTTGTGTCTTAGGAC,PBMC-06-1,PSO13,PSO,SNG,TRUE
CCTTTGGAGACTAAGT,PBMC-06-1,PSA15,PSA,SNG,TRUE
CCTTTGGAGATGATTG,PBMC-06-1,PSA13,PSA,DBL,FALSE
CCTTTGGAGCGGGTAT,PBMC-06-1,PSA05,PSA,SNG,FALSE
CCTTTGGAGTAGGCCA,PBMC-06-1,PSA12,PSA,DBL,FALSE
CCTTTGGAGTTGAAAC,PBMC-06-1,PSO13,PSO,AMB,FALSE
CCTTTGGCAAGAGCTG,PBMC-06-1,PSO15,PSO,SNG,TRUE
CCTTTGGCAGAGGCTA,PBMC-06-1,PSO12,PSO,SNG,FALSE
CCTTTGGCAGGATTCT,PBMC-06-1,PSA16,PSA,SNG,TRUE
CCTTTGGCAGGTAGTG,PBMC-06-1,PSA17,PSA,SNG,TRUE
CCTTTGGCAGGTTACT,PBMC-06-1,PSA04,PSA,SNG,TRUE
CCTTTGGCATCCTGTC,PBMC-06-1,PSX01,PSX,SNG,TRUE
CCTTTGGGTACTTCCC,PBMC-06-1,PSA15,PSA,SNG,TRUE
CCTTTGGGTCGATTTG,PBMC-06-1,PSO13,PSO,AMB,FALSE
CCTTTGGGTGATTCTG,PBMC-06-1,PSO15,PSO,DBL,FALSE
CCTTTGGGTTGCATCA,PBMC-06-1,PSX04,PSX,SNG,TRUE
CCTTTGGTCACCATAG,PBMC-06-1,PSA06,PSA,SNG,TRUE
CCTTTGGTCACTTGTT,PBMC-06-1,PSA03,PSA,SNG,TRUE
CCTTTGGTCATAGAGA,PBMC-06-1,PSA13,PSA,SNG,TRUE
CCTTTGGTCATTACGG,PBMC-06-1,PSA15,PSA,AMB,FALSE
CCTTTGGTCCCTTCCC,PBMC-06-1,PSA15,PSA,SNG,TRUE
CCTTTGGTCCTTCACG,PBMC-06-1,PSA16,PSA,SNG,TRUE
CCTTTGGTCGGTTAGT,PBMC-06-1,PSA03,PSA,SNG,TRUE
CCTTTGGTCTAGACCA,PBMC-06-1,PSA17,PSA,DBL,FALSE
CGAAGGAAGAAGTCTA,PBMC-06-1,PSA07,PSA,SNG,FALSE
CGAAGGAAGACTGTTC,PBMC-06-1,PSX01,PSX,SNG,TRUE
CGAAGGAAGCACACCC,PBMC-06-1,PSA05,PSA,SNG,TRUE
CGAAGGAAGGTTACAA,PBMC-06-1,PSA17,PSA,SNG,TRUE
CGAAGGAAGTGAACAT,PBMC-06-1,PSA16,PSA,SNG,TRUE
CGAAGGACAACGACAG,PBMC-06-1,PSO15,PSO,SNG,FALSE
CGAAGGACATGGCGCT,PBMC-06-1,PSA05,PSA,SNG,TRUE
CGAAGGAGTACAAACA,PBMC-06-1,PSO15,PSO,SNG,FALSE
CGAAGGAGTACTGAGG,PBMC-06-1,PSA04,PSA,SNG,TRUE
CGAAGGAGTAGGACTG,PBMC-06-1,PSA06,PSA,DBL,FALSE
CGAAGGAGTCGTGCCA,PBMC-06-1,PSA03,PSA,SNG,FALSE
CGAAGGAGTCTAACTG,PBMC-06-1,PSA02,PSA,SNG,TRUE
CGAAGGAGTCTACAGT,PBMC-06-1,PSA14,PSA,SNG,TRUE
CGAAGGAGTCTCTCAC,PBMC-06-1,PSA05,PSA,SNG,FALSE
CGAAGGAGTGATAGTA,PBMC-06-1,PSA16,PSA,SNG,TRUE
CGAAGGAGTGGGATTG,PBMC-06-1,PSA02,PSA,SNG,FALSE
CGAAGGATCAACACGT,PBMC-06-1,PSA03,PSA,SNG,TRUE
CGAAGGATCATTTCCA,PBMC-06-1,PSA14,PSA,SNG,TRUE
CGAAGGATCCCGAATA,PBMC-06-1,PSO15,PSO,SNG,TRUE
CGAAGGATCGATAACC,PBMC-06-1,PSA15,PSA,SNG,TRUE
CGAAGGATCGCTTGAA,PBMC-06-1,PSA16,PSA,DBL,FALSE
CGAAGGATCGGTCTGG,PBMC-06-1,PSA05,PSA,SNG,FALSE
CGAAGGATCGTTAGAC,PBMC-06-1,PSA13,PSA,SNG,TRUE
CGAAGGATCGTTCTAT,PBMC-06-1,PSA07,PSA,SNG,TRUE
CGAAGGATCTCTGACC,PBMC-06-1,PSA12,PSA,SNG,TRUE
CGAAGTTAGCACCGAA,PBMC-06-1,PSA02,PSA,SNG,FALSE
CGAAGTTAGTGGCAGT,PBMC-06-1,PSA02,PSA,SNG,TRUE
CGAAGTTCAAACAGGC,PBMC-06-1,PSA07,PSA,SNG,TRUE
CGAAGTTCACAGAGCA,PBMC-06-1,PSA12,PSA,SNG,TRUE
CGAAGTTCAGGTGTGA,PBMC-06-1,PSO15,PSO,DBL,FALSE
CGAAGTTCAGTGTATC,PBMC-06-1,PSX01,PSX,SNG,TRUE
CGAAGTTCATAAGATG,PBMC-06-1,PSX04,PSX,SNG,FALSE
CGAAGTTGTACAGCGA,PBMC-06-1,PSA02,PSA,SNG,TRUE
CGAAGTTGTAGGACCA,PBMC-06-1,PSX01,PSX,SNG,TRUE
CGAAGTTGTCAACCTA,PBMC-06-1,PSX04,PSX,SNG,TRUE
CGAAGTTGTCGAACAG,PBMC-06-1,PSO15,PSO,SNG,TRUE
CGAAGTTGTCGGAACA,PBMC-06-1,PSO13,PSO,SNG,TRUE
CGAAGTTGTGACACGA,PBMC-06-1,PSO11,PSO,SNG,TRUE
CGAAGTTGTTCTGACA,PBMC-06-1,PSX01,PSX,SNG,TRUE
CGAAGTTGTTGATGTC,PBMC-06-1,PSO11,PSO,SNG,TRUE
CGAAGTTGTTTCTTAC,PBMC-06-1,PSA07,PSA,SNG,FALSE
CGAAGTTTCCATGCAA,PBMC-06-1,PSA17,PSA,SNG,FALSE
CGAAGTTTCCCGAAAT,PBMC-06-1,PSA03,PSA,SNG,TRUE
CGAAGTTTCCTCTCGA,PBMC-06-1,PSO11,PSO,SNG,TRUE
CGAAGTTTCCTGTTGC,PBMC-06-1,PSA02,PSA,SNG,TRUE
CGAAGTTTCGCCTCTA,PBMC-06-1,PSA05,PSA,SNG,TRUE
CGAAGTTTCGTCACCT,PBMC-06-1,PSA17,PSA,SNG,TRUE
CGAAGTTTCTCGAGTA,PBMC-06-1,PSA02,PSA,AMB,FALSE
CGAAGTTTCTTCTGTA,PBMC-06-1,PSA12,PSA,SNG,TRUE
CGAATTGAGACTCGAG,PBMC-06-1,PSO12,PSO,SNG,TRUE
CGAATTGAGAGTGGCT,PBMC-06-1,PSA03,PSA,DBL,FALSE
CGAATTGAGCCATTGT,PBMC-06-1,PSA04,PSA,SNG,FALSE
CGAATTGAGCCATTTG,PBMC-06-1,PSO14,PSO,SNG,TRUE
CGAATTGAGCGTGAGT,PBMC-06-1,PSO15,PSO,SNG,TRUE
CGAATTGAGGACGGAG,PBMC-06-1,PSA05,PSA,SNG,TRUE
CGAATTGAGTATAACG,PBMC-06-1,PSA02,PSA,SNG,TRUE
CGAATTGAGTGTTCAC,PBMC-06-1,PSA03,PSA,SNG,FALSE
CGAATTGAGTTGGAAT,PBMC-06-1,PSA15,PSA,SNG,TRUE
CGAATTGCAAGCCTGC,PBMC-06-1,PSA03,PSA,SNG,TRUE
CGAATTGCACGGCTAC,PBMC-06-1,PSA06,PSA,SNG,TRUE
CGAATTGCAGTGTACT,PBMC-06-1,PSO15,PSO,SNG,FALSE
CGAATTGGTACAGTTC,PBMC-06-1,PSX01,PSX,SNG,TRUE
CGAATTGGTAGACAGC,PBMC-06-1,PSA06,PSA,SNG,TRUE
CGAATTGGTCTCGCGA,PBMC-06-1,PSO15,PSO,SNG,FALSE
CGAATTGGTGGATCAG,PBMC-06-1,PSA02,PSA,SNG,TRUE
CGAATTGGTGTGAATA,PBMC-06-1,PSA05,PSA,SNG,TRUE
CGAATTGGTTCCTAAG,PBMC-06-1,PSO15,PSO,DBL,FALSE
CGAATTGGTTGAAGTA,PBMC-06-1,PSA03,PSA,SNG,TRUE
CGAATTGTCCGAGTGC,PBMC-06-1,PSA06,PSA,SNG,TRUE
CGAATTGTCCTAGCGG,PBMC-06-1,PSA02,PSA,SNG,TRUE
CGAATTGTCCTGTAGA,PBMC-06-1,PSA16,PSA,SNG,TRUE
CGAATTGTCGAAGAAT,PBMC-06-1,PSX01,PSX,DBL,FALSE
CGAATTGTCGAGTCCG,PBMC-06-1,PSO12,PSO,SNG,TRUE
CGAATTGTCGCATGAT,PBMC-06-1,PSA13,PSA,SNG,FALSE
CGAATTGTCTTGTGCC,PBMC-06-1,PSO16,PSO,SNG,TRUE
CGACAGCAGAAATTGC,PBMC-06-1,PSA04,PSA,SNG,TRUE
CGACAGCAGACTCATC,PBMC-06-1,PSA02,PSA,SNG,TRUE
CGACAGCAGAGCCGTA,PBMC-06-1,PSA04,PSA,SNG,TRUE
CGACAGCAGATCACCT,PBMC-06-1,PSA02,PSA,SNG,TRUE
CGACAGCAGATGCTAA,PBMC-06-1,PSA13,PSA,SNG,TRUE
CGACAGCAGGCCCGTT,PBMC-06-1,PSA15,PSA,SNG,TRUE
CGACAGCAGTCGTTAC,PBMC-06-1,PSO15,PSO,SNG,TRUE
CGACAGCCAGACACAG,PBMC-06-1,PSA17,PSA,AMB,FALSE
CGACAGCCAGGTCCCA,PBMC-06-1,PSX04,PSX,DBL,FALSE
CGACAGCCAGTTCCAA,PBMC-06-1,PSA06,PSA,SNG,TRUE
CGACAGCCAGTTGCGC,PBMC-06-1,PSO15,PSO,SNG,TRUE
CGACAGCCATACATCG,PBMC-06-1,PSX04,PSX,AMB,FALSE
CGACAGCCATGAATAG,PBMC-06-1,PSA12,PSA,SNG,TRUE
CGACAGCGTAGCGAGT,PBMC-06-1,PSX04,PSX,SNG,TRUE
CGACAGCGTATGTGTC,PBMC-06-1,PSA14,PSA,SNG,TRUE
CGACAGCGTGTCGATT,PBMC-06-1,PSA07,PSA,SNG,FALSE
CGACAGCGTTATCTGG,PBMC-06-1,PSO15,PSO,SNG,FALSE
CGAGAAGAGCTCAGAG,PBMC-06-1,PSA02,PSA,SNG,TRUE
CGAGAAGAGTGGTGAC,PBMC-06-1,PSA05,PSA,SNG,TRUE
CGAGAAGCAAGATTGA,PBMC-06-1,PSA12,PSA,DBL,FALSE
CGAGAAGCATATCGGT,PBMC-06-1,PSX04,PSX,SNG,TRUE
CGAGAAGGTAGTACGG,PBMC-06-1,PSA07,PSA,SNG,FALSE
CGAGAAGGTCAAGGCA,PBMC-06-1,PSO12,PSO,DBL,FALSE
CGAGAAGGTCACGCTG,PBMC-06-1,PSA06,PSA,SNG,TRUE
CGAGAAGTCACCGACG,PBMC-06-1,PSA12,PSA,DBL,FALSE
CGAGAAGTCCACGTAA,PBMC-06-1,PSA03,PSA,SNG,TRUE
CGAGAAGTCGCAGTTA,PBMC-06-1,PSO15,PSO,SNG,TRUE
CGAGAAGTCTCCCTAG,PBMC-06-1,PSA04,PSA,SNG,TRUE
CGAGAAGTCTGGTGGC,PBMC-06-1,PSA05,PSA,SNG,TRUE
CGAGAAGTCTTAGTTC,PBMC-06-1,PSA07,PSA,SNG,FALSE
CGAGAAGTCTTTGCGC,PBMC-06-1,PSO15,PSO,DBL,FALSE
CGAGAAGTCTTTGCTA,PBMC-06-1,PSA03,PSA,SNG,TRUE
CGAGGAAAGCGTTAGG,PBMC-06-1,PSA03,PSA,SNG,TRUE
CGAGGAAAGTACGAGC,PBMC-06-1,PSA06,PSA,SNG,TRUE
CGAGGAACAAATGAAC,PBMC-06-1,PSO16,PSO,SNG,TRUE
CGAGGAACAAGCCATT,PBMC-06-1,PSO15,PSO,SNG,TRUE
CGAGGAAGTGGTGATG,PBMC-06-1,PSA16,PSA,SNG,TRUE
CGAGGAAGTTAAACAG,PBMC-06-1,PSO15,PSO,SNG,FALSE
CGAGGAATCGCTGCGA,PBMC-06-1,PSA02,PSA,SNG,TRUE
CGAGGAATCTAAACGC,PBMC-06-1,PSA02,PSA,SNG,TRUE
CGAGGCTAGGCGTTGA,PBMC-06-1,PSX01,PSX,SNG,FALSE
CGAGGCTAGGCTATCT,PBMC-06-1,PSX01,PSX,SNG,TRUE
CGAGGCTCAATCGCGC,PBMC-06-1,PSO15,PSO,SNG,TRUE
CGAGGCTCAATGCAAA,PBMC-06-1,PSO15,PSO,SNG,TRUE
CGAGGCTCAATTCGTG,PBMC-06-1,PSO12,PSO,SNG,TRUE
CGAGGCTCACAGTACT,PBMC-06-1,PSA06,PSA,SNG,TRUE
CGAGGCTCATTGCAAC,PBMC-06-1,PSA06,PSA,SNG,TRUE
CGAGGCTGTAACACCT,PBMC-06-1,PSA17,PSA,DBL,FALSE
CGAGGCTGTCAATCTG,PBMC-06-1,PSA13,PSA,SNG,TRUE
CGAGGCTGTCGATTAC,PBMC-06-1,PSA04,PSA,SNG,TRUE
CGAGGCTGTTCCTTGC,PBMC-06-1,PSX01,PSX,SNG,TRUE
CGAGGCTGTTCGTTCC,PBMC-06-1,PSA14,PSA,SNG,TRUE
CGAGGCTGTTTGTTGG,PBMC-06-1,PSA16,PSA,SNG,TRUE
CGAGGCTTCCATCTGC,PBMC-06-1,PSO12,PSO,SNG,FALSE
CGAGGCTTCCGGTAAT,PBMC-06-1,PSA12,PSA,AMB,FALSE
CGAGGCTTCGACCACG,PBMC-06-1,PSO11,PSO,DBL,FALSE
CGAGGCTTCTGGCTGG,PBMC-06-1,PSA15,PSA,AMB,FALSE
CGAGGCTTCTTGCAAG,PBMC-06-1,PSX04,PSX,DBL,FALSE
CGAGTGCAGTGAGTGC,PBMC-06-1,PSA12,PSA,SNG,TRUE
CGAGTGCAGTTGTACC,PBMC-06-1,PSX01,PSX,SNG,TRUE
CGAGTGCCACCGGAAA,PBMC-06-1,PSA16,PSA,SNG,TRUE
CGAGTGCCACTGGACC,PBMC-06-1,PSX04,PSX,SNG,FALSE
CGAGTGCCATTCCTAT,PBMC-06-1,PSA17,PSA,SNG,TRUE
CGAGTGCGTCAGGTGA,PBMC-06-1,PSX01,PSX,SNG,TRUE
CGAGTGCGTTGGCTAT,PBMC-06-1,PSA05,PSA,SNG,TRUE
CGAGTGCTCAGACTGT,PBMC-06-1,PSX01,PSX,SNG,TRUE
CGAGTGCTCAGCAATC,PBMC-06-1,PSO11,PSO,SNG,TRUE
CGAGTGCTCATTGCGA,PBMC-06-1,PSA06,PSA,DBL,FALSE
CGAGTTACAAACCACT,PBMC-06-1,PSA17,PSA,SNG,TRUE
CGAGTTACAGCTTTCC,PBMC-06-1,PSA13,PSA,AMB,FALSE
CGAGTTACATCGGCCA,PBMC-06-1,PSO15,PSO,SNG,TRUE
CGAGTTACATGTTACG,PBMC-06-1,PSA17,PSA,DBL,FALSE
CGAGTTAGTACCCGAC,PBMC-06-1,PSA05,PSA,SNG,TRUE
CGAGTTAGTGAAGCTG,PBMC-06-1,PSO14,PSO,SNG,TRUE
CGAGTTAGTGAGTAAT,PBMC-06-1,PSA04,PSA,SNG,TRUE
CGAGTTAGTTAGGCCC,PBMC-06-1,PSA12,PSA,SNG,TRUE
CGAGTTAGTTAGGCTT,PBMC-06-1,PSA02,PSA,SNG,TRUE
CGATCGGAGAACGTGC,PBMC-06-1,PSX04,PSX,SNG,TRUE
CGATCGGAGCTCATAC,PBMC-06-1,PSX01,PSX,SNG,TRUE
CGATCGGAGCTTACGT,PBMC-06-1,PSA03,PSA,DBL,FALSE
CGATCGGAGTTAGAAC,PBMC-06-1,PSA06,PSA,SNG,TRUE
CGATCGGCAACACTAC,PBMC-06-1,PSA05,PSA,DBL,FALSE
CGATCGGCAAGGCCTC,PBMC-06-1,PSA13,PSA,SNG,TRUE
CGATCGGCACGCGGTT,PBMC-06-1,PSA07,PSA,DBL,FALSE
CGATCGGCATCCTTGC,PBMC-06-1,PSA03,PSA,SNG,FALSE
CGATCGGCATCGCTGG,PBMC-06-1,PSO15,PSO,DBL,FALSE
CGATCGGGTCATTGCA,PBMC-06-1,PSX01,PSX,SNG,TRUE
CGATCGGGTCCGGCAT,PBMC-06-1,PSO15,PSO,SNG,TRUE
CGATCGGTCGAAATCC,PBMC-06-1,PSA04,PSA,SNG,TRUE
CGATCGGTCGGTCGAC,PBMC-06-1,PSA14,PSA,SNG,TRUE
CGATCGGTCTCCTGTG,PBMC-06-1,PSO15,PSO,SNG,TRUE
CGATGCGAGCCGATCC,PBMC-06-1,PSA12,PSA,SNG,TRUE
CGATGCGCAAATGAAC,PBMC-06-1,PSX01,PSX,SNG,TRUE
CGATGCGCAAATGAGT,PBMC-06-1,PSA17,PSA,SNG,TRUE
CGATGCGCAACCGGAA,PBMC-06-1,PSA16,PSA,SNG,TRUE
CGATGCGCAAGTTGGG,PBMC-06-1,PSO15,PSO,SNG,TRUE
CGATGCGCACCGGTCA,PBMC-06-1,PSX04,PSX,SNG,TRUE
CGATGCGCACTCTGCT,PBMC-06-1,PSA13,PSA,SNG,TRUE
CGATGCGCAGTGGCTC,PBMC-06-1,PSO14,PSO,SNG,TRUE
CGATGCGGTAAGGCCA,PBMC-06-1,PSA05,PSA,SNG,TRUE
CGATGCGGTGCGACAA,PBMC-06-1,PSA15,PSA,SNG,TRUE
CGATGCGGTGTTCGAT,PBMC-06-1,PSX01,PSX,SNG,TRUE
CGATGCGTCAGCTTCC,PBMC-06-1,PSA02,PSA,SNG,TRUE
CGATGCGTCGCTTGAA,PBMC-06-1,PSA15,PSA,SNG,TRUE
CGATGCGTCGTCCTTG,PBMC-06-1,PSA15,PSA,SNG,TRUE
CGATGCGTCTCATTGT,PBMC-06-1,PSO12,PSO,SNG,TRUE
CGATGCGTCTGAGAGG,PBMC-06-1,PSA12,PSA,DBL,FALSE
CGATGCGTCTTTCCAA,PBMC-06-1,PSO15,PSO,SNG,TRUE
CGATGGCAGAGCGACT,PBMC-06-1,PSA04,PSA,SNG,TRUE
CGATGGCAGATTGCGG,PBMC-06-1,PSX01,PSX,SNG,TRUE
CGATGGCAGCAACAGC,PBMC-06-1,PSA13,PSA,DBL,FALSE
CGATGGCAGGTACATA,PBMC-06-1,PSA02,PSA,SNG,TRUE
CGATGGCAGGTCACAG,PBMC-06-1,PSO14,PSO,AMB,FALSE
CGATGGCCAACAGCTT,PBMC-06-1,PSA03,PSA,SNG,FALSE
CGATGGCCAACAGTGG,PBMC-06-1,PSA04,PSA,SNG,TRUE
CGATGGCCACATAACC,PBMC-06-1,PSO12,PSO,AMB,FALSE
CGATGGCCAGATACTC,PBMC-06-1,PSA02,PSA,SNG,TRUE
CGATGGCCAGGTGAGT,PBMC-06-1,PSA07,PSA,SNG,TRUE
CGATGGCCATGACTTG,PBMC-06-1,PSA06,PSA,SNG,TRUE
CGATGGCCATGTGACT,PBMC-06-1,PSA06,PSA,SNG,TRUE
CGATGGCGTATCACCA,PBMC-06-1,PSA12,PSA,SNG,FALSE
CGATGGCGTCATGCAT,PBMC-06-1,PSA06,PSA,DBL,FALSE
CGATGGCGTCGAGATG,PBMC-06-1,PSA16,PSA,SNG,TRUE
CGATGGCGTCTACGAT,PBMC-06-1,PSA05,PSA,SNG,FALSE
CGATGGCGTGAAGCGT,PBMC-06-1,PSO15,PSO,SNG,TRUE
CGATGGCGTGAGATCG,PBMC-06-1,PSA16,PSA,SNG,TRUE
CGATGGCGTTAGTTCG,PBMC-06-1,PSO12,PSO,SNG,FALSE
CGATGGCTCACATCAG,PBMC-06-1,PSA14,PSA,SNG,FALSE
CGATGGCTCACCCTGT,PBMC-06-1,PSA12,PSA,SNG,FALSE
CGATGGCTCACCTCAC,PBMC-06-1,PSX01,PSX,SNG,TRUE
CGATGGCTCACCTGGG,PBMC-06-1,PSO15,PSO,AMB,FALSE
CGATGGCTCATTTGGG,PBMC-06-1,PSA07,PSA,DBL,FALSE
CGATGGCTCCCTGGTT,PBMC-06-1,PSO13,PSO,SNG,TRUE
CGATGGCTCGTAGGGA,PBMC-06-1,PSA02,PSA,SNG,TRUE
CGATGGCTCGTTCTAT,PBMC-06-1,PSA13,PSA,SNG,TRUE
CGATGGCTCTTACGTT,PBMC-06-1,PSA16,PSA,SNG,FALSE
CGATGGCTCTTCTCAA,PBMC-06-1,PSX01,PSX,SNG,TRUE
CGCAGGTAGACCAGCA,PBMC-06-1,PSA14,PSA,SNG,TRUE
CGCAGGTAGAGTTGCG,PBMC-06-1,PSA06,PSA,DBL,FALSE
CGCAGGTAGATGACAT,PBMC-06-1,PSA06,PSA,SNG,TRUE
CGCAGGTAGCAGCGAT,PBMC-06-1,PSA12,PSA,SNG,TRUE
CGCAGGTAGCCGATCC,PBMC-06-1,PSA05,PSA,DBL,FALSE
CGCAGGTAGGCTGAAC,PBMC-06-1,PSA12,PSA,SNG,FALSE
CGCAGGTAGTGGTTAA,PBMC-06-1,PSA03,PSA,SNG,TRUE
CGCAGGTCACAAACGG,PBMC-06-1,PSA02,PSA,SNG,TRUE
CGCAGGTCACGCGGTT,PBMC-06-1,PSA04,PSA,SNG,TRUE
CGCAGGTCACTTCATT,PBMC-06-1,PSA06,PSA,SNG,TRUE
CGCAGGTCATGACACT,PBMC-06-1,PSA05,PSA,SNG,TRUE
CGCAGGTCATTGCCTC,PBMC-06-1,PSO15,PSO,SNG,TRUE
CGCAGGTGTACTGCGC,PBMC-06-1,PSA05,PSA,SNG,TRUE
CGCAGGTGTGCATTAC,PBMC-06-1,PSA07,PSA,SNG,TRUE
CGCAGGTGTGCTCTCT,PBMC-06-1,PSA06,PSA,SNG,TRUE
CGCAGGTGTGGGTCAA,PBMC-06-1,PSX01,PSX,SNG,FALSE
CGCAGGTGTGTGCCTG,PBMC-06-1,PSA04,PSA,SNG,TRUE
CGCAGGTGTTCTCAGA,PBMC-06-1,PSA07,PSA,SNG,FALSE
CGCAGGTTCATGGGAG,PBMC-06-1,PSX01,PSX,DBL,FALSE
CGCAGGTTCCGCAGTG,PBMC-06-1,PSA16,PSA,SNG,TRUE
CGCATAAAGCTCAGAG,PBMC-06-1,PSO15,PSO,SNG,FALSE
CGCATAAAGGAGGGTG,PBMC-06-1,PSA04,PSA,SNG,TRUE
CGCATAACAACCGTGC,PBMC-06-1,PSA02,PSA,AMB,FALSE
CGCATAACAACGACTT,PBMC-06-1,PSA12,PSA,SNG,TRUE
CGCATAACAACTTGGT,PBMC-06-1,PSA06,PSA,SNG,TRUE
CGCATAACAAGGATGC,PBMC-06-1,PSA06,PSA,SNG,TRUE
CGCATAACAGCAAGAC,PBMC-06-1,PSA07,PSA,SNG,FALSE
CGCATAACAGTCGGTC,PBMC-06-1,PSA07,PSA,SNG,TRUE
CGCATAACATACACCA,PBMC-06-1,PSA14,PSA,SNG,TRUE
CGCATAACATGGTACT,PBMC-06-1,PSA15,PSA,SNG,TRUE
CGCATAACATTGAAGA,PBMC-06-1,PSA07,PSA,SNG,TRUE
CGCATAAGTATCGGTT,PBMC-06-1,PSO14,PSO,SNG,TRUE
CGCATAAGTATGAGAT,PBMC-06-1,PSO12,PSO,SNG,TRUE
CGCATAAGTCAAGTTC,PBMC-06-1,PSA12,PSA,SNG,TRUE
CGCATAAGTCACGTGC,PBMC-06-1,PSX01,PSX,SNG,TRUE
CGCATAAGTCGTTATG,PBMC-06-1,PSA15,PSA,SNG,TRUE
CGCATAAGTTATTCTC,PBMC-06-1,PSA12,PSA,SNG,TRUE
CGCATAATCCATCGTC,PBMC-06-1,PSO11,PSO,SNG,TRUE
CGCATAATCGCCATAA,PBMC-06-1,PSO12,PSO,SNG,TRUE
CGCATGGAGCCATGCC,PBMC-06-1,PSA17,PSA,SNG,TRUE
CGCATGGAGCGACTGA,PBMC-06-1,PSA02,PSA,SNG,TRUE
CGCATGGCAAATCGTC,PBMC-06-1,PSA14,PSA,DBL,FALSE
CGCATGGCAATCGTCA,PBMC-06-1,PSX01,PSX,SNG,TRUE
CGCATGGCACTCTAGA,PBMC-06-1,PSA06,PSA,SNG,TRUE
CGCATGGCATACATCG,PBMC-06-1,PSA12,PSA,SNG,FALSE
CGCATGGCATCGGATT,PBMC-06-1,PSA04,PSA,SNG,TRUE
CGCATGGGTCAGTCCG,PBMC-06-1,PSA16,PSA,SNG,TRUE
CGCATGGGTGTAGCAG,PBMC-06-1,PSA04,PSA,SNG,TRUE
CGCATGGTCAAGTGGG,PBMC-06-1,PSA13,PSA,DBL,FALSE
CGCATGGTCACGGACC,PBMC-06-1,PSA02,PSA,SNG,TRUE
CGCATGGTCAGCCTCT,PBMC-06-1,PSA14,PSA,SNG,TRUE
CGCATGGTCCACTTTA,PBMC-06-1,PSA02,PSA,SNG,TRUE
CGCATGGTCCCTTCCC,PBMC-06-1,PSA06,PSA,SNG,TRUE
CGCATGGTCCTCACCA,PBMC-06-1,PSX04,PSX,SNG,TRUE
CGCATGGTCGACCATA,PBMC-06-1,PSO13,PSO,SNG,FALSE
CGCATGGTCGTCGCTT,PBMC-06-1,PSX04,PSX,SNG,TRUE
CGCATGGTCTCCCATG,PBMC-06-1,PSA15,PSA,SNG,TRUE
CGCCAGAAGCATCCTA,PBMC-06-1,PSA06,PSA,DBL,FALSE
CGCCAGAAGCCTCTCT,PBMC-06-1,PSA16,PSA,SNG,TRUE
CGCCAGAAGCGTCTCG,PBMC-06-1,PSX04,PSX,SNG,FALSE
CGCCAGAAGGCGTTAG,PBMC-06-1,PSA07,PSA,SNG,TRUE
CGCCAGAAGGTCCCGT,PBMC-06-1,PSO15,PSO,SNG,TRUE
CGCCAGAAGTTCCATG,PBMC-06-1,PSX01,PSX,SNG,TRUE
CGCCAGACACGAGGTA,PBMC-06-1,PSA07,PSA,SNG,FALSE
CGCCAGACACGCCACA,PBMC-06-1,PSX01,PSX,SNG,TRUE
CGCCAGACATGGCTAT,PBMC-06-1,PSA16,PSA,SNG,TRUE
CGCCAGAGTAACATGA,PBMC-06-1,PSA03,PSA,DBL,FALSE
CGCCAGAGTACATTGC,PBMC-06-1,PSO14,PSO,SNG,TRUE
CGCCAGAGTAGACAGC,PBMC-06-1,PSA06,PSA,SNG,TRUE
CGCCAGAGTCAACGCC,PBMC-06-1,PSX04,PSX,SNG,TRUE
CGCCAGAGTCGCTTAA,PBMC-06-1,PSX04,PSX,SNG,TRUE
CGCCAGAGTCGTCATA,PBMC-06-1,PSO11,PSO,SNG,TRUE
CGCCAGAGTGGTGATG,PBMC-06-1,PSO12,PSO,SNG,FALSE
CGCCAGAGTTCATCTT,PBMC-06-1,PSA05,PSA,DBL,FALSE
CGCCAGAGTTGTATGC,PBMC-06-1,PSO15,PSO,DBL,FALSE
CGCCAGATCGACATAC,PBMC-06-1,PSA16,PSA,SNG,FALSE
CGCCAGATCGTGGCTG,PBMC-06-1,PSX04,PSX,SNG,FALSE
CGCCATTCAAATGGAT,PBMC-06-1,PSA14,PSA,SNG,FALSE
CGCCATTCAATTAGGA,PBMC-06-1,PSA12,PSA,SNG,FALSE
CGCCATTGTACCTAGT,PBMC-06-1,PSX01,PSX,SNG,TRUE
CGCCATTGTATCGAAA,PBMC-06-1,PSA02,PSA,SNG,FALSE
CGCCATTGTATTGAGA,PBMC-06-1,PSA02,PSA,SNG,TRUE
CGCCATTGTCACAGAG,PBMC-06-1,PSA16,PSA,SNG,FALSE
CGCCATTGTGACAACG,PBMC-06-1,PSA16,PSA,DBL,FALSE
CGCCATTGTGGGAGAG,PBMC-06-1,PSA14,PSA,SNG,TRUE
CGCGTGAAGAAACCAT,PBMC-06-1,PSA16,PSA,SNG,TRUE
CGCGTGAAGACAACTA,PBMC-06-1,PSA14,PSA,SNG,TRUE
CGCGTGAAGATCGACG,PBMC-06-1,PSA12,PSA,SNG,TRUE
CGCGTGAAGCACCGTC,PBMC-06-1,PSA02,PSA,SNG,TRUE
CGCGTGAAGCGACAGT,PBMC-06-1,PSX04,PSX,SNG,TRUE
CGCGTGAAGCGACTTT,PBMC-06-1,PSA14,PSA,SNG,TRUE
CGCGTGAAGGAACTAT,PBMC-06-1,PSO12,PSO,AMB,FALSE
CGCGTGAAGGATAATC,PBMC-06-1,PSX01,PSX,SNG,TRUE
CGCGTGAAGTTAACGA,PBMC-06-1,PSA03,PSA,SNG,TRUE
CGCGTGACAAAGGCTG,PBMC-06-1,PSA03,PSA,DBL,FALSE
CGCGTGACAAGCACAG,PBMC-06-1,PSA17,PSA,SNG,TRUE
CGCGTGACACTTTAGG,PBMC-06-1,PSA05,PSA,SNG,FALSE
CGCGTGACAGTGACCC,PBMC-06-1,PSA06,PSA,SNG,TRUE
CGCGTGACATCCGCGA,PBMC-06-1,PSA14,PSA,SNG,TRUE
CGCGTGACATCCGTTC,PBMC-06-1,PSA13,PSA,SNG,TRUE
CGCGTGAGTCGTGGAA,PBMC-06-1,PSA04,PSA,SNG,TRUE
CGCGTGAGTGGAATGC,PBMC-06-1,PSO14,PSO,SNG,TRUE
CGCGTGAGTTACACTG,PBMC-06-1,PSA06,PSA,SNG,TRUE
CGCGTGAGTTGGCCTG,PBMC-06-1,PSX04,PSX,SNG,TRUE
CGCGTGATCATAGACC,PBMC-06-1,PSA05,PSA,SNG,TRUE
CGCGTGATCCACGAAT,PBMC-06-1,PSA16,PSA,SNG,TRUE
CGCGTGATCCATTGCC,PBMC-06-1,PSA14,PSA,DBL,FALSE
CGCGTGATCCGATGCG,PBMC-06-1,PSO15,PSO,DBL,FALSE
CGCGTGATCGAAGCCC,PBMC-06-1,PSA04,PSA,SNG,TRUE
CGCGTGATCGAAGTGG,PBMC-06-1,PSA03,PSA,SNG,TRUE
CGCGTGATCGGAATGG,PBMC-06-1,PSA17,PSA,SNG,FALSE
CGCGTGATCTCTGCTG,PBMC-06-1,PSA06,PSA,SNG,TRUE
CGGAACCAGTAATTGG,PBMC-06-1,PSA16,PSA,SNG,TRUE
CGGAACCAGTGAACAT,PBMC-06-1,PSA17,PSA,SNG,TRUE
CGGAACCCAACGTATC,PBMC-06-1,PSX01,PSX,SNG,TRUE
CGGAACCCAAGTGATA,PBMC-06-1,PSA05,PSA,SNG,TRUE
CGGAACCCACTTCTCG,PBMC-06-1,PSX04,PSX,SNG,TRUE
CGGAACCCAGAGTCAG,PBMC-06-1,PSO12,PSO,SNG,FALSE
CGGAACCCAGTTCTAG,PBMC-06-1,PSA07,PSA,SNG,TRUE
CGGAACCCATCGAAGG,PBMC-06-1,PSA05,PSA,SNG,TRUE
CGGAACCGTCTACAAC,PBMC-06-1,PSA14,PSA,SNG,TRUE
CGGAACCGTGCAACAG,PBMC-06-1,PSX01,PSX,SNG,TRUE
CGGAACCGTTGCATTG,PBMC-06-1,PSA02,PSA,SNG,TRUE
CGGAACCTCAAGTTGC,PBMC-06-1,PSA12,PSA,SNG,TRUE
CGGAACCTCGCAGTGC,PBMC-06-1,PSX01,PSX,SNG,TRUE
CGGAACCTCTCTCTAA,PBMC-06-1,PSA16,PSA,SNG,TRUE
CGGAACCTCTCTTGCG,PBMC-06-1,PSA03,PSA,DBL,FALSE
CGGAACCTCTGGGTCG,PBMC-06-1,PSA16,PSA,SNG,TRUE
CGGAACCTCTGTAAGC,PBMC-06-1,PSO15,PSO,SNG,TRUE
CGGAACCTCTTGATTC,PBMC-06-1,PSA03,PSA,SNG,TRUE
CGGAATTAGGAGAGGC,PBMC-06-1,PSA03,PSA,SNG,TRUE
CGGAATTAGTGTACAA,PBMC-06-1,PSA17,PSA,SNG,TRUE
CGGAATTCAAGCACAG,PBMC-06-1,PSO15,PSO,SNG,TRUE
CGGAATTCAGACGGAT,PBMC-06-1,PSO12,PSO,SNG,TRUE
CGGAATTCAGTCTGGC,PBMC-06-1,PSA06,PSA,SNG,TRUE
CGGAATTCATAAGATG,PBMC-06-1,PSA07,PSA,SNG,TRUE
CGGAATTCATAAGCGG,PBMC-06-1,PSA04,PSA,SNG,TRUE
CGGAATTCATGGGATG,PBMC-06-1,PSA02,PSA,SNG,FALSE
CGGAATTGTAGCGTCC,PBMC-06-1,PSO13,PSO,SNG,TRUE
CGGAATTGTCATCGCG,PBMC-06-1,PSA07,PSA,SNG,FALSE
CGGAATTGTGAGTTGG,PBMC-06-1,PSA02,PSA,SNG,TRUE
CGGAATTGTGCCTGCA,PBMC-06-1,PSA02,PSA,SNG,TRUE
CGGAATTGTTGTACGT,PBMC-06-1,PSX04,PSX,SNG,TRUE
CGGAATTTCAAGAGGC,PBMC-06-1,PSA13,PSA,DBL,FALSE
CGGAATTTCCGCGAGT,PBMC-06-1,PSA15,PSA,DBL,FALSE
CGGAATTTCCTACTGC,PBMC-06-1,PSO14,PSO,AMB,FALSE
CGGAATTTCGAATCCA,PBMC-06-1,PSA14,PSA,DBL,FALSE
CGGAATTTCGCTGACG,PBMC-06-1,PSA16,PSA,SNG,TRUE
CGGAATTTCTACTGCC,PBMC-06-1,PSA07,PSA,SNG,TRUE
CGGAATTTCTGATGGT,PBMC-06-1,PSA02,PSA,SNG,TRUE
CGGACACAGTACTCGT,PBMC-06-1,PSA06,PSA,SNG,TRUE
CGGACACCAACAGAGC,PBMC-06-1,PSA13,PSA,SNG,TRUE
CGGACACCAAGTGCAG,PBMC-06-1,PSA05,PSA,DBL,FALSE
CGGACACGTCACGCTG,PBMC-06-1,PSA02,PSA,SNG,TRUE
CGGACACTCACCATCC,PBMC-06-1,PSO16,PSO,DBL,FALSE
CGGACACTCAGCCTCT,PBMC-06-1,PSA02,PSA,SNG,TRUE
CGGACACTCATCAGTG,PBMC-06-1,PSO16,PSO,SNG,FALSE
CGGACACTCATGCCGG,PBMC-06-1,PSO15,PSO,SNG,TRUE
CGGACACTCGATGCTA,PBMC-06-1,PSO12,PSO,SNG,TRUE
CGGACACTCGGTAGAG,PBMC-06-1,PSA17,PSA,SNG,TRUE
CGGACACTCGTAGTGT,PBMC-06-1,PSX01,PSX,SNG,TRUE
CGGAGAAAGATTACCC,PBMC-06-1,PSA07,PSA,SNG,TRUE
CGGAGAAAGCATATGA,PBMC-06-1,PSA17,PSA,SNG,TRUE
CGGAGAAAGCGTATAA,PBMC-06-1,PSA12,PSA,SNG,TRUE
CGGAGAACAAGTATAG,PBMC-06-1,PSA17,PSA,SNG,TRUE
CGGAGAACATTGTCGA,PBMC-06-1,PSA16,PSA,SNG,TRUE
CGGAGAAGTAATTGGA,PBMC-06-1,PSA04,PSA,SNG,TRUE
CGGAGAAGTACAAAGT,PBMC-06-1,PSX04,PSX,SNG,TRUE
CGGAGAAGTGACCGTC,PBMC-06-1,PSX01,PSX,AMB,FALSE
CGGAGAAGTTGGAGGT,PBMC-06-1,PSA05,PSA,SNG,TRUE
CGGAGAATCATTGTGG,PBMC-06-1,PSA02,PSA,SNG,TRUE
CGGAGAATCGGCACTG,PBMC-06-1,PSA16,PSA,DBL,FALSE
CGGCAGTAGCGTTCAT,PBMC-06-1,PSA13,PSA,SNG,TRUE
CGGCAGTAGGCTCAAG,PBMC-06-1,PSA07,PSA,SNG,FALSE
CGGCAGTCAAACGGCA,PBMC-06-1,PSA05,PSA,SNG,TRUE
CGGCAGTCAAGTCCAT,PBMC-06-1,PSA15,PSA,SNG,FALSE
CGGCAGTCAATGGCAG,PBMC-06-1,PSX01,PSX,SNG,TRUE
CGGCAGTCACAGTCGC,PBMC-06-1,PSA02,PSA,SNG,TRUE
CGGCAGTCACCAACAT,PBMC-06-1,PSA07,PSA,SNG,TRUE
CGGCAGTCACGACAGA,PBMC-06-1,PSA03,PSA,SNG,TRUE
CGGCAGTCAGTCGAGA,PBMC-06-1,PSO13,PSO,SNG,TRUE
CGGCAGTCATCCCACT,PBMC-06-1,PSX01,PSX,SNG,FALSE
CGGCAGTGTAACTAAG,PBMC-06-1,PSX01,PSX,SNG,TRUE
CGGCAGTGTACCTAGT,PBMC-06-1,PSX01,PSX,SNG,TRUE
CGGCAGTGTCTCTCCA,PBMC-06-1,PSA06,PSA,SNG,TRUE
CGGCAGTTCCACAGGC,PBMC-06-1,PSO13,PSO,AMB,FALSE
CGGCAGTTCCCTATTA,PBMC-06-1,PSO15,PSO,SNG,TRUE
CGGCAGTTCGAGAATA,PBMC-06-1,PSA17,PSA,SNG,TRUE
CGGCAGTTCGAGCACC,PBMC-06-1,PSA17,PSA,SNG,TRUE
CGGGACTAGAGAGCAA,PBMC-06-1,PSA02,PSA,SNG,TRUE
CGGGACTAGTGCCGAA,PBMC-06-1,PSO13,PSO,DBL,FALSE
CGGGACTCAAGAAATC,PBMC-06-1,PSA14,PSA,SNG,TRUE
CGGGACTCACAGCTTA,PBMC-06-1,PSA17,PSA,SNG,TRUE
CGGGACTCACCTGAAT,PBMC-06-1,PSA12,PSA,SNG,TRUE
CGGGACTCACGACGAA,PBMC-06-1,PSO14,PSO,SNG,FALSE
CGGGACTCATCATCTT,PBMC-06-1,PSA04,PSA,SNG,FALSE
CGGGACTCATCCGAGC,PBMC-06-1,PSO12,PSO,SNG,TRUE
CGGGACTGTAGAGTTA,PBMC-06-1,PSX01,PSX,SNG,TRUE
CGGGACTGTATCAGGG,PBMC-06-1,PSA03,PSA,SNG,TRUE
CGGGACTGTCAAATCC,PBMC-06-1,PSA16,PSA,SNG,TRUE
CGGGACTGTCGCATCG,PBMC-06-1,PSA03,PSA,SNG,FALSE
CGGGACTGTGCACAAG,PBMC-06-1,PSA02,PSA,SNG,TRUE
CGGGACTGTGCTTCAA,PBMC-06-1,PSO13,PSO,SNG,TRUE
CGGGACTGTGTCATTG,PBMC-06-1,PSA14,PSA,SNG,TRUE
CGGGACTGTTCTTAGG,PBMC-06-1,PSA06,PSA,SNG,TRUE
CGGGACTTCACTGTTT,PBMC-06-1,PSA07,PSA,SNG,TRUE
CGGGACTTCCACATAG,PBMC-06-1,PSX01,PSX,AMB,FALSE
CGGGACTTCCACCTGT,PBMC-06-1,PSX01,PSX,SNG,TRUE
CGGGACTTCCCGAACG,PBMC-06-1,PSA02,PSA,SNG,TRUE
CGGGACTTCGCAGTCG,PBMC-06-1,PSA13,PSA,DBL,FALSE
CGGGACTTCTCATTAC,PBMC-06-1,PSO13,PSO,SNG,TRUE
CGGGACTTCTGACGCG,PBMC-06-1,PSA15,PSA,DBL,FALSE
CGGGCATAGAAGAACG,PBMC-06-1,PSA06,PSA,DBL,FALSE
CGGGCATAGCCAGACA,PBMC-06-1,PSA17,PSA,SNG,TRUE
CGGGCATAGCCTAGGA,PBMC-06-1,PSA04,PSA,SNG,TRUE
CGGGCATAGTAGGCCA,PBMC-06-1,PSX04,PSX,DBL,FALSE
CGGGCATAGTAGTCAA,PBMC-06-1,PSO15,PSO,SNG,TRUE
CGGGCATAGTTCCGGC,PBMC-06-1,PSA07,PSA,SNG,TRUE
CGGGCATCAACTCGAT,PBMC-06-1,PSA07,PSA,SNG,FALSE
CGGGCATCAATACCTG,PBMC-06-1,PSX04,PSX,SNG,TRUE
CGGGCATCACTTCTCG,PBMC-06-1,PSX04,PSX,SNG,TRUE
CGGGCATGTACTCGTA,PBMC-06-1,PSA15,PSA,SNG,TRUE
CGGGCATGTCGTCGGT,PBMC-06-1,PSO15,PSO,SNG,TRUE
CGGGCATGTTCTCGTC,PBMC-06-1,PSO15,PSO,SNG,TRUE
CGGGCATTCAGGGTAG,PBMC-06-1,PSX01,PSX,DBL,FALSE
CGGGCATTCCAACCAA,PBMC-06-1,PSX04,PSX,DBL,FALSE
CGGGCATTCCTGTTGC,PBMC-06-1,PSA06,PSA,SNG,TRUE
CGGGCATTCGTGGGTC,PBMC-06-1,PSO12,PSO,SNG,FALSE
CGGGTCAAGACCTCCG,PBMC-06-1,PSA12,PSA,DBL,FALSE
CGGGTCAAGCCTGTCG,PBMC-06-1,PSA05,PSA,SNG,TRUE
CGGGTCAAGGCTGGAT,PBMC-06-1,PSA03,PSA,SNG,TRUE
CGGGTCAAGGGCAACT,PBMC-06-1,PSA05,PSA,SNG,TRUE
CGGGTCAAGGGTAATT,PBMC-06-1,PSA05,PSA,SNG,TRUE
CGGGTCACAAATCAGA,PBMC-06-1,PSA14,PSA,SNG,FALSE
CGGGTCACACCAACAT,PBMC-06-1,PSA07,PSA,SNG,TRUE
CGGGTCACACGAAGAC,PBMC-06-1,PSO13,PSO,SNG,TRUE
CGGGTCACACGACAGA,PBMC-06-1,PSA02,PSA,SNG,TRUE
CGGGTCACATACCACA,PBMC-06-1,PSA16,PSA,SNG,TRUE
CGGGTCACATCTCAAG,PBMC-06-1,PSA05,PSA,DBL,FALSE
CGGGTCAGTAACGTTC,PBMC-06-1,PSA16,PSA,SNG,TRUE
CGGGTCAGTAGTCGTT,PBMC-06-1,PSO11,PSO,SNG,TRUE
CGGGTCAGTCAATGGG,PBMC-06-1,PSA13,PSA,SNG,TRUE
CGGGTCAGTCGTCAGC,PBMC-06-1,PSO15,PSO,SNG,TRUE
CGGGTCAGTCTTGCTC,PBMC-06-1,PSA17,PSA,SNG,TRUE
CGGGTCAGTGAGCAGT,PBMC-06-1,PSA15,PSA,SNG,FALSE
CGGGTCAGTTGTCAGT,PBMC-06-1,PSA14,PSA,SNG,FALSE
CGGGTCAGTTTACTTC,PBMC-06-1,PSA02,PSA,DBL,FALSE
CGGGTCATCCGTGTCT,PBMC-06-1,PSA07,PSA,SNG,TRUE
CGGGTCATCCTTCTAA,PBMC-06-1,PSX04,PSX,SNG,TRUE
CGGGTCATCGCCGAGT,PBMC-06-1,PSA05,PSA,AMB,FALSE
CGGGTCATCGGCTGGT,PBMC-06-1,PSO15,PSO,SNG,TRUE
CGGGTCATCTATTCGT,PBMC-06-1,PSO12,PSO,SNG,FALSE
CGGGTCATCTTCTTCC,PBMC-06-1,PSO15,PSO,SNG,TRUE
CGGGTGTAGCCTAGGA,PBMC-06-1,PSA02,PSA,SNG,TRUE
CGGGTGTAGGATACGC,PBMC-06-1,PSA15,PSA,SNG,TRUE
CGGGTGTAGTAAGAGG,PBMC-06-1,PSA14,PSA,SNG,TRUE
CGGGTGTAGTGATCGG,PBMC-06-1,PSX01,PSX,SNG,TRUE
CGGGTGTCACCCTCTA,PBMC-06-1,PSA02,PSA,SNG,TRUE
CGGGTGTCACCTGAAT,PBMC-06-1,PSA04,PSA,SNG,TRUE
CGGGTGTCACTAACGT,PBMC-06-1,PSA12,PSA,DBL,FALSE
CGGGTGTCACTTGTCC,PBMC-06-1,PSX01,PSX,SNG,TRUE
CGGGTGTCAGAAGCGT,PBMC-06-1,PSA04,PSA,SNG,TRUE
CGGGTGTCATAGATGA,PBMC-06-1,PSA15,PSA,AMB,FALSE
CGGGTGTGTGCTCGTG,PBMC-06-1,PSA02,PSA,SNG,FALSE
CGGGTGTGTGGCGCTT,PBMC-06-1,PSO12,PSO,SNG,TRUE
CGGGTGTGTGTTCCTC,PBMC-06-1,PSA17,PSA,SNG,TRUE
CGGGTGTTCAGCGCGT,PBMC-06-1,PSO15,PSO,SNG,TRUE
CGGGTGTTCAGCGGAA,PBMC-06-1,PSO15,PSO,SNG,FALSE
CGGGTGTTCAGGGTAG,PBMC-06-1,PSO15,PSO,SNG,FALSE
CGGGTGTTCCGAGGCT,PBMC-06-1,PSO14,PSO,SNG,TRUE
CGGTCAGAGAGTGTTA,PBMC-06-1,PSO11,PSO,DBL,FALSE
CGGTCAGAGATCCCAT,PBMC-06-1,PSA14,PSA,SNG,TRUE
CGGTCAGAGCTCGACC,PBMC-06-1,PSO15,PSO,SNG,TRUE
CGGTCAGAGCTGTGCC,PBMC-06-1,PSX04,PSX,SNG,FALSE
CGGTCAGAGGATACGC,PBMC-06-1,PSA17,PSA,AMB,FALSE
CGGTCAGAGGTACCTT,PBMC-06-1,PSX01,PSX,SNG,TRUE
CGGTCAGAGTAAGGGA,PBMC-06-1,PSA05,PSA,SNG,TRUE
CGGTCAGCAAAGAGTT,PBMC-06-1,PSX04,PSX,SNG,TRUE
CGGTCAGCAATTGCTG,PBMC-06-1,PSO12,PSO,SNG,TRUE
CGGTCAGCACTGTGAT,PBMC-06-1,PSO12,PSO,SNG,TRUE
CGGTCAGCAGAATTCC,PBMC-06-1,PSA15,PSA,SNG,TRUE
CGGTCAGCAGGTACGA,PBMC-06-1,PSX01,PSX,SNG,FALSE
CGGTCAGCAGTCTTCC,PBMC-06-1,PSA14,PSA,DBL,FALSE
CGGTCAGTCGACACTA,PBMC-06-1,PSA04,PSA,SNG,TRUE
CGGTCAGTCGCAGAGA,PBMC-06-1,PSA04,PSA,SNG,TRUE
CGGTCAGTCTTCCTAA,PBMC-06-1,PSO15,PSO,SNG,TRUE
CGTAAGTAGATGGTAT,PBMC-06-1,PSA05,PSA,SNG,TRUE
CGTAAGTAGCCTGACC,PBMC-06-1,PSO15,PSO,SNG,TRUE
CGTAAGTAGCGCCTTG,PBMC-06-1,PSX04,PSX,SNG,TRUE
CGTAAGTAGCGTTCAT,PBMC-06-1,PSX04,PSX,SNG,TRUE
CGTAAGTAGGTGAGCT,PBMC-06-1,PSO14,PSO,SNG,TRUE
CGTAAGTCAACTGATC,PBMC-06-1,PSA02,PSA,SNG,TRUE
CGTAAGTCACCAGTAT,PBMC-06-1,PSA14,PSA,SNG,TRUE
CGTAAGTCACTGAGGA,PBMC-06-1,PSX01,PSX,SNG,TRUE
CGTAAGTCACTTTAGG,PBMC-06-1,PSA02,PSA,SNG,TRUE
CGTAAGTCAGCAGATG,PBMC-06-1,PSA13,PSA,SNG,TRUE
CGTAAGTCATATTCGG,PBMC-06-1,PSO13,PSO,SNG,TRUE
CGTAAGTCATCAGCTA,PBMC-06-1,PSA14,PSA,AMB,FALSE
CGTAAGTCATCATCCC,PBMC-06-1,PSA06,PSA,SNG,TRUE
CGTAAGTCATGGACAG,PBMC-06-1,PSX01,PSX,DBL,FALSE
CGTAAGTGTACGGCAA,PBMC-06-1,PSA05,PSA,SNG,TRUE
CGTAAGTGTCCCGTGA,PBMC-06-1,PSA05,PSA,SNG,TRUE
CGTAAGTGTCCCTCAT,PBMC-06-1,PSA07,PSA,SNG,FALSE
CGTAAGTGTGGAAATT,PBMC-06-1,PSX04,PSX,SNG,TRUE
CGTAAGTGTTCTTGTT,PBMC-06-1,PSX01,PSX,SNG,FALSE
CGTAAGTTCCTTATGT,PBMC-06-1,PSA03,PSA,DBL,FALSE
CGTAAGTTCGCATAGT,PBMC-06-1,PSA06,PSA,SNG,TRUE
CGTAAGTTCGTGGGAA,PBMC-06-1,PSA17,PSA,SNG,TRUE
CGTAATGAGATGGTAT,PBMC-06-1,PSA15,PSA,SNG,TRUE
CGTAATGAGCCGATAG,PBMC-06-1,PSA16,PSA,SNG,TRUE
CGTAATGAGGGACACT,PBMC-06-1,PSA03,PSA,SNG,TRUE
CGTAATGAGGTAAGTT,PBMC-06-1,PSA04,PSA,AMB,FALSE
CGTAATGCAAATCAGA,PBMC-06-1,PSA07,PSA,SNG,TRUE
CGTAATGCAACAAGAT,PBMC-06-1,PSA07,PSA,SNG,FALSE
CGTAATGCAACAGCTT,PBMC-06-1,PSO15,PSO,SNG,FALSE
CGTAATGCAATCGTCA,PBMC-06-1,PSA03,PSA,SNG,FALSE
CGTAATGCACAGTATC,PBMC-06-1,PSA02,PSA,SNG,TRUE
CGTAATGCAGGACATG,PBMC-06-1,PSA16,PSA,SNG,TRUE
CGTAATGCATGTTCAG,PBMC-06-1,PSA06,PSA,SNG,TRUE
CGTAATGGTGGAAGTC,PBMC-06-1,PSO15,PSO,DBL,FALSE
CGTAATGGTTTGAACC,PBMC-06-1,PSO12,PSO,SNG,TRUE
CGTAATGTCAACTTTC,PBMC-06-1,PSA06,PSA,SNG,TRUE
CGTAATGTCCTAGCTC,PBMC-06-1,PSA13,PSA,SNG,TRUE
CGTAATGTCGTGGAAG,PBMC-06-1,PSX04,PSX,DBL,FALSE
CGTAGTAAGCAAACAT,PBMC-06-1,PSA02,PSA,DBL,FALSE
CGTAGTAAGGTAGGCT,PBMC-06-1,PSO12,PSO,SNG,TRUE
CGTAGTAAGGTGATAT,PBMC-06-1,PSA13,PSA,SNG,TRUE
CGTAGTAAGTCCGCCA,PBMC-06-1,PSA12,PSA,SNG,TRUE
CGTAGTACAAGAAACT,PBMC-06-1,PSX01,PSX,SNG,TRUE
CGTAGTACACGATAGG,PBMC-06-1,PSA02,PSA,SNG,TRUE
CGTAGTACACGCTGAC,PBMC-06-1,PSA03,PSA,SNG,FALSE
CGTAGTACATTGCTTT,PBMC-06-1,PSA17,PSA,SNG,TRUE
CGTAGTAGTAGATCCT,PBMC-06-1,PSA14,PSA,SNG,TRUE
CGTAGTAGTATCTCGA,PBMC-06-1,PSA04,PSA,SNG,TRUE
CGTAGTAGTCCTTTGC,PBMC-06-1,PSO11,PSO,AMB,FALSE
CGTAGTAGTGCAATGG,PBMC-06-1,PSX01,PSX,SNG,TRUE
CGTAGTAGTGGTACAG,PBMC-06-1,PSX01,PSX,SNG,TRUE
CGTAGTAGTGTAAACA,PBMC-06-1,PSO15,PSO,SNG,TRUE
CGTAGTAGTTGCATTG,PBMC-06-1,PSA13,PSA,SNG,TRUE
CGTAGTATCATGTCTT,PBMC-06-1,PSA02,PSA,SNG,TRUE
CGTCAAAAGAGCATAT,PBMC-06-1,PSO11,PSO,SNG,FALSE
CGTCAAAAGTAAACGT,PBMC-06-1,PSA05,PSA,SNG,FALSE
CGTCAAAAGTAAACTG,PBMC-06-1,PSA13,PSA,SNG,TRUE
CGTCAAACAAATGCGG,PBMC-06-1,PSA16,PSA,SNG,TRUE
CGTCAAACAGCATGCC,PBMC-06-1,PSO15,PSO,SNG,TRUE
CGTCAAACAGCTGTCG,PBMC-06-1,PSA02,PSA,SNG,FALSE
CGTCAAACATACCACA,PBMC-06-1,PSA02,PSA,SNG,TRUE
CGTCAAACATGTTCAG,PBMC-06-1,PSA07,PSA,SNG,TRUE
CGTCAAAGTACGCTAT,PBMC-06-1,PSO15,PSO,SNG,FALSE
CGTCAAAGTCGAGTGA,PBMC-06-1,PSX04,PSX,DBL,FALSE
CGTCAAAGTCGGTGAA,PBMC-06-1,PSA17,PSA,DBL,FALSE
CGTCAAAGTCTCCCTA,PBMC-06-1,PSA06,PSA,DBL,FALSE
CGTCAAAGTTAATGAG,PBMC-06-1,PSA15,PSA,SNG,TRUE
CGTCAAATCCGGGACT,PBMC-06-1,PSA17,PSA,SNG,TRUE
CGTCAAATCGCAACAT,PBMC-06-1,PSA05,PSA,SNG,TRUE
CGTCAAATCGCACGGT,PBMC-06-1,PSA06,PSA,AMB,FALSE
CGTCAAATCTAGGCAT,PBMC-06-1,PSA06,PSA,DBL,FALSE
CGTCAAATCTCTAGGA,PBMC-06-1,PSO15,PSO,SNG,TRUE
CGTCAAATCTGGCCGA,PBMC-06-1,PSX01,PSX,SNG,TRUE
CGTCAAATCTTCGACC,PBMC-06-1,PSO15,PSO,SNG,TRUE
CGTCCATAGCAGGCTA,PBMC-06-1,PSA02,PSA,SNG,TRUE
CGTCCATAGCCAAGCA,PBMC-06-1,PSX01,PSX,SNG,TRUE
CGTCCATAGGACAACC,PBMC-06-1,PSA03,PSA,DBL,FALSE
CGTCCATAGGGATCTG,PBMC-06-1,PSX01,PSX,SNG,TRUE
CGTCCATCAATCTCTT,PBMC-06-1,PSA17,PSA,SNG,TRUE
CGTCCATCACCTGATA,PBMC-06-1,PSA14,PSA,AMB,FALSE
CGTCCATCACTCCACT,PBMC-06-1,PSA04,PSA,SNG,FALSE
CGTCCATCACTGAATC,PBMC-06-1,PSO11,PSO,DBL,FALSE
CGTCCATCAGCAGACA,PBMC-06-1,PSA02,PSA,SNG,TRUE
CGTCCATCAGTATTCG,PBMC-06-1,PSA02,PSA,SNG,TRUE
CGTCCATCAGTGAGCA,PBMC-06-1,PSA07,PSA,SNG,FALSE
CGTCCATCATGATGCT,PBMC-06-1,PSA02,PSA,SNG,TRUE
CGTCCATCATGCCGGT,PBMC-06-1,PSA14,PSA,SNG,TRUE
CGTCCATGTACAATAG,PBMC-06-1,PSA12,PSA,SNG,TRUE
CGTCCATGTACGTACT,PBMC-06-1,PSA15,PSA,SNG,FALSE
CGTCCATGTATGTCTG,PBMC-06-1,PSA02,PSA,SNG,TRUE
CGTCCATGTCTCAGGC,PBMC-06-1,PSA07,PSA,SNG,FALSE
CGTCCATGTCTGATCA,PBMC-06-1,PSA15,PSA,SNG,TRUE
CGTCCATGTCTGTAGT,PBMC-06-1,PSA05,PSA,SNG,TRUE
CGTCCATGTGCGGCTT,PBMC-06-1,PSA04,PSA,SNG,TRUE
CGTCCATGTTGTTTGG,PBMC-06-1,PSA17,PSA,SNG,TRUE
CGTCCATTCCGTGTCT,PBMC-06-1,PSO11,PSO,SNG,TRUE
CGTCCATTCCTCACGT,PBMC-06-1,PSX01,PSX,SNG,TRUE
CGTCCATTCGATCCAA,PBMC-06-1,PSA06,PSA,SNG,TRUE
CGTCCATTCGGACTGC,PBMC-06-1,PSA12,PSA,SNG,TRUE
CGTCCATTCTATTGTC,PBMC-06-1,PSA02,PSA,AMB,FALSE
CGTGAATAGACGGATC,PBMC-06-1,PSX04,PSX,SNG,FALSE
CGTGAATAGCCGGAAT,PBMC-06-1,PSA03,PSA,SNG,FALSE
CGTGAATAGCTTGTGT,PBMC-06-1,PSO13,PSO,SNG,TRUE
CGTGAATAGTAAGCAT,PBMC-06-1,PSA06,PSA,SNG,TRUE
CGTGAATAGTAGCTCT,PBMC-06-1,PSA16,PSA,SNG,FALSE
CGTGAATAGTGGATTA,PBMC-06-1,PSX01,PSX,SNG,TRUE
CGTGAATAGTGGTTGG,PBMC-06-1,PSA12,PSA,SNG,TRUE
CGTGAATAGTTGCATC,PBMC-06-1,PSX04,PSX,SNG,FALSE
CGTGAATCAATTGTGC,PBMC-06-1,PSX04,PSX,SNG,TRUE
CGTGAATCACACACTA,PBMC-06-1,PSA04,PSA,SNG,FALSE
CGTGAATCACGCGCTA,PBMC-06-1,PSO12,PSO,DBL,FALSE
CGTGAATCAGCGTATT,PBMC-06-1,PSA04,PSA,SNG,TRUE
CGTGAATCAGGCCCTA,PBMC-06-1,PSA07,PSA,SNG,FALSE
CGTGAATCATACAGAA,PBMC-06-1,PSA16,PSA,SNG,TRUE
CGTGAATGTAGACGGT,PBMC-06-1,PSA12,PSA,SNG,FALSE
CGTGAATGTGATTCTG,PBMC-06-1,PSX04,PSX,SNG,TRUE
CGTGAATGTGCGTTTA,PBMC-06-1,PSA07,PSA,DBL,FALSE
CGTGAATGTGGTATGG,PBMC-06-1,PSX01,PSX,SNG,TRUE
CGTGAATGTTTGTGGT,PBMC-06-1,PSA05,PSA,SNG,TRUE
CGTGAATTCACGATAC,PBMC-06-1,PSA05,PSA,DBL,FALSE
CGTGAATTCACTTTGT,PBMC-06-1,PSA12,PSA,SNG,FALSE
CGTGAATTCATTGCCC,PBMC-06-1,PSA17,PSA,SNG,TRUE
CGTGAATTCGACCCAG,PBMC-06-1,PSO15,PSO,SNG,TRUE
CGTGAATTCGTGCTCT,PBMC-06-1,PSA15,PSA,DBL,FALSE
CGTGAATTCTGAATGC,PBMC-06-1,PSX04,PSX,SNG,TRUE
CGTGAATTCTGACAGT,PBMC-06-1,PSA03,PSA,SNG,TRUE
CGTGAATTCTGGACTA,PBMC-06-1,PSO15,PSO,SNG,TRUE
CGTGAATTCTTGAGCA,PBMC-06-1,PSA13,PSA,AMB,FALSE
CGTGAATTCTTTCCAA,PBMC-06-1,PSX01,PSX,DBL,FALSE
CGTGATAAGCCATTCA,PBMC-06-1,PSA06,PSA,DBL,FALSE
CGTGATAAGGAAAGGT,PBMC-06-1,PSO12,PSO,SNG,FALSE
CGTGATAAGGACTGGT,PBMC-06-1,PSO15,PSO,SNG,TRUE
CGTGATAAGGGTCTTT,PBMC-06-1,PSO11,PSO,SNG,TRUE
CGTGATAAGGGTGAGG,PBMC-06-1,PSA05,PSA,SNG,TRUE
CGTGATAAGTCATTGC,PBMC-06-1,PSO14,PSO,DBL,FALSE
CGTGATAAGTTTCAGC,PBMC-06-1,PSA12,PSA,SNG,FALSE
CGTGATACAAGCCTGC,PBMC-06-1,PSA04,PSA,SNG,TRUE
CGTGATACAATTCTTC,PBMC-06-1,PSA14,PSA,SNG,TRUE
CGTGATACAATTGCAC,PBMC-06-1,PSA17,PSA,SNG,TRUE
CGTGATACACACCTTC,PBMC-06-1,PSO14,PSO,SNG,FALSE
CGTGATACACCTCTGT,PBMC-06-1,PSO11,PSO,SNG,TRUE
CGTGATACACTGAATC,PBMC-06-1,PSX04,PSX,SNG,TRUE
CGTGATACATGGGTCC,PBMC-06-1,PSO12,PSO,DBL,FALSE
CGTGATAGTACAGGTG,PBMC-06-1,PSO15,PSO,SNG,TRUE
CGTGATAGTATACAGA,PBMC-06-1,PSO12,PSO,SNG,TRUE
CGTGATAGTCCTGTCT,PBMC-06-1,PSA02,PSA,SNG,TRUE
CGTGATAGTGGTCTTA,PBMC-06-1,PSA07,PSA,DBL,FALSE
CGTGATATCACGTCCT,PBMC-06-1,PSO15,PSO,SNG,TRUE
CGTGATATCCCTAGGG,PBMC-06-1,PSO15,PSO,SNG,FALSE
CGTGATATCTGTCCGT,PBMC-06-1,PSA12,PSA,SNG,TRUE
CGTGATATCTTACCAT,PBMC-06-1,PSA03,PSA,SNG,TRUE
CGTGCTTAGGGAACAA,PBMC-06-1,PSA16,PSA,AMB,FALSE
CGTGCTTAGGGACACT,PBMC-06-1,PSX01,PSX,DBL,FALSE
CGTGCTTAGGGCAGAG,PBMC-06-1,PSO15,PSO,DBL,FALSE
CGTGCTTAGTCACTAC,PBMC-06-1,PSA15,PSA,SNG,FALSE
CGTGCTTAGTGCTCGC,PBMC-06-1,PSA02,PSA,DBL,FALSE
CGTGCTTCAATGTCAC,PBMC-06-1,PSA05,PSA,SNG,TRUE
CGTGCTTCACTGTTCC,PBMC-06-1,PSX01,PSX,SNG,TRUE
CGTGCTTCATAGTCGT,PBMC-06-1,PSA15,PSA,SNG,FALSE
CGTGCTTCATGTAACC,PBMC-06-1,PSX04,PSX,SNG,TRUE
CGTGCTTGTAACATGA,PBMC-06-1,PSA03,PSA,AMB,FALSE
CGTGCTTGTACGTAGG,PBMC-06-1,PSA14,PSA,SNG,TRUE
CGTGCTTGTGATCGTT,PBMC-06-1,PSA02,PSA,SNG,TRUE
CGTGCTTGTGGAGGTT,PBMC-06-1,PSA17,PSA,SNG,TRUE
CGTGCTTGTTACGTAC,PBMC-06-1,PSA07,PSA,SNG,TRUE
CGTGCTTGTTCTCACC,PBMC-06-1,PSO12,PSO,SNG,TRUE
CGTGCTTTCACCCATC,PBMC-06-1,PSA05,PSA,SNG,TRUE
CGTGCTTTCCACTGGG,PBMC-06-1,PSO15,PSO,SNG,TRUE
CGTGCTTTCGCCGAAC,PBMC-06-1,PSX01,PSX,SNG,TRUE
CGTGCTTTCGCGCCAA,PBMC-06-1,PSA05,PSA,SNG,TRUE
CGTGCTTTCGGACTGC,PBMC-06-1,PSO15,PSO,SNG,TRUE
CGTGCTTTCGGCCAAC,PBMC-06-1,PSO16,PSO,DBL,FALSE
CGTGTCTAGAAGAACG,PBMC-06-1,PSO15,PSO,SNG,FALSE
CGTGTCTAGAGCTGCA,PBMC-06-1,PSA15,PSA,SNG,TRUE
CGTGTCTAGGCGAACT,PBMC-06-1,PSA12,PSA,SNG,TRUE
CGTGTCTAGGTGCAGT,PBMC-06-1,PSX04,PSX,DBL,FALSE
CGTGTCTAGTCGTCTA,PBMC-06-1,PSO12,PSO,SNG,TRUE
CGTGTCTCAACGGCCT,PBMC-06-1,PSX01,PSX,SNG,TRUE
CGTGTCTCAAGCTCTA,PBMC-06-1,PSX01,PSX,SNG,TRUE
CGTGTCTCAATAACGA,PBMC-06-1,PSX01,PSX,SNG,FALSE
CGTGTCTCAGATCCTA,PBMC-06-1,PSX01,PSX,SNG,TRUE
CGTGTCTCAGCAGTGA,PBMC-06-1,PSA17,PSA,SNG,FALSE
CGTGTCTCAGCTACAT,PBMC-06-1,PSA12,PSA,SNG,TRUE
CGTGTCTCAGTGTACT,PBMC-06-1,PSA16,PSA,SNG,TRUE
CGTGTCTCATAGAATG,PBMC-06-1,PSA17,PSA,SNG,TRUE
CGTGTCTGTAGGATAT,PBMC-06-1,PSA17,PSA,SNG,FALSE
CGTGTCTGTCCGAAGA,PBMC-06-1,PSA17,PSA,SNG,TRUE
CGTGTCTGTGCAACAG,PBMC-06-1,PSX04,PSX,SNG,TRUE
CGTGTCTGTGGGAGAG,PBMC-06-1,PSA03,PSA,SNG,TRUE
CGTGTCTGTTACCGTA,PBMC-06-1,PSO12,PSO,SNG,TRUE
CGTGTCTTCCATGCAA,PBMC-06-1,PSA15,PSA,SNG,FALSE
CGTGTCTTCCGCAGTG,PBMC-06-1,PSO14,PSO,SNG,TRUE
CGTGTCTTCGTGCGAC,PBMC-06-1,PSA17,PSA,SNG,FALSE
CGTGTCTTCTCGGTCT,PBMC-06-1,PSO15,PSO,SNG,TRUE
CGTGTCTTCTCTATAC,PBMC-06-1,PSX01,PSX,SNG,TRUE
CGTTAGAAGTAAGACT,PBMC-06-1,PSO13,PSO,SNG,TRUE
CGTTAGAAGTTCCATG,PBMC-06-1,PSA17,PSA,SNG,FALSE
CGTTAGACAAGCTGTT,PBMC-06-1,PSA14,PSA,SNG,TRUE
CGTTAGACAGTACTAC,PBMC-06-1,PSO12,PSO,DBL,FALSE
CGTTAGAGTACCTAGT,PBMC-06-1,PSA14,PSA,SNG,TRUE
CGTTAGAGTACGGGAT,PBMC-06-1,PSA15,PSA,SNG,TRUE
CGTTAGAGTACTCGTA,PBMC-06-1,PSO15,PSO,SNG,FALSE
CGTTAGAGTAGTCGGA,PBMC-06-1,PSA12,PSA,DBL,FALSE
CGTTAGAGTATTGCCA,PBMC-06-1,PSA06,PSA,SNG,TRUE
CGTTAGAGTCCGCAGT,PBMC-06-1,PSA04,PSA,SNG,TRUE
CGTTAGAGTCTCGCGA,PBMC-06-1,PSO11,PSO,SNG,TRUE
CGTTAGAGTGAAGCTG,PBMC-06-1,PSO16,PSO,SNG,TRUE
CGTTAGAGTTGGGCCT,PBMC-06-1,PSO14,PSO,SNG,FALSE
CGTTAGATCCACTAGA,PBMC-06-1,PSA14,PSA,AMB,FALSE
CGTTAGATCCTTATCA,PBMC-06-1,PSO15,PSO,SNG,TRUE
CGTTAGATCGCTGTCT,PBMC-06-1,PSX01,PSX,DBL,FALSE
CGTTAGATCGCTTTAT,PBMC-06-1,PSA02,PSA,SNG,TRUE
CGTTAGATCGTTCTAT,PBMC-06-1,PSA14,PSA,SNG,TRUE
CGTTCTGAGACGCATG,PBMC-06-1,PSA02,PSA,SNG,TRUE
CGTTCTGAGATGGTCG,PBMC-06-1,PSO15,PSO,SNG,TRUE
CGTTCTGAGCTCACTA,PBMC-06-1,PSA12,PSA,SNG,TRUE
CGTTCTGAGGGAGTGG,PBMC-06-1,PSA12,PSA,SNG,TRUE
CGTTCTGAGTACTCGT,PBMC-06-1,PSO14,PSO,SNG,TRUE
CGTTCTGCAAGCCTGC,PBMC-06-1,PSA14,PSA,SNG,TRUE
CGTTCTGCACAGCATT,PBMC-06-1,PSA17,PSA,SNG,TRUE
CGTTCTGCACCCAAGC,PBMC-06-1,PSA13,PSA,SNG,TRUE
CGTTCTGCAGTCGTTA,PBMC-06-1,PSA15,PSA,SNG,TRUE
CGTTCTGCAGTTGAAA,PBMC-06-1,PSA15,PSA,SNG,FALSE
CGTTCTGCATGCGTGC,PBMC-06-1,PSO16,PSO,SNG,TRUE
CGTTCTGCATTAAAGG,PBMC-06-1,PSA16,PSA,SNG,FALSE
CGTTCTGGTAACATGA,PBMC-06-1,PSA06,PSA,SNG,FALSE
CGTTCTGGTCCAAAGG,PBMC-06-1,PSA07,PSA,SNG,TRUE
CGTTCTGGTCTGTGGC,PBMC-06-1,PSO15,PSO,SNG,TRUE
CGTTCTGGTGCATACT,PBMC-06-1,PSO16,PSO,SNG,TRUE
CGTTCTGGTGTCCGGT,PBMC-06-1,PSA02,PSA,SNG,TRUE
CGTTCTGGTTCCTAAG,PBMC-06-1,PSX01,PSX,SNG,TRUE
CGTTCTGGTTGTTTGG,PBMC-06-1,PSO14,PSO,SNG,TRUE
CGTTCTGGTTTGCCGG,PBMC-06-1,PSA05,PSA,SNG,TRUE
CGTTCTGTCAGTGTTG,PBMC-06-1,PSA16,PSA,SNG,FALSE
CGTTCTGTCGCGATCG,PBMC-06-1,PSA04,PSA,DBL,FALSE
CGTTCTGTCTCGCTTG,PBMC-06-1,PSA04,PSA,DBL,FALSE
CGTTGGGAGAAGCGAA,PBMC-06-1,PSA02,PSA,SNG,TRUE
CGTTGGGAGCTAAGTA,PBMC-06-1,PSA06,PSA,DBL,FALSE
CGTTGGGAGGAGGTTC,PBMC-06-1,PSA15,PSA,SNG,TRUE
CGTTGGGAGTCATACC,PBMC-06-1,PSA02,PSA,SNG,TRUE
CGTTGGGCAATTGTGC,PBMC-06-1,PSO14,PSO,SNG,TRUE
CGTTGGGCATAGAGGC,PBMC-06-1,PSX04,PSX,SNG,FALSE
CGTTGGGCATGACTAC,PBMC-06-1,PSA17,PSA,SNG,TRUE
CGTTGGGGTAACATGA,PBMC-06-1,PSX04,PSX,SNG,TRUE
CGTTGGGGTAGATTAG,PBMC-06-1,PSA03,PSA,DBL,FALSE
CGTTGGGGTCCAAAGG,PBMC-06-1,PSA14,PSA,SNG,TRUE
CGTTGGGTCAACACGT,PBMC-06-1,PSA07,PSA,SNG,TRUE
CGTTGGGTCCCAAGCG,PBMC-06-1,PSA13,PSA,SNG,FALSE
CGTTGGGTCGACGATT,PBMC-06-1,PSX04,PSX,DBL,FALSE
CGTTGGGTCGCAATTG,PBMC-06-1,PSO15,PSO,SNG,TRUE
CGTTGGGTCTTACCAT,PBMC-06-1,PSA04,PSA,SNG,FALSE
CTAACCCAGAGCCGTA,PBMC-06-1,PSA16,PSA,SNG,TRUE
CTAACCCAGAGGTTAT,PBMC-06-1,PSA16,PSA,SNG,TRUE
CTAACCCAGCATATGA,PBMC-06-1,PSA06,PSA,SNG,TRUE
CTAACCCAGGTGTGAC,PBMC-06-1,PSA05,PSA,SNG,FALSE
CTAACCCAGTTTGAGA,PBMC-06-1,PSA15,PSA,SNG,TRUE
CTAACCCCAAACTCGT,PBMC-06-1,PSA03,PSA,SNG,FALSE
CTAACCCCAAACTGCT,PBMC-06-1,PSO12,PSO,SNG,TRUE
CTAACCCCAAGACCTT,PBMC-06-1,PSA14,PSA,SNG,TRUE
CTAACCCCACCTTCGT,PBMC-06-1,PSA02,PSA,SNG,TRUE
CTAACCCCAGTCGCTG,PBMC-06-1,PSO11,PSO,SNG,FALSE
CTAACCCGTAAGCTCT,PBMC-06-1,PSX04,PSX,SNG,TRUE
CTAACCCGTACAAACA,PBMC-06-1,PSO15,PSO,SNG,TRUE
CTAACCCGTAGACACG,PBMC-06-1,PSA05,PSA,SNG,TRUE
CTAACCCGTCACTCGG,PBMC-06-1,PSX04,PSX,DBL,FALSE
CTAACCCGTGACAACG,PBMC-06-1,PSX01,PSX,SNG,TRUE
CTAACCCGTTCGTGCG,PBMC-06-1,PSO12,PSO,DBL,FALSE
CTAACCCGTTGACGGA,PBMC-06-1,PSO15,PSO,SNG,FALSE
CTAACCCGTTTGGGAG,PBMC-06-1,PSA03,PSA,SNG,FALSE
CTAACCCTCAACCCGG,PBMC-06-1,PSX01,PSX,SNG,TRUE
CTAACCCTCATAGACC,PBMC-06-1,PSA14,PSA,SNG,TRUE
CTAACCCTCCTAAGTG,PBMC-06-1,PSA14,PSA,SNG,TRUE
CTAACCCTCCTCTCGA,PBMC-06-1,PSO15,PSO,SNG,TRUE
CTAACCCTCGCATTAG,PBMC-06-1,PSA04,PSA,SNG,TRUE
CTAACCCTCGTGCACG,PBMC-06-1,PSO15,PSO,SNG,FALSE
CTAACCCTCGTGGTAT,PBMC-06-1,PSA15,PSA,DBL,FALSE
CTAACCCTCTCTCAAT,PBMC-06-1,PSA16,PSA,SNG,TRUE
CTAACCCTCTTCTCAA,PBMC-06-1,PSX04,PSX,SNG,TRUE
CTAACTTCAACATACC,PBMC-06-1,PSA05,PSA,SNG,TRUE
CTAACTTCAATCTGCA,PBMC-06-1,PSA14,PSA,SNG,TRUE
CTAACTTCAATGCAGG,PBMC-06-1,PSA07,PSA,SNG,FALSE
CTAACTTCACGAAAGC,PBMC-06-1,PSO15,PSO,SNG,TRUE
CTAACTTCATACCAGT,PBMC-06-1,PSA16,PSA,SNG,TRUE
CTAACTTGTACCTAGT,PBMC-06-1,PSO12,PSO,SNG,TRUE
CTAACTTGTCTCTCTG,PBMC-06-1,PSA05,PSA,DBL,FALSE
CTAACTTGTGTACAGG,PBMC-06-1,PSA12,PSA,SNG,TRUE
CTAACTTGTTGACTGT,PBMC-06-1,PSO15,PSO,SNG,TRUE
CTAAGTGAGATGCTAA,PBMC-06-1,PSX04,PSX,SNG,TRUE
CTAAGTGAGCTGGAGT,PBMC-06-1,PSX04,PSX,SNG,TRUE
CTAAGTGAGGTTCACT,PBMC-06-1,PSA07,PSA,DBL,FALSE
CTAAGTGCAACATCGT,PBMC-06-1,PSA06,PSA,AMB,FALSE
CTAAGTGCAGGTAGTG,PBMC-06-1,PSA15,PSA,SNG,TRUE
CTAAGTGCATGACCCG,PBMC-06-1,PSA02,PSA,SNG,TRUE
CTAAGTGGTAACGATA,PBMC-06-1,PSO15,PSO,SNG,TRUE
CTAAGTGGTACCCACG,PBMC-06-1,PSA06,PSA,SNG,TRUE
CTAAGTGGTCTAGTGT,PBMC-06-1,PSA03,PSA,SNG,TRUE
CTAAGTGTCAAAGACA,PBMC-06-1,PSA05,PSA,AMB,FALSE
CTAAGTGTCCGCCTAT,PBMC-06-1,PSA16,PSA,SNG,TRUE
CTAAGTGTCTATTCGT,PBMC-06-1,PSO12,PSO,SNG,TRUE
CTACAGAAGAATCTAG,PBMC-06-1,PSO15,PSO,SNG,TRUE
CTACAGAAGAGTCAGC,PBMC-06-1,PSA14,PSA,SNG,TRUE
CTACAGAAGCGTGAAC,PBMC-06-1,PSA07,PSA,SNG,TRUE
CTACAGAAGGCATGGT,PBMC-06-1,PSA16,PSA,DBL,FALSE
CTACAGAAGGTTGCCC,PBMC-06-1,PSX04,PSX,DBL,FALSE
CTACAGAAGTATGATG,PBMC-06-1,PSA05,PSA,SNG,TRUE
CTACAGAAGTTAACAG,PBMC-06-1,PSA12,PSA,DBL,FALSE
CTACAGACACCTCAGG,PBMC-06-1,PSA16,PSA,SNG,TRUE
CTACAGACACTACCGG,PBMC-06-1,PSX01,PSX,SNG,TRUE
CTACAGACAGAGGGTT,PBMC-06-1,PSX04,PSX,SNG,FALSE
CTACAGACAGCTATTG,PBMC-06-1,PSO15,PSO,SNG,TRUE
CTACAGACATCAGTGT,PBMC-06-1,PSO16,PSO,SNG,FALSE
CTACAGACATCTCGTC,PBMC-06-1,PSA05,PSA,SNG,TRUE
CTACAGACATGGCGCT,PBMC-06-1,PSA04,PSA,SNG,TRUE
CTACAGAGTAACAGTA,PBMC-06-1,PSX01,PSX,SNG,TRUE
CTACAGAGTACGTAGG,PBMC-06-1,PSO12,PSO,SNG,TRUE
CTACAGAGTCGTACAT,PBMC-06-1,PSA06,PSA,DBL,FALSE
CTACAGAGTCTCACAA,PBMC-06-1,PSA07,PSA,DBL,FALSE
CTACAGAGTGAATGTA,PBMC-06-1,PSA17,PSA,SNG,TRUE
CTACAGAGTGTTAGCT,PBMC-06-1,PSO12,PSO,SNG,TRUE
CTACAGATCAAGCTGT,PBMC-06-1,PSO15,PSO,SNG,FALSE
CTACAGATCATGGATC,PBMC-06-1,PSX01,PSX,SNG,TRUE
CTACAGATCATTGCCC,PBMC-06-1,PSA15,PSA,SNG,TRUE
CTACAGATCTCGGGAC,PBMC-06-1,PSA07,PSA,SNG,FALSE
CTACATTAGAACGCGT,PBMC-06-1,PSA17,PSA,SNG,TRUE
CTACATTAGACCTTTG,PBMC-06-1,PSA16,PSA,SNG,TRUE
CTACATTAGAGGTGCT,PBMC-06-1,PSA07,PSA,DBL,FALSE
CTACATTAGCGTGCTC,PBMC-06-1,PSX01,PSX,SNG,TRUE
CTACATTAGGACGCTA,PBMC-06-1,PSA06,PSA,SNG,TRUE
CTACATTAGGCCTTCG,PBMC-06-1,PSO15,PSO,SNG,TRUE
CTACATTAGGGACAGG,PBMC-06-1,PSA07,PSA,SNG,TRUE
CTACATTAGGGAGTGG,PBMC-06-1,PSA04,PSA,SNG,TRUE
CTACATTAGGGTGAGG,PBMC-06-1,PSO15,PSO,DBL,FALSE
CTACATTAGTCGAGGT,PBMC-06-1,PSO11,PSO,DBL,FALSE
CTACATTCAATTGAAG,PBMC-06-1,PSO15,PSO,SNG,FALSE
CTACATTCACCACATA,PBMC-06-1,PSO12,PSO,DBL,FALSE
CTACATTCACGTTGGC,PBMC-06-1,PSA05,PSA,SNG,TRUE
CTACATTCATGTGGTT,PBMC-06-1,PSA07,PSA,SNG,FALSE
CTACATTGTATCTTCT,PBMC-06-1,PSO12,PSO,SNG,TRUE
CTACATTGTGAGACGT,PBMC-06-1,PSA06,PSA,SNG,TRUE
CTACATTGTGTCGCTG,PBMC-06-1,PSX04,PSX,DBL,FALSE
CTACATTGTTGATGTC,PBMC-06-1,PSO14,PSO,AMB,FALSE
CTACATTTCAAGATAG,PBMC-06-1,PSA05,PSA,DBL,FALSE
CTACATTTCCAGCAAT,PBMC-06-1,PSA15,PSA,SNG,TRUE
CTACATTTCGAACGCC,PBMC-06-1,PSA13,PSA,SNG,FALSE
CTACATTTCGGAAGGT,PBMC-06-1,PSA07,PSA,SNG,FALSE
CTACATTTCGTAGGGA,PBMC-06-1,PSA02,PSA,DBL,FALSE
CTACATTTCTCTATAC,PBMC-06-1,PSA04,PSA,SNG,FALSE
CTACCCAAGTAAACTG,PBMC-06-1,PSO12,PSO,SNG,TRUE
CTACCCACACTCGATA,PBMC-06-1,PSA02,PSA,SNG,FALSE
CTACCCACAGTAGGAC,PBMC-06-1,PSA07,PSA,SNG,TRUE
CTACCCAGTAGGTGCA,PBMC-06-1,PSO15,PSO,SNG,FALSE
CTACCCAGTCGCACAC,PBMC-06-1,PSA05,PSA,SNG,TRUE
CTACCCAGTCTAGGTT,PBMC-06-1,PSA04,PSA,SNG,TRUE
CTACCCAGTGGAAGTC,PBMC-06-1,PSO12,PSO,DBL,FALSE
CTACCCAGTTACACTG,PBMC-06-1,PSX01,PSX,SNG,TRUE
CTACCCATCAACCGAT,PBMC-06-1,PSA16,PSA,SNG,TRUE
CTACCCATCACCACAA,PBMC-06-1,PSA17,PSA,SNG,TRUE
CTACCCATCACCTGGG,PBMC-06-1,PSA15,PSA,SNG,FALSE
CTACCCATCCCTTTGG,PBMC-06-1,PSA06,PSA,DBL,FALSE
CTACCCATCGCTTTAT,PBMC-06-1,PSA15,PSA,DBL,FALSE
CTACCCATCGGCAGTC,PBMC-06-1,PSO14,PSO,SNG,TRUE
CTACCCATCGTCAGAT,PBMC-06-1,PSA17,PSA,DBL,FALSE
CTACCTGAGATCGACG,PBMC-06-1,PSA16,PSA,SNG,TRUE
CTACCTGAGGAGCTGT,PBMC-06-1,PSA12,PSA,SNG,FALSE
CTACCTGAGGTGCTGA,PBMC-06-1,PSA05,PSA,SNG,TRUE
CTACCTGAGTATGGAT,PBMC-06-1,PSA15,PSA,SNG,TRUE
CTACCTGCAGAGAGGG,PBMC-06-1,PSX01,PSX,SNG,TRUE
CTACCTGCAGGTGTTT,PBMC-06-1,PSA04,PSA,SNG,TRUE
CTACCTGCATGGGTCC,PBMC-06-1,PSA07,PSA,DBL,FALSE
CTACCTGGTATCACGT,PBMC-06-1,PSO14,PSO,AMB,FALSE
CTACCTGGTCCAGAAG,PBMC-06-1,PSX04,PSX,SNG,FALSE
CTACCTGGTCGACTTA,PBMC-06-1,PSA05,PSA,SNG,TRUE
CTACCTGGTGCCCACA,PBMC-06-1,PSO12,PSO,SNG,TRUE
CTACCTGTCAAGTGGG,PBMC-06-1,PSO16,PSO,SNG,TRUE
CTACCTGTCGACGCTG,PBMC-06-1,PSA17,PSA,SNG,TRUE
CTACGGGAGCTGTGCC,PBMC-06-1,PSA04,PSA,SNG,TRUE
CTACGGGAGGTAGGCT,PBMC-06-1,PSA07,PSA,SNG,TRUE
CTACGGGAGTAGTCAA,PBMC-06-1,PSA17,PSA,SNG,TRUE
CTACGGGAGTCGAATA,PBMC-06-1,PSX01,PSX,SNG,TRUE
CTACGGGCAAATAGCA,PBMC-06-1,PSA07,PSA,SNG,FALSE
CTACGGGCAACGGTAG,PBMC-06-1,PSO15,PSO,SNG,TRUE
CTACGGGCAATAACCC,PBMC-06-1,PSO15,PSO,DBL,FALSE
CTACGGGCAATGTTGC,PBMC-06-1,PSA16,PSA,SNG,TRUE
CTACGGGGTATGTGTC,PBMC-06-1,PSA07,PSA,DBL,FALSE
CTACGGGGTCGACGCT,PBMC-06-1,PSO15,PSO,SNG,FALSE
CTACGGGGTCGCTCGA,PBMC-06-1,PSA17,PSA,SNG,TRUE
CTACGGGGTGGATACG,PBMC-06-1,PSO15,PSO,SNG,TRUE
CTACGGGGTTGACTGT,PBMC-06-1,PSA16,PSA,SNG,TRUE
CTACGGGTCATCGCAA,PBMC-06-1,PSO13,PSO,SNG,TRUE
CTACGGGTCCAGGACC,PBMC-06-1,PSA03,PSA,SNG,TRUE
CTACGGGTCCCTATTA,PBMC-06-1,PSA14,PSA,SNG,TRUE
CTACGGGTCGGCCAAC,PBMC-06-1,PSA07,PSA,SNG,TRUE
CTACGGGTCTGACCCT,PBMC-06-1,PSA15,PSA,SNG,TRUE
CTACGGGTCTGGTGGC,PBMC-06-1,PSA12,PSA,SNG,TRUE
CTACTATAGCACGATG,PBMC-06-1,PSA14,PSA,SNG,TRUE
CTACTATAGCGCAATG,PBMC-06-1,PSO14,PSO,SNG,TRUE
CTACTATAGCTGAAAT,PBMC-06-1,PSA17,PSA,SNG,TRUE
CTACTATAGGCTATCT,PBMC-06-1,PSA12,PSA,SNG,FALSE
CTACTATAGGTGCCAA,PBMC-06-1,PSA12,PSA,SNG,TRUE
CTACTATCAGACCATT,PBMC-06-1,PSO12,PSO,SNG,TRUE
CTACTATCAGCGCGTT,PBMC-06-1,PSO16,PSO,SNG,TRUE
CTACTATCATCCGTTC,PBMC-06-1,PSA13,PSA,SNG,TRUE
CTACTATCATGGAATA,PBMC-06-1,PSX01,PSX,SNG,TRUE
CTACTATCATGGCACC,PBMC-06-1,PSO14,PSO,SNG,TRUE
CTACTATGTGACTGTT,PBMC-06-1,PSA15,PSA,SNG,TRUE
CTACTATGTTCACCGG,PBMC-06-1,PSO15,PSO,SNG,FALSE
CTACTATTCAGTCCGG,PBMC-06-1,PSA02,PSA,SNG,TRUE
CTACTATTCCCAATAG,PBMC-06-1,PSO14,PSO,SNG,FALSE
CTACTATTCGGCTTGG,PBMC-06-1,PSA06,PSA,SNG,TRUE
CTACTATTCTGCTTTA,PBMC-06-1,PSA06,PSA,SNG,TRUE
CTACTATTCTTCCAGC,PBMC-06-1,PSO15,PSO,SNG,TRUE
CTAGACAAGAGGCGTT,PBMC-06-1,PSA12,PSA,AMB,FALSE
CTAGACAAGCCAGACA,PBMC-06-1,PSX01,PSX,SNG,TRUE
CTAGACAAGCCATGCC,PBMC-06-1,PSA17,PSA,SNG,TRUE
CTAGACACAATTGAAG,PBMC-06-1,PSX01,PSX,DBL,FALSE
CTAGACACACTTTAGG,PBMC-06-1,PSA02,PSA,SNG,TRUE
CTAGACACATAATCCG,PBMC-06-1,PSA15,PSA,SNG,TRUE
CTAGACACATGGACAG,PBMC-06-1,PSA12,PSA,AMB,FALSE
CTAGACAGTACAGTTC,PBMC-06-1,PSA13,PSA,SNG,TRUE
CTAGACAGTCCAAAGG,PBMC-06-1,PSO12,PSO,SNG,TRUE
CTAGACAGTCGCCACA,PBMC-06-1,PSO14,PSO,DBL,FALSE
CTAGACAGTGAGATCG,PBMC-06-1,PSA07,PSA,SNG,TRUE
CTAGACAGTTAGGACG,PBMC-06-1,PSO15,PSO,SNG,TRUE
CTAGACAGTTAGTCGT,PBMC-06-1,PSO15,PSO,SNG,TRUE
CTAGACAGTTATTCTC,PBMC-06-1,PSA02,PSA,SNG,FALSE
CTAGACATCACTAGCA,PBMC-06-1,PSA17,PSA,SNG,TRUE
CTAGACATCATGAGTC,PBMC-06-1,PSA03,PSA,SNG,TRUE
CTAGACATCGAGAGCA,PBMC-06-1,PSA07,PSA,SNG,TRUE
CTAGGTAAGACGTCGA,PBMC-06-1,PSX01,PSX,SNG,FALSE
CTAGGTAAGCGATCGA,PBMC-06-1,PSA02,PSA,SNG,FALSE
CTAGGTAAGCTCGTGC,PBMC-06-1,PSO12,PSO,SNG,TRUE
CTAGGTAAGGAAGTCC,PBMC-06-1,PSA07,PSA,SNG,FALSE
CTAGGTAAGGCTAAAT,PBMC-06-1,PSA02,PSA,SNG,FALSE
CTAGGTAAGTAATTGG,PBMC-06-1,PSO15,PSO,SNG,FALSE
CTAGGTAAGTCATGCT,PBMC-06-1,PSA12,PSA,SNG,FALSE
CTAGGTACAACAGCCC,PBMC-06-1,PSA15,PSA,SNG,TRUE
CTAGGTACAAGCCATT,PBMC-06-1,PSA07,PSA,SNG,TRUE
CTAGGTACAAGCGCTC,PBMC-06-1,PSA05,PSA,SNG,TRUE
CTAGGTACAATGTCTG,PBMC-06-1,PSA17,PSA,SNG,TRUE
CTAGGTACAATTCGTG,PBMC-06-1,PSA03,PSA,SNG,TRUE
CTAGGTACAGATCCTA,PBMC-06-1,PSA13,PSA,SNG,TRUE
CTAGGTACAGTAACGG,PBMC-06-1,PSA14,PSA,SNG,TRUE
CTAGGTAGTATCACCA,PBMC-06-1,PSA07,PSA,SNG,TRUE
CTAGGTAGTATGCGTT,PBMC-06-1,PSA07,PSA,SNG,TRUE
CTAGGTAGTCCGATCG,PBMC-06-1,PSA05,PSA,DBL,FALSE
CTAGGTAGTGATTAGA,PBMC-06-1,PSA07,PSA,SNG,TRUE
CTAGGTAGTGCATTAC,PBMC-06-1,PSA03,PSA,SNG,TRUE
CTAGGTATCAACTTTC,PBMC-06-1,PSA13,PSA,SNG,TRUE
CTAGGTATCAAGTGTC,PBMC-06-1,PSO12,PSO,SNG,TRUE
CTAGGTATCAGACCTA,PBMC-06-1,PSA12,PSA,SNG,TRUE
CTAGGTATCCATCACC,PBMC-06-1,PSA06,PSA,SNG,TRUE
CTAGGTATCCTCTAGC,PBMC-06-1,PSA07,PSA,SNG,TRUE
CTAGGTATCTTAGGAC,PBMC-06-1,PSO15,PSO,SNG,FALSE
CTAGGTATCTTCCAGC,PBMC-06-1,PSA07,PSA,SNG,TRUE
CTATAGGAGACTCTTG,PBMC-06-1,PSA17,PSA,SNG,TRUE
CTATAGGAGGGACACT,PBMC-06-1,PSA14,PSA,SNG,TRUE
CTATAGGAGTTCCGGC,PBMC-06-1,PSA02,PSA,SNG,TRUE
CTATAGGCAAGAGCTG,PBMC-06-1,PSA03,PSA,SNG,TRUE
CTATAGGCACATAACC,PBMC-06-1,PSA13,PSA,SNG,TRUE
CTATAGGCACCGTGGT,PBMC-06-1,PSO15,PSO,SNG,FALSE
CTATAGGCAGCACGAA,PBMC-06-1,PSA07,PSA,SNG,TRUE
CTATAGGCAGGCGTTC,PBMC-06-1,PSA14,PSA,SNG,TRUE
CTATAGGCATCACCAA,PBMC-06-1,PSA02,PSA,SNG,TRUE
CTATAGGCATCATCCC,PBMC-06-1,PSA07,PSA,DBL,FALSE
CTATAGGCATGAATCC,PBMC-06-1,PSA14,PSA,SNG,TRUE
CTATAGGCATGGAATA,PBMC-06-1,PSA02,PSA,SNG,TRUE
CTATAGGCATTAAAGG,PBMC-06-1,PSA04,PSA,SNG,TRUE
CTATAGGGTACACGCC,PBMC-06-1,PSO15,PSO,SNG,TRUE
CTATAGGGTAGCGCTC,PBMC-06-1,PSA04,PSA,SNG,TRUE
CTATAGGGTCCTCAGG,PBMC-06-1,PSX04,PSX,SNG,TRUE
CTATAGGGTCTCAGGC,PBMC-06-1,PSO12,PSO,SNG,TRUE
CTATAGGGTGACACAG,PBMC-06-1,PSA16,PSA,SNG,TRUE
CTATAGGTCCCGAAAT,PBMC-06-1,PSA13,PSA,AMB,FALSE
CTATAGGTCCGAAGGA,PBMC-06-1,PSA13,PSA,SNG,FALSE
CTATAGGTCGGTGTAT,PBMC-06-1,PSA07,PSA,SNG,FALSE
CTATAGGTCTCTGACC,PBMC-06-1,PSX01,PSX,SNG,TRUE
CTATAGGTCTTTGATC,PBMC-06-1,PSA02,PSA,SNG,TRUE
CTATCCGAGACCTCCG,PBMC-06-1,PSA15,PSA,SNG,TRUE
CTATCCGAGCCTGCCA,PBMC-06-1,PSA07,PSA,SNG,TRUE
CTATCCGAGGACTAAT,PBMC-06-1,PSO12,PSO,SNG,TRUE
CTATCCGCACAACCGC,PBMC-06-1,PSA05,PSA,DBL,FALSE
CTATCCGCACTCGATA,PBMC-06-1,PSA04,PSA,SNG,TRUE
CTATCCGCACTGGCGT,PBMC-06-1,PSA13,PSA,SNG,TRUE
CTATCCGCAGAACTTC,PBMC-06-1,PSO15,PSO,SNG,TRUE
CTATCCGCAGTAACGG,PBMC-06-1,PSA13,PSA,SNG,TRUE
CTATCCGGTAGATTAG,PBMC-06-1,PSO13,PSO,SNG,TRUE
CTATCCGGTAGGTACG,PBMC-06-1,PSA05,PSA,SNG,TRUE
CTATCCGGTCCGTTTC,PBMC-06-1,PSA16,PSA,SNG,TRUE
CTATCCGGTGAATTAG,PBMC-06-1,PSA12,PSA,SNG,TRUE
CTATCCGGTTGTATGC,PBMC-06-1,PSA13,PSA,SNG,TRUE
CTATCCGGTTTCGACA,PBMC-06-1,PSA14,PSA,SNG,TRUE
CTATCCGTCAACCCGG,PBMC-06-1,PSA13,PSA,SNG,TRUE
CTATCCGTCACACCGG,PBMC-06-1,PSA14,PSA,SNG,FALSE
CTATCCGTCACCATCC,PBMC-06-1,PSA15,PSA,AMB,FALSE
CTATCCGTCCCTATTA,PBMC-06-1,PSA17,PSA,SNG,TRUE
CTATCCGTCCTCTGCA,PBMC-06-1,PSA17,PSA,SNG,TRUE
CTATCCGTCGCAATGT,PBMC-06-1,PSA17,PSA,DBL,FALSE
CTATCCGTCGGCCAAC,PBMC-06-1,PSO13,PSO,DBL,FALSE
CTATCCGTCTAGCCTC,PBMC-06-1,PSO12,PSO,SNG,TRUE
CTATCCGTCTCAGTCC,PBMC-06-1,PSA02,PSA,SNG,TRUE
CTATCTAAGAAGCGCT,PBMC-06-1,PSA03,PSA,SNG,TRUE
CTATCTAAGAATTCAG,PBMC-06-1,PSO16,PSO,SNG,FALSE
CTATCTAAGCGCGTTC,PBMC-06-1,PSX01,PSX,SNG,TRUE
CTATCTAAGGCTTCCG,PBMC-06-1,PSA07,PSA,SNG,TRUE
CTATCTAAGGGCAGTT,PBMC-06-1,PSA04,PSA,SNG,FALSE
CTATCTAAGTGAATAC,PBMC-06-1,PSA04,PSA,SNG,TRUE
CTATCTACAAAGGGCT,PBMC-06-1,PSX01,PSX,DBL,FALSE
CTATCTACAAATTGGA,PBMC-06-1,PSX01,PSX,DBL,FALSE
CTATCTACACACGGTC,PBMC-06-1,PSA02,PSA,DBL,FALSE
CTATCTACAGTAGTTC,PBMC-06-1,PSA16,PSA,SNG,TRUE
CTATCTAGTCAACCTA,PBMC-06-1,PSA02,PSA,DBL,FALSE
CTATCTAGTGACCGAA,PBMC-06-1,PSO15,PSO,SNG,TRUE
CTATCTAGTGGTGATG,PBMC-06-1,PSA14,PSA,SNG,TRUE
CTATCTAGTTCAACGT,PBMC-06-1,PSA12,PSA,SNG,TRUE
CTATCTAGTTTGAACC,PBMC-06-1,PSA02,PSA,SNG,TRUE
CTATCTAGTTTGGCTA,PBMC-06-1,PSX04,PSX,SNG,FALSE
CTATCTATCAGCTAGT,PBMC-06-1,PSA14,PSA,SNG,FALSE
CTATCTATCGCTCATC,PBMC-06-1,PSO12,PSO,DBL,FALSE
CTATCTATCTTCGACC,PBMC-06-1,PSO12,PSO,SNG,TRUE
CTCAACCAGCAGAAAG,PBMC-06-1,PSA16,PSA,SNG,TRUE
CTCAACCAGCTCGACC,PBMC-06-1,PSO15,PSO,SNG,TRUE
CTCAACCCACGTAGAG,PBMC-06-1,PSA04,PSA,DBL,FALSE
CTCAACCCAGAGGAAA,PBMC-06-1,PSA17,PSA,SNG,TRUE
CTCAACCCAGCGGTTC,PBMC-06-1,PSA14,PSA,SNG,TRUE
CTCAACCCATCCGGCA,PBMC-06-1,PSA04,PSA,SNG,TRUE
CTCAACCGTAGTATAG,PBMC-06-1,PSA05,PSA,SNG,TRUE
CTCAACCGTCATATGC,PBMC-06-1,PSO16,PSO,AMB,FALSE
CTCAACCGTGCCCAGT,PBMC-06-1,PSA05,PSA,DBL,FALSE
CTCAACCGTGGTTTGT,PBMC-06-1,PSA05,PSA,SNG,TRUE
CTCAACCTCCCGTAAA,PBMC-06-1,PSO12,PSO,SNG,TRUE
CTCAACCTCTTCGTGC,PBMC-06-1,PSA07,PSA,SNG,TRUE
CTCAAGAAGACTCCGC,PBMC-06-1,PSA05,PSA,SNG,TRUE
CTCAAGACAAATCGTC,PBMC-06-1,PSA12,PSA,SNG,TRUE
CTCAAGACAAGATTGA,PBMC-06-1,PSO12,PSO,SNG,TRUE
CTCAAGACACAAACGG,PBMC-06-1,PSO12,PSO,SNG,TRUE
CTCAAGACACAACGTT,PBMC-06-1,PSA02,PSA,SNG,FALSE
CTCAAGACATCATCTT,PBMC-06-1,PSX01,PSX,SNG,TRUE
CTCAAGACATTGACAC,PBMC-06-1,PSA05,PSA,AMB,FALSE
CTCAAGAGTAACAGTA,PBMC-06-1,PSO14,PSO,SNG,TRUE
CTCAAGAGTAATGTGA,PBMC-06-1,PSA05,PSA,SNG,TRUE
CTCAAGAGTAGGCAAC,PBMC-06-1,PSA03,PSA,SNG,FALSE
CTCAAGAGTATCTTCT,PBMC-06-1,PSA02,PSA,SNG,TRUE
CTCAAGAGTGCAACAG,PBMC-06-1,PSA15,PSA,SNG,FALSE
CTCAAGAGTGGTTTGT,PBMC-06-1,PSA14,PSA,SNG,TRUE
CTCAAGATCACTTATC,PBMC-06-1,PSO12,PSO,DBL,FALSE
CTCAAGATCCACACAA,PBMC-06-1,PSA14,PSA,SNG,TRUE
CTCAAGATCCTCAGAA,PBMC-06-1,PSX01,PSX,SNG,FALSE
CTCAAGATCCTGCTAC,PBMC-06-1,PSO15,PSO,SNG,TRUE
CTCAAGATCGAATGCT,PBMC-06-1,PSO13,PSO,SNG,TRUE
CTCAAGATCGAGCCTG,PBMC-06-1,PSO11,PSO,SNG,TRUE
CTCAAGATCGGAATTC,PBMC-06-1,PSX01,PSX,SNG,TRUE
CTCAATTCAAGCGGAT,PBMC-06-1,PSO13,PSO,SNG,FALSE
CTCAATTCACCATTCC,PBMC-06-1,PSA03,PSA,SNG,TRUE
CTCAATTCAGCAGATG,PBMC-06-1,PSA05,PSA,SNG,TRUE
CTCAATTGTCACCGCA,PBMC-06-1,PSO15,PSO,SNG,FALSE
CTCAATTGTCACCTTC,PBMC-06-1,PSX04,PSX,DBL,FALSE
CTCAATTGTCCAAAGG,PBMC-06-1,PSX01,PSX,SNG,FALSE
CTCAATTGTGCTCCGA,PBMC-06-1,PSA05,PSA,DBL,FALSE
CTCAATTGTGCTTCAA,PBMC-06-1,PSX01,PSX,SNG,TRUE
CTCAATTGTTCAAACC,PBMC-06-1,PSX01,PSX,SNG,TRUE
CTCAATTGTTCATCTT,PBMC-06-1,PSA04,PSA,SNG,TRUE
CTCACTGCAAACGGCA,PBMC-06-1,PSA17,PSA,SNG,TRUE
CTCACTGCAACACTAC,PBMC-06-1,PSA12,PSA,SNG,TRUE
CTCACTGCAGATACTC,PBMC-06-1,PSX04,PSX,SNG,TRUE
CTCACTGGTCCATACA,PBMC-06-1,PSA07,PSA,SNG,FALSE
CTCACTGGTCGGTAAG,PBMC-06-1,PSA03,PSA,SNG,TRUE
CTCACTGGTCTCACAA,PBMC-06-1,PSA16,PSA,SNG,TRUE
CTCAGAACAAGACTGG,PBMC-06-1,PSA02,PSA,SNG,FALSE
CTCAGAACAATAGGGC,PBMC-06-1,PSX01,PSX,SNG,TRUE
CTCAGAACACCGTACG,PBMC-06-1,PSX04,PSX,AMB,FALSE
CTCAGAACACCTGTCT,PBMC-06-1,PSX01,PSX,SNG,TRUE
CTCAGAACAGGTTACT,PBMC-06-1,PSA07,PSA,SNG,FALSE
CTCAGAAGTACACGTT,PBMC-06-1,PSA05,PSA,DBL,FALSE
CTCAGAAGTACCTATG,PBMC-06-1,PSO14,PSO,AMB,FALSE
CTCAGAAGTATTGACC,PBMC-06-1,PSA02,PSA,AMB,FALSE
CTCAGAAGTCACTCAA,PBMC-06-1,PSA07,PSA,SNG,TRUE
CTCAGAAGTGGCTACC,PBMC-06-1,PSX01,PSX,SNG,TRUE
CTCAGAAGTGGCTAGA,PBMC-06-1,PSA17,PSA,SNG,TRUE
CTCAGAAGTTGGGTAG,PBMC-06-1,PSA16,PSA,SNG,TRUE
CTCAGGGAGATGTTGA,PBMC-06-1,PSA07,PSA,SNG,FALSE
CTCAGGGAGGGAGTTC,PBMC-06-1,PSA05,PSA,SNG,TRUE
CTCAGGGCAAAGCTCT,PBMC-06-1,PSA15,PSA,SNG,TRUE
CTCAGGGCAATCTCTT,PBMC-06-1,PSX01,PSX,SNG,TRUE
CTCAGGGCAGCGTAGA,PBMC-06-1,PSA07,PSA,SNG,TRUE
CTCAGGGCAGTTCTAG,PBMC-06-1,PSA07,PSA,SNG,TRUE
CTCAGGGCATGCACTA,PBMC-06-1,PSA03,PSA,SNG,TRUE
CTCAGGGGTAGTTCCA,PBMC-06-1,PSO15,PSO,SNG,TRUE
CTCAGGGGTCGACGCT,PBMC-06-1,PSA15,PSA,SNG,TRUE
CTCAGGGGTGCATTTG,PBMC-06-1,PSO15,PSO,SNG,TRUE
CTCAGGGGTTCTCAGA,PBMC-06-1,PSO13,PSO,DBL,FALSE
CTCAGGGGTTGATGTC,PBMC-06-1,PSA16,PSA,DBL,FALSE
CTCAGGGTCCATTTAC,PBMC-06-1,PSX01,PSX,DBL,FALSE
CTCAGGGTCCGTGGGT,PBMC-06-1,PSX01,PSX,SNG,TRUE
CTCAGGGTCGGAATTC,PBMC-06-1,PSX01,PSX,SNG,TRUE
CTCAGGGTCTTGCAAG,PBMC-06-1,PSX01,PSX,SNG,TRUE
CTCAGTCCACTTCATT,PBMC-06-1,PSA16,PSA,SNG,TRUE
CTCAGTCGTAGCTGCC,PBMC-06-1,PSA16,PSA,SNG,TRUE
CTCAGTCGTCATTGCA,PBMC-06-1,PSA02,PSA,SNG,TRUE
CTCAGTCGTGCCGTAC,PBMC-06-1,PSA07,PSA,SNG,TRUE
CTCAGTCGTGGATCGA,PBMC-06-1,PSA07,PSA,SNG,TRUE
CTCATCGCAGCCCACA,PBMC-06-1,PSO15,PSO,SNG,TRUE
CTCATCGGTGTGCCTG,PBMC-06-1,PSA05,PSA,SNG,FALSE
CTCATCGGTTGTCAGT,PBMC-06-1,PSX04,PSX,SNG,TRUE
CTCATCGGTTTGCAGT,PBMC-06-1,PSA03,PSA,SNG,TRUE
CTCATGCAGAAACCAT,PBMC-06-1,PSA03,PSA,SNG,TRUE
CTCATGCAGAAGTCTA,PBMC-06-1,PSA16,PSA,SNG,TRUE
CTCATGCAGCCGAATG,PBMC-06-1,PSO16,PSO,SNG,FALSE
CTCATGCCAAGACGGT,PBMC-06-1,PSO15,PSO,SNG,FALSE
CTCATGCCACAATTCG,PBMC-06-1,PSA07,PSA,DBL,FALSE
CTCATGCGTACAAAGT,PBMC-06-1,PSA13,PSA,SNG,TRUE
CTCATGCGTCAACCTA,PBMC-06-1,PSA17,PSA,SNG,TRUE
CTCATGCGTCACCCTT,PBMC-06-1,PSA02,PSA,SNG,TRUE
CTCATGCGTCGGCCTA,PBMC-06-1,PSA15,PSA,DBL,FALSE
CTCATGCGTGGTCTGC,PBMC-06-1,PSA16,PSA,DBL,FALSE
CTCATGCGTGTATACC,PBMC-06-1,PSA07,PSA,SNG,TRUE
CTCATGCGTTACCTTT,PBMC-06-1,PSA16,PSA,DBL,FALSE
CTCATGCGTTGCCGCA,PBMC-06-1,PSA16,PSA,SNG,TRUE
CTCATGCTCCTTATAC,PBMC-06-1,PSA12,PSA,SNG,TRUE
CTCATGCTCTCCGCAT,PBMC-06-1,PSA02,PSA,SNG,FALSE
CTCATGCTCTTCTGGC,PBMC-06-1,PSA04,PSA,SNG,TRUE
CTCATTAAGAAATTGC,PBMC-06-1,PSX01,PSX,SNG,TRUE
CTCATTAAGAAGCGAA,PBMC-06-1,PSA04,PSA,SNG,TRUE
CTCATTAAGCGGTATG,PBMC-06-1,PSA07,PSA,DBL,FALSE
CTCATTAAGTCGGCCT,PBMC-06-1,PSA14,PSA,SNG,TRUE
CTCATTAAGTGCCCGT,PBMC-06-1,PSA02,PSA,SNG,TRUE
CTCATTAAGTTCACTG,PBMC-06-1,PSA04,PSA,SNG,TRUE
CTCATTACACAACCGC,PBMC-06-1,PSX01,PSX,SNG,TRUE
CTCATTACAGTATGAA,PBMC-06-1,PSX01,PSX,SNG,FALSE
CTCATTAGTAAGAACT,PBMC-06-1,PSA17,PSA,DBL,FALSE
CTCATTAGTAGGCTCC,PBMC-06-1,PSA17,PSA,SNG,TRUE
CTCATTAGTATCAAGA,PBMC-06-1,PSA16,PSA,SNG,FALSE
CTCATTAGTCAGCTTA,PBMC-06-1,PSA12,PSA,SNG,TRUE
CTCATTAGTCATCAGT,PBMC-06-1,PSA15,PSA,SNG,FALSE
CTCATTATCAGTCATG,PBMC-06-1,PSA05,PSA,AMB,FALSE
CTCATTATCATTGAGC,PBMC-06-1,PSA15,PSA,SNG,TRUE
CTCATTATCCGTATGA,PBMC-06-1,PSO14,PSO,SNG,TRUE
CTCATTATCCTCACTG,PBMC-06-1,PSA17,PSA,SNG,TRUE
CTCATTATCGAACCAT,PBMC-06-1,PSX01,PSX,SNG,TRUE
CTCATTATCGAGTCTA,PBMC-06-1,PSA15,PSA,SNG,TRUE
CTCATTATCTATTGTC,PBMC-06-1,PSA17,PSA,SNG,TRUE
CTCCAACAGACTTCAC,PBMC-06-1,PSO12,PSO,SNG,TRUE
CTCCAACAGTAGCAAT,PBMC-06-1,PSX04,PSX,SNG,TRUE
CTCCAACCACGGTAGA,PBMC-06-1,PSA12,PSA,SNG,TRUE
CTCCAACCAGAGAATT,PBMC-06-1,PSA14,PSA,SNG,TRUE
CTCCAACCATGGCCAC,PBMC-06-1,PSA13,PSA,SNG,TRUE
CTCCAACGTCCAGCAC,PBMC-06-1,PSA04,PSA,SNG,TRUE
CTCCAACGTCCCTGAG,PBMC-06-1,PSA14,PSA,SNG,TRUE
CTCCAACGTGCCTACG,PBMC-06-1,PSO12,PSO,SNG,FALSE
CTCCAACGTGTTCGTA,PBMC-06-1,PSA05,PSA,SNG,FALSE
CTCCAACTCACGGAGA,PBMC-06-1,PSA07,PSA,SNG,TRUE
CTCCAACTCGGCCCAA,PBMC-06-1,PSA05,PSA,SNG,TRUE
CTCCAACTCGTCAGAT,PBMC-06-1,PSA13,PSA,DBL,FALSE
CTCCAACTCTTTGATC,PBMC-06-1,PSA05,PSA,SNG,TRUE
CTCCACAAGAAGGGAT,PBMC-06-1,PSA04,PSA,SNG,TRUE
CTCCACAAGACATCCT,PBMC-06-1,PSO15,PSO,SNG,TRUE
CTCCACAAGCGTACAG,PBMC-06-1,PSA05,PSA,AMB,FALSE
CTCCACAAGGCCACTC,PBMC-06-1,PSO13,PSO,SNG,TRUE
CTCCACAAGTGTACAA,PBMC-06-1,PSA07,PSA,SNG,TRUE
CTCCACAAGTTACTCG,PBMC-06-1,PSO15,PSO,SNG,TRUE
CTCCACAAGTTTCTTC,PBMC-06-1,PSA17,PSA,SNG,TRUE
CTCCACACAAACACCT,PBMC-06-1,PSO15,PSO,SNG,TRUE
CTCCACACAATTTCCT,PBMC-06-1,PSA17,PSA,SNG,TRUE
CTCCACACACCCTAGG,PBMC-06-1,PSO11,PSO,DBL,FALSE
CTCCACACACTACCCT,PBMC-06-1,PSA14,PSA,SNG,TRUE
CTCCACACACTGGCCA,PBMC-06-1,PSO14,PSO,SNG,TRUE
CTCCACACAGCCATTA,PBMC-06-1,PSA06,PSA,DBL,FALSE
CTCCACACAGTCTCTC,PBMC-06-1,PSA05,PSA,SNG,TRUE
CTCCACACATCCGAGC,PBMC-06-1,PSA05,PSA,SNG,FALSE
CTCCACAGTACAATAG,PBMC-06-1,PSX01,PSX,SNG,TRUE
CTCCACAGTTCAAGGG,PBMC-06-1,PSO15,PSO,SNG,TRUE
CTCCACAGTTCCAGGC,PBMC-06-1,PSA16,PSA,DBL,FALSE
CTCCACATCAAGGAGC,PBMC-06-1,PSX01,PSX,DBL,FALSE
CTCCACATCAGCTTCC,PBMC-06-1,PSX01,PSX,SNG,TRUE
CTCCACATCCACTGAA,PBMC-06-1,PSA06,PSA,SNG,TRUE
CTCCACATCCTTTAGT,PBMC-06-1,PSO14,PSO,SNG,TRUE
CTCCACATCTTACTGT,PBMC-06-1,PSA06,PSA,SNG,FALSE
CTCCACATCTTCTGTA,PBMC-06-1,PSA03,PSA,SNG,TRUE
CTCCATGAGAGCTGAC,PBMC-06-1,PSO11,PSO,SNG,TRUE
CTCCATGAGAGTCTTC,PBMC-06-1,PSA05,PSA,SNG,TRUE
CTCCATGAGCGATGCA,PBMC-06-1,PSO15,PSO,SNG,FALSE
CTCCATGAGCGCTGCT,PBMC-06-1,PSO16,PSO,SNG,TRUE
CTCCATGAGCTGTTCA,PBMC-06-1,PSA02,PSA,SNG,TRUE
CTCCATGAGCTTAAGA,PBMC-06-1,PSO15,PSO,SNG,FALSE
CTCCATGAGGATACAT,PBMC-06-1,PSA05,PSA,SNG,TRUE
CTCCATGAGTAGCATA,PBMC-06-1,PSO14,PSO,DBL,FALSE
CTCCATGCAAGGCCTC,PBMC-06-1,PSA04,PSA,SNG,TRUE
CTCCATGCAAGTGGAC,PBMC-06-1,PSO15,PSO,DBL,FALSE
CTCCATGCAATGGCCC,PBMC-06-1,PSA02,PSA,SNG,TRUE
CTCCATGCAGGCGAAT,PBMC-06-1,PSA17,PSA,SNG,TRUE
CTCCATGCATCACGGC,PBMC-06-1,PSO12,PSO,SNG,TRUE
CTCCATGGTAAGGTCG,PBMC-06-1,PSA06,PSA,SNG,TRUE
CTCCATGGTTAAGCAA,PBMC-06-1,PSA02,PSA,SNG,TRUE
CTCCATGTCAATCTCT,PBMC-06-1,PSO14,PSO,SNG,TRUE
CTCCATGTCACGACTA,PBMC-06-1,PSA17,PSA,SNG,FALSE
CTCCATGTCTAGAACC,PBMC-06-1,PSA07,PSA,SNG,TRUE
CTCCATGTCTTTCTAG,PBMC-06-1,PSX01,PSX,SNG,TRUE
CTCCCAAAGCTACTAC,PBMC-06-1,PSA16,PSA,SNG,TRUE
CTCCCAAAGCTGAAAT,PBMC-06-1,PSA07,PSA,SNG,TRUE
CTCCCAAAGTTCATCG,PBMC-06-1,PSO15,PSO,SNG,TRUE
CTCCCAACAAGCTGTT,PBMC-06-1,PSA05,PSA,SNG,TRUE
CTCCCAACAATAACGA,PBMC-06-1,PSO14,PSO,SNG,TRUE
CTCCCAACACAAATAG,PBMC-06-1,PSA06,PSA,SNG,TRUE
CTCCCAACAGGTAGTG,PBMC-06-1,PSO12,PSO,SNG,TRUE
CTCCCAACAGTAACGG,PBMC-06-1,PSA16,PSA,SNG,TRUE
CTCCCAACATTGACCA,PBMC-06-1,PSA07,PSA,SNG,FALSE
CTCCCAAGTAGCTTGT,PBMC-06-1,PSX01,PSX,DBL,FALSE
CTCCCAAGTCACAATC,PBMC-06-1,PSX04,PSX,SNG,TRUE
CTCCCAAGTCATTGCA,PBMC-06-1,PSA07,PSA,SNG,TRUE
CTCCCAAGTCTGTAGT,PBMC-06-1,PSO15,PSO,SNG,FALSE
CTCCCAAGTTCCTTGC,PBMC-06-1,PSX01,PSX,SNG,TRUE
CTCCCAAGTTTAGAGA,PBMC-06-1,PSA07,PSA,SNG,TRUE
CTCCCAATCCACACAA,PBMC-06-1,PSA03,PSA,AMB,FALSE
CTCCCAATCCGCACTT,PBMC-06-1,PSO14,PSO,SNG,TRUE
CTCCCAATCGAGCCTG,PBMC-06-1,PSA02,PSA,SNG,TRUE
CTCCCAATCGATACGT,PBMC-06-1,PSA14,PSA,SNG,TRUE
CTCCCAATCGGCAGTC,PBMC-06-1,PSX01,PSX,SNG,TRUE
CTCCCAATCTTGGTCC,PBMC-06-1,PSO11,PSO,SNG,FALSE
CTCCCTCAGCGCAATG,PBMC-06-1,PSA04,PSA,SNG,TRUE
CTCCCTCAGGCAGCTA,PBMC-06-1,PSA12,PSA,SNG,TRUE
CTCCCTCAGGGCTTCC,PBMC-06-1,PSO11,PSO,SNG,TRUE
CTCCCTCAGTCGCGAA,PBMC-06-1,PSO14,PSO,SNG,TRUE
CTCCCTCCAATGGCAG,PBMC-06-1,PSO15,PSO,SNG,TRUE
CTCCCTCCATCGCTCT,PBMC-06-1,PSO12,PSO,SNG,FALSE
CTCCCTCGTAACGCGA,PBMC-06-1,PSA15,PSA,DBL,FALSE
CTCCCTCGTAGAGGAA,PBMC-06-1,PSX04,PSX,SNG,TRUE
CTCCCTCGTATTGACC,PBMC-06-1,PSA15,PSA,SNG,TRUE
CTCCCTCGTCAGGTGA,PBMC-06-1,PSO13,PSO,SNG,TRUE
CTCCCTCGTCATGCAT,PBMC-06-1,PSA16,PSA,SNG,TRUE
CTCCCTCGTGCTATTG,PBMC-06-1,PSX04,PSX,SNG,TRUE
CTCCCTCGTGGATGAC,PBMC-06-1,PSO11,PSO,SNG,FALSE
CTCCCTCGTTCCTACC,PBMC-06-1,PSA15,PSA,SNG,TRUE
CTCCCTCGTTGCACGC,PBMC-06-1,PSA06,PSA,SNG,FALSE
CTCCCTCGTTGCTTGA,PBMC-06-1,PSA13,PSA,SNG,FALSE
CTCCCTCTCACCATAG,PBMC-06-1,PSA17,PSA,SNG,TRUE
CTCCCTCTCCAAAGGG,PBMC-06-1,PSO15,PSO,SNG,TRUE
CTCCCTCTCCGAGTGC,PBMC-06-1,PSX01,PSX,SNG,TRUE
CTCCCTCTCGAGTACT,PBMC-06-1,PSA12,PSA,SNG,TRUE
CTCCCTCTCGCTCATC,PBMC-06-1,PSA16,PSA,DBL,FALSE
CTCCCTCTCTTAGTTC,PBMC-06-1,PSA02,PSA,SNG,TRUE
CTCCGATAGAAACTAC,PBMC-06-1,PSO15,PSO,SNG,TRUE
CTCCGATAGAAGAACG,PBMC-06-1,PSA07,PSA,SNG,TRUE
CTCCGATAGATCCAAA,PBMC-06-1,PSX04,PSX,SNG,TRUE
CTCCGATAGGAGAATG,PBMC-06-1,PSA14,PSA,SNG,TRUE
CTCCGATAGGCGTTGA,PBMC-06-1,PSO12,PSO,SNG,TRUE
CTCCGATAGTCGCCCA,PBMC-06-1,PSA15,PSA,SNG,TRUE
CTCCGATAGTGTACCT,PBMC-06-1,PSA15,PSA,SNG,TRUE
CTCCGATCACATGTTG,PBMC-06-1,PSA03,PSA,SNG,TRUE
CTCCGATCAGAACTTC,PBMC-06-1,PSA17,PSA,SNG,TRUE
CTCCGATCATGTTACG,PBMC-06-1,PSA06,PSA,DBL,FALSE
CTCCGATCATTAAGCC,PBMC-06-1,PSA17,PSA,SNG,TRUE
CTCCGATGTACGAGTG,PBMC-06-1,PSA17,PSA,SNG,TRUE
CTCCGATGTCGATTCA,PBMC-06-1,PSA07,PSA,SNG,TRUE
CTCCGATGTCGTGGAA,PBMC-06-1,PSA07,PSA,SNG,TRUE
CTCCGATGTTAAGCAA,PBMC-06-1,PSX01,PSX,SNG,TRUE
CTCCGATTCATTCGTT,PBMC-06-1,PSX04,PSX,SNG,TRUE
CTCCGATTCCACTGGG,PBMC-06-1,PSX04,PSX,SNG,TRUE
CTCCGATTCCTTCGAC,PBMC-06-1,PSO15,PSO,SNG,TRUE
CTCCGATTCGAGGCAA,PBMC-06-1,PSA03,PSA,SNG,FALSE
CTCCGATTCGCCACTT,PBMC-06-1,PSO12,PSO,SNG,TRUE
CTCCGATTCGTCGATA,PBMC-06-1,PSA02,PSA,SNG,TRUE
CTCCGATTCTTACCGC,PBMC-06-1,PSA16,PSA,SNG,TRUE
CTCCTCCAGCCTATTG,PBMC-06-1,PSA12,PSA,SNG,TRUE
CTCCTCCCAAGACAAT,PBMC-06-1,PSA12,PSA,SNG,TRUE
CTCCTCCCACCCTGAG,PBMC-06-1,PSA14,PSA,SNG,TRUE
CTCCTCCCACGGAAGT,PBMC-06-1,PSA14,PSA,SNG,TRUE
CTCCTCCCAGATAAAC,PBMC-06-1,PSA07,PSA,SNG,TRUE
CTCCTCCCATTGCTGA,PBMC-06-1,PSX04,PSX,SNG,TRUE
CTCCTCCGTACCTAAC,PBMC-06-1,PSO15,PSO,SNG,TRUE
CTCCTCCGTCGACTGC,PBMC-06-1,PSO16,PSO,SNG,TRUE
CTCCTCCGTGACACAG,PBMC-06-1,PSA04,PSA,SNG,TRUE
CTCCTCCTCCTCTAAT,PBMC-06-1,PSA02,PSA,DBL,FALSE
CTCCTCCTCGATTGGT,PBMC-06-1,PSX01,PSX,SNG,TRUE
CTCCTCCTCGGTGTAT,PBMC-06-1,PSX01,PSX,SNG,TRUE
CTCCTCCTCTCACTCG,PBMC-06-1,PSX01,PSX,SNG,TRUE
CTCCTCCTCTGCTTTA,PBMC-06-1,PSX01,PSX,SNG,TRUE
CTCCTTTAGATGACCG,PBMC-06-1,PSX04,PSX,DBL,FALSE
CTCCTTTAGCTGTCCG,PBMC-06-1,PSA12,PSA,SNG,TRUE
CTCCTTTAGGCCATAG,PBMC-06-1,PSA17,PSA,SNG,TRUE
CTCCTTTCAAGGACAC,PBMC-06-1,PSA12,PSA,SNG,TRUE
CTCCTTTCAAGTTCGT,PBMC-06-1,PSA12,PSA,SNG,TRUE
CTCCTTTCAGACCCGT,PBMC-06-1,PSO12,PSO,SNG,TRUE
CTCCTTTCATGGGTTT,PBMC-06-1,PSO11,PSO,SNG,TRUE
CTCCTTTGTATGAAAC,PBMC-06-1,PSA17,PSA,SNG,TRUE
CTCCTTTGTCCGCAGT,PBMC-06-1,PSO12,PSO,SNG,FALSE
CTCCTTTGTCGCATGC,PBMC-06-1,PSA05,PSA,DBL,FALSE
CTCCTTTGTCTGATAC,PBMC-06-1,PSA03,PSA,SNG,TRUE
CTCCTTTGTCTTGTCC,PBMC-06-1,PSA15,PSA,SNG,TRUE
CTCCTTTGTGCATTAC,PBMC-06-1,PSX01,PSX,SNG,TRUE
CTCCTTTGTTGAGAGC,PBMC-06-1,PSO15,PSO,SNG,TRUE
CTCCTTTTCGCTAAAC,PBMC-06-1,PSA14,PSA,SNG,TRUE
CTCGAGGAGAATCGTA,PBMC-06-1,PSA05,PSA,SNG,TRUE
CTCGAGGAGTAACGTA,PBMC-06-1,PSO15,PSO,SNG,TRUE
CTCGAGGAGTAGTCCT,PBMC-06-1,PSO14,PSO,SNG,TRUE
CTCGAGGAGTCCCGAC,PBMC-06-1,PSA07,PSA,SNG,TRUE
CTCGAGGCAAATTAGG,PBMC-06-1,PSX01,PSX,SNG,TRUE
CTCGAGGCAACTCCCT,PBMC-06-1,PSA04,PSA,SNG,FALSE
CTCGAGGCAGTTAAAG,PBMC-06-1,PSA07,PSA,SNG,TRUE
CTCGAGGCATGCAGGA,PBMC-06-1,PSA06,PSA,DBL,FALSE
CTCGAGGGTAGCTGCC,PBMC-06-1,PSA02,PSA,SNG,TRUE
CTCGAGGGTAGCTTGT,PBMC-06-1,PSA14,PSA,DBL,FALSE
CTCGAGGGTCACCCTT,PBMC-06-1,PSO12,PSO,SNG,FALSE
CTCGAGGGTCTCACGG,PBMC-06-1,PSA06,PSA,SNG,TRUE
CTCGAGGGTGGCTTGC,PBMC-06-1,PSA03,PSA,DBL,FALSE
CTCGAGGGTTATTCCT,PBMC-06-1,PSA15,PSA,SNG,TRUE
CTCGAGGGTTGCAAGG,PBMC-06-1,PSA07,PSA,DBL,FALSE
CTCGAGGTCGTAACAC,PBMC-06-1,PSA07,PSA,DBL,FALSE
CTCGAGGTCGTAGCTA,PBMC-06-1,PSO11,PSO,DBL,FALSE
CTCGAGGTCTTCACAT,PBMC-06-1,PSO15,PSO,SNG,TRUE
CTCTCAGAGATCGACG,PBMC-06-1,PSA03,PSA,SNG,TRUE
CTCTCAGAGCGTACAG,PBMC-06-1,PSO12,PSO,SNG,TRUE
CTCTCAGAGGATATAC,PBMC-06-1,PSA04,PSA,DBL,FALSE
CTCTCAGAGTCAGGGT,PBMC-06-1,PSA16,PSA,SNG,TRUE
CTCTCAGAGTTGGGAC,PBMC-06-1,PSA04,PSA,SNG,TRUE
CTCTCAGCACGACCTG,PBMC-06-1,PSA02,PSA,SNG,TRUE
CTCTCAGCAGATAAAC,PBMC-06-1,PSA02,PSA,DBL,FALSE
CTCTCAGCAGGTTACT,PBMC-06-1,PSA04,PSA,SNG,TRUE
CTCTCAGGTACAGAGC,PBMC-06-1,PSA05,PSA,SNG,TRUE
CTCTCAGGTACCGGAA,PBMC-06-1,PSA17,PSA,SNG,TRUE
CTCTCAGGTGACTATC,PBMC-06-1,PSA16,PSA,DBL,FALSE
CTCTCAGGTGGAACCA,PBMC-06-1,PSX01,PSX,SNG,FALSE
CTCTCAGGTGGGTCAA,PBMC-06-1,PSX04,PSX,SNG,TRUE
CTCTCAGTCAAGAGGC,PBMC-06-1,PSA02,PSA,SNG,TRUE
CTCTCAGTCCCGATCT,PBMC-06-1,PSO12,PSO,SNG,TRUE
CTCTCAGTCGTTGCCT,PBMC-06-1,PSX01,PSX,SNG,TRUE
CTCTCAGTCTAACGCA,PBMC-06-1,PSA17,PSA,SNG,FALSE
CTCTCGAAGAGTAACT,PBMC-06-1,PSA14,PSA,SNG,TRUE
CTCTCGAAGGCCTTGC,PBMC-06-1,PSA15,PSA,DBL,FALSE
CTCTCGAAGGGTGAAA,PBMC-06-1,PSA16,PSA,SNG,FALSE
CTCTCGAAGGTCCAGA,PBMC-06-1,PSA13,PSA,SNG,TRUE
CTCTCGACACAAGCTT,PBMC-06-1,PSO11,PSO,SNG,TRUE
CTCTCGACACCCAACG,PBMC-06-1,PSO13,PSO,SNG,FALSE
CTCTCGACACTCATAG,PBMC-06-1,PSO15,PSO,SNG,TRUE
CTCTCGACAGTAACAA,PBMC-06-1,PSO15,PSO,SNG,TRUE
CTCTCGACAGTCGAGA,PBMC-06-1,PSA16,PSA,SNG,FALSE
CTCTCGACATCATTTC,PBMC-06-1,PSA16,PSA,SNG,TRUE
CTCTCGACATGCGTGC,PBMC-06-1,PSA16,PSA,SNG,TRUE
CTCTCGAGTACGAGCA,PBMC-06-1,PSA03,PSA,SNG,TRUE
CTCTCGAGTATGAGGC,PBMC-06-1,PSA07,PSA,SNG,FALSE
CTCTCGAGTCCGTTTC,PBMC-06-1,PSA07,PSA,SNG,TRUE
CTCTCGAGTCTACACA,PBMC-06-1,PSO12,PSO,SNG,TRUE
CTCTCGAGTGAATGTA,PBMC-06-1,PSA17,PSA,SNG,TRUE
CTCTCGAGTGAGAGGG,PBMC-06-1,PSO12,PSO,DBL,FALSE
CTCTCGAGTGGCACTC,PBMC-06-1,PSO15,PSO,SNG,TRUE
CTCTCGAGTGGCTTGC,PBMC-06-1,PSO12,PSO,SNG,FALSE
CTCTCGAGTTAAGAAC,PBMC-06-1,PSO12,PSO,SNG,TRUE
CTCTCGAGTTCATCTT,PBMC-06-1,PSA16,PSA,SNG,TRUE
CTCTCGATCATGGCCG,PBMC-06-1,PSA02,PSA,SNG,TRUE
CTCTCGATCATTGTTC,PBMC-06-1,PSA16,PSA,SNG,TRUE
CTCTCGATCCCTTGTG,PBMC-06-1,PSA02,PSA,AMB,FALSE
CTCTCGATCCGCAAAT,PBMC-06-1,PSA15,PSA,SNG,TRUE
CTCTCGATCGACCATA,PBMC-06-1,PSX01,PSX,SNG,TRUE
CTCTCGATCGAGAAGC,PBMC-06-1,PSA07,PSA,SNG,TRUE
CTCTCGATCGCAATTG,PBMC-06-1,PSA15,PSA,AMB,FALSE
CTCTCGATCGGTCATA,PBMC-06-1,PSX04,PSX,SNG,TRUE
CTCTCGATCGTCGGGT,PBMC-06-1,PSA02,PSA,SNG,TRUE
CTCTGGTAGAGACAAG,PBMC-06-1,PSA02,PSA,SNG,TRUE
CTCTGGTAGAGATTCA,PBMC-06-1,PSA15,PSA,SNG,TRUE
CTCTGGTAGCCTGAAG,PBMC-06-1,PSA05,PSA,SNG,TRUE
CTCTGGTAGCTCATAC,PBMC-06-1,PSO11,PSO,DBL,FALSE
CTCTGGTAGGAATTAC,PBMC-06-1,PSA16,PSA,SNG,TRUE
CTCTGGTAGGATTCAA,PBMC-06-1,PSO16,PSO,DBL,FALSE
CTCTGGTAGTAATACG,PBMC-06-1,PSA13,PSA,AMB,FALSE
CTCTGGTCAATTCTCT,PBMC-06-1,PSA07,PSA,SNG,TRUE
CTCTGGTCACATCCCT,PBMC-06-1,PSA16,PSA,SNG,TRUE
CTCTGGTCACCTGCAG,PBMC-06-1,PSA12,PSA,SNG,FALSE
CTCTGGTCACGCACCA,PBMC-06-1,PSA05,PSA,SNG,TRUE
CTCTGGTCACTGATTG,PBMC-06-1,PSX04,PSX,SNG,TRUE
CTCTGGTCAGCCTTCT,PBMC-06-1,PSX01,PSX,SNG,TRUE
CTCTGGTCAGTTCTAG,PBMC-06-1,PSO15,PSO,SNG,TRUE
CTCTGGTGTAACCCGC,PBMC-06-1,PSA12,PSA,SNG,TRUE
CTCTGGTGTATGTCCA,PBMC-06-1,PSO12,PSO,SNG,TRUE
CTCTGGTGTCGTCTCT,PBMC-06-1,PSA06,PSA,SNG,TRUE
CTCTGGTGTGGTCTGC,PBMC-06-1,PSX04,PSX,SNG,TRUE
CTCTGGTGTGTTTGCA,PBMC-06-1,PSA02,PSA,SNG,FALSE
CTCTGGTGTTAGGGAC,PBMC-06-1,PSO15,PSO,DBL,FALSE
CTCTGGTTCATCTGTT,PBMC-06-1,PSA13,PSA,SNG,TRUE
CTCTGGTTCCCTTCCC,PBMC-06-1,PSO15,PSO,SNG,FALSE
CTCTGGTTCCGACATA,PBMC-06-1,PSO15,PSO,SNG,TRUE
CTCTGGTTCCGTGACG,PBMC-06-1,PSA17,PSA,SNG,TRUE
CTCTGGTTCGCTGACG,PBMC-06-1,PSA03,PSA,SNG,TRUE
CTGAATGCACCTGCTT,PBMC-06-1,PSO15,PSO,DBL,FALSE
CTGAATGCACGCAAAG,PBMC-06-1,PSA15,PSA,SNG,TRUE
CTGAATGCAGCAAGAC,PBMC-06-1,PSA15,PSA,SNG,TRUE
CTGAATGCAGTCGAGA,PBMC-06-1,PSA02,PSA,SNG,TRUE
CTGAATGCAGTGCCTG,PBMC-06-1,PSA03,PSA,SNG,TRUE
CTGAATGCAGTTAAAG,PBMC-06-1,PSA17,PSA,DBL,FALSE
CTGAATGCATACAGAA,PBMC-06-1,PSA17,PSA,SNG,TRUE
CTGAATGCATGTTCAG,PBMC-06-1,PSA05,PSA,SNG,TRUE
CTGAATGGTATCCCTC,PBMC-06-1,PSA03,PSA,AMB,FALSE
CTGAATGGTGACTGAG,PBMC-06-1,PSA15,PSA,SNG,TRUE
CTGAATGGTGTGCTTA,PBMC-06-1,PSA13,PSA,SNG,FALSE
CTGAGCGAGAGACAAG,PBMC-06-1,PSA04,PSA,SNG,TRUE
CTGAGCGAGCTTAAGA,PBMC-06-1,PSA03,PSA,SNG,TRUE
CTGAGCGAGGGCCAAT,PBMC-06-1,PSO15,PSO,SNG,TRUE
CTGAGCGAGTAAATGC,PBMC-06-1,PSA02,PSA,SNG,TRUE
CTGAGCGCAAAGCACG,PBMC-06-1,PSA02,PSA,SNG,TRUE
CTGAGCGCAAGCGATG,PBMC-06-1,PSO11,PSO,DBL,FALSE
CTGAGCGCAATCTCTT,PBMC-06-1,PSA14,PSA,SNG,TRUE
CTGAGCGCACAACGCC,PBMC-06-1,PSA12,PSA,SNG,TRUE
CTGAGCGCATGGAATA,PBMC-06-1,PSO12,PSO,DBL,FALSE
CTGAGCGCATTGTCGA,PBMC-06-1,PSA17,PSA,SNG,TRUE
CTGAGCGGTAAGACCG,PBMC-06-1,PSO15,PSO,SNG,TRUE
CTGAGCGGTCGGAAAC,PBMC-06-1,PSO15,PSO,SNG,TRUE
CTGAGCGGTGATACTC,PBMC-06-1,PSA03,PSA,SNG,FALSE
CTGAGCGGTGGCATCC,PBMC-06-1,PSX01,PSX,SNG,TRUE
CTGAGCGGTGTCCCTT,PBMC-06-1,PSA03,PSA,SNG,FALSE
CTGAGCGTCTTTGCTA,PBMC-06-1,PSA14,PSA,SNG,TRUE
CTGAGGCAGACTGAGC,PBMC-06-1,PSA14,PSA,SNG,TRUE
CTGAGGCAGCATGATA,PBMC-06-1,PSA12,PSA,SNG,TRUE
CTGAGGCAGCCTCAGC,PBMC-06-1,PSX01,PSX,SNG,TRUE
CTGAGGCAGCGTATGG,PBMC-06-1,PSA12,PSA,SNG,TRUE
CTGAGGCAGGATATAC,PBMC-06-1,PSO12,PSO,SNG,TRUE
CTGAGGCAGTATGACA,PBMC-06-1,PSO15,PSO,DBL,FALSE
CTGAGGCAGTGGGAAA,PBMC-06-1,PSA16,PSA,SNG,TRUE
CTGAGGCCAACTCGAT,PBMC-06-1,PSA02,PSA,SNG,TRUE
CTGAGGCCACAATGCT,PBMC-06-1,PSA12,PSA,DBL,FALSE
CTGAGGCCACGTATAC,PBMC-06-1,PSA05,PSA,DBL,FALSE
CTGAGGCCACTACAGT,PBMC-06-1,PSO16,PSO,AMB,FALSE
CTGAGGCCACTGATTG,PBMC-06-1,PSA16,PSA,SNG,TRUE
CTGAGGCCAGGGCTTC,PBMC-06-1,PSA05,PSA,SNG,TRUE
CTGAGGCGTATGAGCG,PBMC-06-1,PSA03,PSA,DBL,FALSE
CTGAGGCGTATTCCTT,PBMC-06-1,PSO15,PSO,SNG,TRUE
CTGAGGCGTCATATGC,PBMC-06-1,PSA14,PSA,DBL,FALSE
CTGAGGCGTCATTCCC,PBMC-06-1,PSA07,PSA,SNG,FALSE
CTGAGGCGTCCGGATC,PBMC-06-1,PSO15,PSO,SNG,TRUE
CTGAGGCGTCGGTGAA,PBMC-06-1,PSA07,PSA,SNG,TRUE
CTGAGGCTCATCGGGC,PBMC-06-1,PSA05,PSA,SNG,TRUE
CTGAGGCTCGTAGCTA,PBMC-06-1,PSA16,PSA,SNG,FALSE
CTGAGGCTCTAGGCCG,PBMC-06-1,PSA16,PSA,SNG,FALSE
CTGATCCAGCGTTAGG,PBMC-06-1,PSA07,PSA,SNG,TRUE
CTGATCCAGGCCCAAA,PBMC-06-1,PSA16,PSA,DBL,FALSE
CTGATCCAGTCATACC,PBMC-06-1,PSA14,PSA,SNG,TRUE
CTGATCCCAACAAAGT,PBMC-06-1,PSA12,PSA,SNG,TRUE
CTGATCCCATAGTCAC,PBMC-06-1,PSA13,PSA,SNG,TRUE
CTGATCCCATCCGGTG,PBMC-06-1,PSX04,PSX,SNG,TRUE
CTGATCCGTAAGGTCG,PBMC-06-1,PSX01,PSX,SNG,TRUE
CTGATCCGTACCTTCC,PBMC-06-1,PSO15,PSO,SNG,TRUE
CTGATCCGTAGTATAG,PBMC-06-1,PSA17,PSA,SNG,TRUE
CTGATCCGTAGTGCGA,PBMC-06-1,PSA04,PSA,SNG,FALSE
CTGATCCGTCTCCCTA,PBMC-06-1,PSO12,PSO,SNG,TRUE
CTGATCCGTCTTCGAA,PBMC-06-1,PSA06,PSA,SNG,TRUE
CTGATCCGTGTGTGGA,PBMC-06-1,PSO15,PSO,SNG,TRUE
CTGATCCGTTGACGGA,PBMC-06-1,PSA15,PSA,DBL,FALSE
CTGATCCTCAAGTAAG,PBMC-06-1,PSA17,PSA,SNG,TRUE
CTGATCCTCAATCAGC,PBMC-06-1,PSO11,PSO,SNG,TRUE
CTGATCCTCCATATGG,PBMC-06-1,PSA15,PSA,SNG,TRUE
CTGCAGGAGACGCCCT,PBMC-06-1,PSA17,PSA,SNG,TRUE
CTGCAGGAGAGTCAGC,PBMC-06-1,PSX04,PSX,SNG,TRUE
CTGCAGGAGCTTTCTT,PBMC-06-1,PSO15,PSO,SNG,FALSE
CTGCAGGAGGAGTACC,PBMC-06-1,PSA17,PSA,SNG,TRUE
CTGCAGGAGGTCCCTG,PBMC-06-1,PSA17,PSA,SNG,TRUE
CTGCAGGAGTCATCCA,PBMC-06-1,PSA05,PSA,SNG,TRUE
CTGCAGGAGTCTAGCT,PBMC-06-1,PSA02,PSA,SNG,TRUE
CTGCAGGAGTTAACGA,PBMC-06-1,PSX01,PSX,AMB,FALSE
CTGCAGGCAACGTAAA,PBMC-06-1,PSA13,PSA,DBL,FALSE
CTGCAGGCAAGGGTCA,PBMC-06-1,PSX01,PSX,SNG,FALSE
CTGCAGGCAAGTGCAG,PBMC-06-1,PSA05,PSA,SNG,FALSE
CTGCAGGCAAGTGGCA,PBMC-06-1,PSA05,PSA,SNG,TRUE
CTGCAGGCAAGTTGGG,PBMC-06-1,PSA03,PSA,SNG,TRUE
CTGCAGGCACAAATAG,PBMC-06-1,PSO15,PSO,DBL,FALSE
CTGCAGGCACTCAGAT,PBMC-06-1,PSO16,PSO,DBL,FALSE
CTGCAGGCATCTCATT,PBMC-06-1,PSX04,PSX,DBL,FALSE
CTGCAGGCATTAAGCC,PBMC-06-1,PSA05,PSA,SNG,TRUE
CTGCAGGGTAGCCAGA,PBMC-06-1,PSA16,PSA,SNG,TRUE
CTGCAGGGTGTCACAT,PBMC-06-1,PSA16,PSA,SNG,FALSE
CTGCAGGGTTTATGCG,PBMC-06-1,PSA04,PSA,SNG,TRUE
CTGCAGGTCCTGATAG,PBMC-06-1,PSA03,PSA,SNG,TRUE
CTGCAGGTCGAGCCTG,PBMC-06-1,PSO16,PSO,DBL,FALSE
CTGCATCAGACCTCCG,PBMC-06-1,PSX01,PSX,SNG,TRUE
CTGCATCAGATGGCGT,PBMC-06-1,PSA07,PSA,DBL,FALSE
CTGCATCAGCTGTCCG,PBMC-06-1,PSA02,PSA,SNG,TRUE
CTGCATCAGGAGGGTG,PBMC-06-1,PSO12,PSO,SNG,TRUE
CTGCATCAGTAAACGT,PBMC-06-1,PSA14,PSA,SNG,TRUE
CTGCATCCAAATGCGG,PBMC-06-1,PSO15,PSO,SNG,TRUE
CTGCATCCAAGGTCGA,PBMC-06-1,PSA02,PSA,SNG,TRUE
CTGCATCCACCCATAA,PBMC-06-1,PSO15,PSO,SNG,TRUE
CTGCATCCAGAACTCT,PBMC-06-1,PSA05,PSA,SNG,TRUE
CTGCATCCATGACGTT,PBMC-06-1,PSA03,PSA,SNG,FALSE
CTGCATCGTCTCGGGT,PBMC-06-1,PSA13,PSA,SNG,TRUE
CTGCATCGTCTTGCTC,PBMC-06-1,PSA04,PSA,SNG,TRUE
CTGCATCGTGACTCTA,PBMC-06-1,PSA02,PSA,AMB,FALSE
CTGCATCTCCGCGATG,PBMC-06-1,PSA12,PSA,SNG,TRUE
CTGCATCTCTCGGTAA,PBMC-06-1,PSA14,PSA,SNG,TRUE
CTGCATCTCTTACCGC,PBMC-06-1,PSA17,PSA,SNG,TRUE
CTGCCATAGACGTCCC,PBMC-06-1,PSA05,PSA,SNG,FALSE
CTGCCATAGCACGGAT,PBMC-06-1,PSA17,PSA,SNG,TRUE
CTGCCATAGGTTACCT,PBMC-06-1,PSO14,PSO,SNG,FALSE
CTGCCATAGTCGCCAC,PBMC-06-1,PSA15,PSA,AMB,FALSE
CTGCCATCAAGCGATG,PBMC-06-1,PSA06,PSA,SNG,FALSE
CTGCCATCATGTGGTT,PBMC-06-1,PSA16,PSA,SNG,TRUE
CTGCCATCATGTTTGG,PBMC-06-1,PSA06,PSA,AMB,FALSE
CTGCCATGTATCAGCT,PBMC-06-1,PSA12,PSA,SNG,TRUE
CTGCCATGTGATACCT,PBMC-06-1,PSA02,PSA,SNG,TRUE
CTGCCATGTGCGTGCT,PBMC-06-1,PSA06,PSA,SNG,TRUE
CTGCCATGTTTAGAGA,PBMC-06-1,PSA03,PSA,SNG,FALSE
CTGCCATTCAAGTTGC,PBMC-06-1,PSO14,PSO,SNG,TRUE
CTGCCATTCGTTCAGA,PBMC-06-1,PSX01,PSX,SNG,TRUE
CTGCCATTCTAGTTCT,PBMC-06-1,PSA03,PSA,SNG,TRUE
CTGCCATTCTTCGTGC,PBMC-06-1,PSO12,PSO,SNG,TRUE
CTGCCTAAGACGAAGA,PBMC-06-1,PSA03,PSA,SNG,TRUE
CTGCCTAAGAGGCTGT,PBMC-06-1,PSO14,PSO,DBL,FALSE
CTGCCTAAGCCTGGAA,PBMC-06-1,PSA16,PSA,SNG,TRUE
CTGCCTAAGGTAGGCT,PBMC-06-1,PSX01,PSX,SNG,TRUE
CTGCCTACACGCCAGT,PBMC-06-1,PSA14,PSA,SNG,TRUE
CTGCCTAGTACACGTT,PBMC-06-1,PSA16,PSA,SNG,TRUE
CTGCCTAGTCATTCCC,PBMC-06-1,PSO12,PSO,SNG,FALSE
CTGCCTAGTCGTACAT,PBMC-06-1,PSA05,PSA,SNG,TRUE
CTGCCTAGTCTACATG,PBMC-06-1,PSO15,PSO,DBL,FALSE
CTGCCTAGTGAGCAGT,PBMC-06-1,PSA16,PSA,SNG,TRUE
CTGCCTAGTGCTTCAA,PBMC-06-1,PSA13,PSA,SNG,TRUE
CTGCCTATCAACCTTT,PBMC-06-1,PSO15,PSO,SNG,TRUE
CTGCCTATCCGGTAGC,PBMC-06-1,PSO15,PSO,SNG,FALSE
CTGCCTATCCTTGAAG,PBMC-06-1,PSA12,PSA,SNG,TRUE
CTGCCTATCGCTTGCT,PBMC-06-1,PSA13,PSA,SNG,TRUE
CTGCCTATCGGACTGC,PBMC-06-1,PSA15,PSA,SNG,TRUE
CTGCCTATCTATGCCC,PBMC-06-1,PSO12,PSO,SNG,TRUE
CTGCCTATCTTGGCTC,PBMC-06-1,PSA15,PSA,SNG,TRUE
CTGCGAGCACCTCTGT,PBMC-06-1,PSA07,PSA,SNG,TRUE
CTGCGAGCAGGAGGTT,PBMC-06-1,PSA07,PSA,SNG,TRUE
CTGCGAGCAGTAGATA,PBMC-06-1,PSA07,PSA,SNG,TRUE
CTGCGAGGTACGTGAG,PBMC-06-1,PSX04,PSX,SNG,TRUE
CTGCGAGGTATGAAAC,PBMC-06-1,PSA16,PSA,SNG,FALSE
CTGCGAGGTGCCAAGA,PBMC-06-1,PSO15,PSO,SNG,TRUE
CTGCGAGGTTCGCGTG,PBMC-06-1,PSA04,PSA,SNG,TRUE
CTGCTCAAGATGCGAC,PBMC-06-1,PSA04,PSA,SNG,TRUE
CTGCTCAAGCAGGCTA,PBMC-06-1,PSA06,PSA,SNG,TRUE
CTGCTCAAGGCACCAA,PBMC-06-1,PSA15,PSA,SNG,TRUE
CTGCTCAAGGTGTGAC,PBMC-06-1,PSA16,PSA,DBL,FALSE
CTGCTCACAAGAGATT,PBMC-06-1,PSA14,PSA,SNG,TRUE
CTGCTCACACTCATAG,PBMC-06-1,PSA15,PSA,SNG,TRUE
CTGCTCACATCTGGGC,PBMC-06-1,PSA15,PSA,DBL,FALSE
CTGCTCAGTAAGACCG,PBMC-06-1,PSA06,PSA,SNG,FALSE
CTGCTCAGTACCATAC,PBMC-06-1,PSX01,PSX,SNG,TRUE
CTGCTCAGTGATTAGA,PBMC-06-1,PSO15,PSO,SNG,TRUE
CTGCTCATCACGATAC,PBMC-06-1,PSA07,PSA,SNG,TRUE
CTGCTCATCCATACAG,PBMC-06-1,PSA16,PSA,SNG,TRUE
CTGCTCATCCCTGTTG,PBMC-06-1,PSX01,PSX,SNG,TRUE
CTGCTCATCCTACGGG,PBMC-06-1,PSA14,PSA,SNG,FALSE
CTGCTCATCGCTCATC,PBMC-06-1,PSA05,PSA,DBL,FALSE
CTGGACGCAATACGCT,PBMC-06-1,PSA14,PSA,DBL,FALSE
CTGGACGCAATCTCTT,PBMC-06-1,PSA05,PSA,SNG,TRUE
CTGGACGCAGCCATTA,PBMC-06-1,PSX04,PSX,SNG,TRUE
CTGGACGCATAATGAG,PBMC-06-1,PSX01,PSX,DBL,FALSE
CTGGACGCATTCCTAT,PBMC-06-1,PSA13,PSA,SNG,FALSE
CTGGACGGTCCACATA,PBMC-06-1,PSA03,PSA,AMB,FALSE
CTGGACGGTCGAATGG,PBMC-06-1,PSA03,PSA,DBL,FALSE
CTGGACGGTCGCTGCA,PBMC-06-1,PSA03,PSA,SNG,TRUE
CTGGACGGTGCAAGAC,PBMC-06-1,PSO13,PSO,DBL,FALSE
CTGGACGGTGGCAACA,PBMC-06-1,PSA15,PSA,SNG,TRUE
CTGGCAGAGATTTGCC,PBMC-06-1,PSA17,PSA,SNG,TRUE
CTGGCAGAGCGTGCTC,PBMC-06-1,PSA03,PSA,SNG,FALSE
CTGGCAGAGTAACAGT,PBMC-06-1,PSA15,PSA,SNG,TRUE
CTGGCAGCAAGAGATT,PBMC-06-1,PSA12,PSA,SNG,FALSE
CTGGCAGCAAGCTCTA,PBMC-06-1,PSA14,PSA,SNG,TRUE
CTGGCAGCACACGGAA,PBMC-06-1,PSO11,PSO,SNG,TRUE
CTGGCAGCATAAGCGG,PBMC-06-1,PSA16,PSA,SNG,TRUE
CTGGCAGCATCATCCC,PBMC-06-1,PSO12,PSO,SNG,TRUE
CTGGCAGGTAGACAGC,PBMC-06-1,PSO15,PSO,SNG,FALSE
CTGGCAGGTCAAGCGA,PBMC-06-1,PSO11,PSO,SNG,TRUE
CTGGCAGGTCTGTAGT,PBMC-06-1,PSA03,PSA,SNG,TRUE
CTGGCAGGTGCCGGTT,PBMC-06-1,PSX04,PSX,SNG,TRUE
CTGGCAGGTGGCAACA,PBMC-06-1,PSO15,PSO,SNG,TRUE
CTGGCAGTCCGAAATC,PBMC-06-1,PSA13,PSA,SNG,TRUE
CTGGCAGTCGTAGTCA,PBMC-06-1,PSA14,PSA,SNG,TRUE
CTGGCAGTCGTGGACC,PBMC-06-1,PSO11,PSO,SNG,TRUE
CTGGTCTAGGTACCTT,PBMC-06-1,PSO15,PSO,SNG,TRUE
CTGGTCTAGGTGAGAA,PBMC-06-1,PSA07,PSA,SNG,TRUE
CTGGTCTAGTATGAGT,PBMC-06-1,PSA04,PSA,SNG,TRUE
CTGGTCTCAAACTCGT,PBMC-06-1,PSA16,PSA,DBL,FALSE
CTGGTCTCAAATGCTC,PBMC-06-1,PSO15,PSO,SNG,TRUE
CTGGTCTCAAGTCGTT,PBMC-06-1,PSO15,PSO,SNG,TRUE
CTGGTCTCAGACCGCT,PBMC-06-1,PSO15,PSO,SNG,TRUE
CTGGTCTCAGCACAGA,PBMC-06-1,PSA07,PSA,SNG,FALSE
CTGGTCTGTAGACAGC,PBMC-06-1,PSA14,PSA,SNG,TRUE
CTGGTCTGTATGATCC,PBMC-06-1,PSA02,PSA,SNG,TRUE
CTGGTCTGTATGCAAA,PBMC-06-1,PSO15,PSO,SNG,TRUE
CTGGTCTGTATGTCTG,PBMC-06-1,PSO14,PSO,SNG,TRUE
CTGGTCTGTCCATAGT,PBMC-06-1,PSA15,PSA,SNG,TRUE
CTGGTCTTCACATACG,PBMC-06-1,PSO15,PSO,SNG,TRUE
CTGGTCTTCCACAAGT,PBMC-06-1,PSA02,PSA,SNG,FALSE
CTGGTCTTCGAGCCAC,PBMC-06-1,PSA17,PSA,DBL,FALSE
CTGGTCTTCGGCATTA,PBMC-06-1,PSA14,PSA,DBL,FALSE
CTGTACCAGAAGTCTA,PBMC-06-1,PSX01,PSX,SNG,TRUE
CTGTACCAGAGTCTTC,PBMC-06-1,PSO12,PSO,DBL,FALSE
CTGTACCAGATTAGTG,PBMC-06-1,PSA02,PSA,SNG,TRUE
CTGTACCAGATTCGCT,PBMC-06-1,PSA06,PSA,DBL,FALSE
CTGTACCAGCATGCGA,PBMC-06-1,PSA16,PSA,SNG,TRUE
CTGTACCAGGATGCGT,PBMC-06-1,PSO14,PSO,SNG,FALSE
CTGTACCAGGCCCACT,PBMC-06-1,PSA17,PSA,SNG,TRUE
CTGTACCAGTCATACC,PBMC-06-1,PSA15,PSA,SNG,TRUE
CTGTACCCAAATTAGG,PBMC-06-1,PSA03,PSA,SNG,TRUE
CTGTACCCAAGAATAC,PBMC-06-1,PSA17,PSA,SNG,TRUE
CTGTACCCAAGAGGTC,PBMC-06-1,PSX04,PSX,AMB,FALSE
CTGTACCCACACGGAA,PBMC-06-1,PSA13,PSA,SNG,TRUE
CTGTACCCACGCTGTG,PBMC-06-1,PSA12,PSA,SNG,TRUE
CTGTACCGTAAGAACT,PBMC-06-1,PSA16,PSA,SNG,TRUE
CTGTACCGTCCGGATC,PBMC-06-1,PSO15,PSO,SNG,TRUE
CTGTACCGTCGAGCAA,PBMC-06-1,PSX04,PSX,SNG,TRUE
CTGTACCGTCTCAAGT,PBMC-06-1,PSO15,PSO,SNG,TRUE
CTGTACCGTGGCAACA,PBMC-06-1,PSA06,PSA,SNG,TRUE
CTGTACCGTTGGATCT,PBMC-06-1,PSA05,PSA,DBL,FALSE
CTGTACCTCACGGACC,PBMC-06-1,PSA03,PSA,SNG,TRUE
CTGTACCTCCGATAAC,PBMC-06-1,PSA17,PSA,DBL,FALSE
CTGTACCTCCGGACGT,PBMC-06-1,PSA07,PSA,DBL,FALSE
CTGTACCTCGGTAACT,PBMC-06-1,PSO11,PSO,SNG,TRUE
CTGTACCTCGTACACA,PBMC-06-1,PSA02,PSA,AMB,FALSE
CTGTACCTCTCTCGAC,PBMC-06-1,PSO11,PSO,AMB,FALSE
CTGTAGAAGATACATG,PBMC-06-1,PSO12,PSO,SNG,TRUE
CTGTAGAAGCCACCGT,PBMC-06-1,PSO15,PSO,SNG,TRUE
CTGTAGAAGCCTAACT,PBMC-06-1,PSA12,PSA,SNG,TRUE
CTGTAGAAGGTAGACC,PBMC-06-1,PSA17,PSA,SNG,TRUE
CTGTAGAAGTAGCTCT,PBMC-06-1,PSX01,PSX,SNG,FALSE
CTGTAGAAGTATTCCG,PBMC-06-1,PSX04,PSX,SNG,FALSE
CTGTAGAAGTTGTCGT,PBMC-06-1,PSA14,PSA,SNG,TRUE
CTGTAGACAGATACCT,PBMC-06-1,PSO14,PSO,SNG,TRUE
CTGTAGAGTAAGTTGA,PBMC-06-1,PSA15,PSA,DBL,FALSE
CTGTAGAGTAGCGTAG,PBMC-06-1,PSA15,PSA,SNG,TRUE
CTGTAGAGTAGTACGG,PBMC-06-1,PSX01,PSX,SNG,TRUE
CTGTAGAGTCAGTTTG,PBMC-06-1,PSA05,PSA,AMB,FALSE
CTGTAGAGTCTCCTGT,PBMC-06-1,PSA17,PSA,SNG,TRUE
CTGTAGAGTGAGAGGG,PBMC-06-1,PSX04,PSX,DBL,FALSE
CTGTAGAGTGATTGGG,PBMC-06-1,PSX04,PSX,SNG,TRUE
CTGTAGAGTGCCGTTG,PBMC-06-1,PSX01,PSX,SNG,FALSE
CTGTAGAGTGCGACAA,PBMC-06-1,PSA02,PSA,SNG,FALSE
CTGTAGAGTGCGGTAA,PBMC-06-1,PSA03,PSA,SNG,TRUE
CTGTAGATCAAAGAAC,PBMC-06-1,PSO14,PSO,SNG,TRUE
CTGTAGATCCCGTGAG,PBMC-06-1,PSO11,PSO,SNG,TRUE
CTGTAGATCCTCTTTC,PBMC-06-1,PSO15,PSO,DBL,FALSE
CTGTAGATCGCACGGT,PBMC-06-1,PSA14,PSA,SNG,TRUE
CTGTATTAGCCGCACT,PBMC-06-1,PSA17,PSA,SNG,TRUE
CTGTATTAGGCACTCC,PBMC-06-1,PSO12,PSO,AMB,FALSE
CTGTATTCAACATACC,PBMC-06-1,PSA12,PSA,SNG,TRUE
CTGTATTCACAACATC,PBMC-06-1,PSO15,PSO,SNG,TRUE
CTGTATTCACCCTTAC,PBMC-06-1,PSO14,PSO,SNG,TRUE
CTGTATTGTAACAGGC,PBMC-06-1,PSA07,PSA,SNG,TRUE
CTGTATTGTAACGATA,PBMC-06-1,PSA14,PSA,DBL,FALSE
CTGTATTGTAATACCC,PBMC-06-1,PSX04,PSX,SNG,FALSE
CTGTATTGTGTCTCCT,PBMC-06-1,PSA17,PSA,SNG,TRUE
CTGTATTGTTGCATAC,PBMC-06-1,PSX01,PSX,SNG,TRUE
CTGTATTGTTGCCGAC,PBMC-06-1,PSA04,PSA,SNG,TRUE
CTGTATTTCAACTGAC,PBMC-06-1,PSO15,PSO,SNG,FALSE
CTGTATTTCTCCTGCA,PBMC-06-1,PSA04,PSA,DBL,FALSE
CTGTATTTCTTACTGT,PBMC-06-1,PSA17,PSA,SNG,TRUE
CTGTCGTAGACGACGT,PBMC-06-1,PSX01,PSX,SNG,TRUE
CTGTCGTAGCACCAGA,PBMC-06-1,PSA05,PSA,SNG,TRUE
CTGTCGTAGGGAGGCA,PBMC-06-1,PSA15,PSA,SNG,TRUE
CTGTCGTAGTCAGAGC,PBMC-06-1,PSA07,PSA,SNG,TRUE
CTGTCGTCAAGGACAC,PBMC-06-1,PSA16,PSA,AMB,FALSE
CTGTCGTCACCCAATA,PBMC-06-1,PSA02,PSA,SNG,TRUE
CTGTCGTCAGGAACCA,PBMC-06-1,PSO15,PSO,SNG,TRUE
CTGTCGTCAGGAGGAG,PBMC-06-1,PSA07,PSA,DBL,FALSE
CTGTCGTCATGTGACT,PBMC-06-1,PSA06,PSA,SNG,TRUE
CTGTCGTCATTGACAC,PBMC-06-1,PSA13,PSA,SNG,TRUE
CTGTCGTCATTGCTGA,PBMC-06-1,PSA16,PSA,SNG,TRUE
CTGTCGTGTATGGTTC,PBMC-06-1,PSA16,PSA,SNG,TRUE
CTGTCGTGTCCGCAGT,PBMC-06-1,PSA04,PSA,SNG,FALSE
CTGTCGTGTCCGGTGT,PBMC-06-1,PSA07,PSA,SNG,TRUE
CTGTCGTGTCTCTCAC,PBMC-06-1,PSA13,PSA,SNG,FALSE
CTGTCGTGTTAAGCAA,PBMC-06-1,PSO15,PSO,DBL,FALSE
CTGTCGTGTTCGTGCG,PBMC-06-1,PSX04,PSX,SNG,TRUE
CTGTCGTGTTTGACAC,PBMC-06-1,PSO15,PSO,DBL,FALSE
CTGTCGTTCCCAAGTA,PBMC-06-1,PSX01,PSX,SNG,TRUE
CTGTCGTTCGCCCAGA,PBMC-06-1,PSA06,PSA,SNG,TRUE
CTGTCGTTCTGGGATT,PBMC-06-1,PSA03,PSA,SNG,TRUE
CTGTGAAAGGATCATA,PBMC-06-1,PSA13,PSA,AMB,FALSE
CTGTGAAAGGCGTCCT,PBMC-06-1,PSA03,PSA,SNG,FALSE
CTGTGAAAGGTCCCGT,PBMC-06-1,PSA14,PSA,SNG,TRUE
CTGTGAAAGTCCCAAT,PBMC-06-1,PSA07,PSA,SNG,TRUE
CTGTGAAAGTGCGCTC,PBMC-06-1,PSX04,PSX,SNG,TRUE
CTGTGAAAGTGTTGTC,PBMC-06-1,PSO15,PSO,DBL,FALSE
CTGTGAACAAGATTGA,PBMC-06-1,PSA15,PSA,SNG,TRUE
CTGTGAACAAGGTACG,PBMC-06-1,PSA06,PSA,SNG,TRUE
CTGTGAACAGCTGTAT,PBMC-06-1,PSA17,PSA,SNG,FALSE
CTGTGAACATCATCTT,PBMC-06-1,PSO15,PSO,SNG,TRUE
CTGTGAACATCCTCAC,PBMC-06-1,PSO15,PSO,SNG,TRUE
CTGTGAACATGGATCT,PBMC-06-1,PSA16,PSA,SNG,TRUE
CTGTGAAGTACGTAGG,PBMC-06-1,PSA06,PSA,SNG,FALSE
CTGTGAAGTAGGCAGT,PBMC-06-1,PSA13,PSA,SNG,TRUE
CTGTGAAGTCTACAAC,PBMC-06-1,PSO15,PSO,SNG,TRUE
CTGTGAAGTCTCGCGA,PBMC-06-1,PSX01,PSX,SNG,TRUE
CTGTGAAGTGGTCTAT,PBMC-06-1,PSA02,PSA,SNG,TRUE
CTGTGAATCAAGATAG,PBMC-06-1,PSX01,PSX,SNG,FALSE
CTGTGAATCACAATGC,PBMC-06-1,PSA07,PSA,SNG,TRUE
CTGTGAATCACCATAG,PBMC-06-1,PSA07,PSA,SNG,FALSE
CTGTGAATCCCATTCG,PBMC-06-1,PSO15,PSO,SNG,TRUE
CTGTGAATCCTAAGTG,PBMC-06-1,PSO15,PSO,SNG,TRUE
CTGTGAATCCTCTGCA,PBMC-06-1,PSX04,PSX,SNG,TRUE
CTGTGAATCGCCTAGG,PBMC-06-1,PSA12,PSA,SNG,FALSE
CTGTGAATCGGCTATA,PBMC-06-1,PSO12,PSO,SNG,TRUE
CTGTGAATCTACTGAG,PBMC-06-1,PSO15,PSO,SNG,FALSE
CTGTGAATCTCTGAGA,PBMC-06-1,PSA14,PSA,DBL,FALSE
CTGTGGGAGAAACACT,PBMC-06-1,PSA02,PSA,SNG,TRUE
CTGTGGGAGACCGTTT,PBMC-06-1,PSA03,PSA,SNG,TRUE
CTGTGGGAGACTTCGT,PBMC-06-1,PSO14,PSO,DBL,FALSE
CTGTGGGAGATGCCGA,PBMC-06-1,PSA07,PSA,SNG,TRUE
CTGTGGGAGCTCACTA,PBMC-06-1,PSO12,PSO,SNG,TRUE
CTGTGGGAGCTGGCCT,PBMC-06-1,PSX04,PSX,SNG,TRUE
CTGTGGGAGGAAAGGT,PBMC-06-1,PSO15,PSO,DBL,FALSE
CTGTGGGAGGACGCTA,PBMC-06-1,PSA14,PSA,SNG,TRUE
CTGTGGGCAAACTCTG,PBMC-06-1,PSO11,PSO,SNG,TRUE
CTGTGGGCACTGGCGT,PBMC-06-1,PSA02,PSA,SNG,TRUE
CTGTGGGCAGTCGTTA,PBMC-06-1,PSA07,PSA,SNG,TRUE
CTGTGGGGTCAGGCAA,PBMC-06-1,PSA04,PSA,SNG,TRUE
CTGTGGGGTTGTCAGT,PBMC-06-1,PSO12,PSO,SNG,TRUE
CTGTGGGGTTGTCATG,PBMC-06-1,PSA06,PSA,SNG,TRUE
CTGTGGGGTTTCGATG,PBMC-06-1,PSX01,PSX,DBL,FALSE
CTGTGGGTCAACGAGG,PBMC-06-1,PSA03,PSA,DBL,FALSE
CTGTGGGTCATTCGTT,PBMC-06-1,PSA05,PSA,SNG,TRUE
CTGTGGGTCCACGTGG,PBMC-06-1,PSA07,PSA,SNG,TRUE
CTGTGGGTCGATTGAC,PBMC-06-1,PSA04,PSA,SNG,TRUE
CTGTGGGTCGGCCAAC,PBMC-06-1,PSA05,PSA,SNG,TRUE
CTGTGGGTCGGTGTAT,PBMC-06-1,PSX01,PSX,SNG,TRUE
CTGTGGGTCTAGACCA,PBMC-06-1,PSA02,PSA,SNG,TRUE
CTGTGGGTCTCTTGCG,PBMC-06-1,PSX01,PSX,SNG,TRUE
CTTACCGAGCACCGAA,PBMC-06-1,PSO15,PSO,SNG,FALSE
CTTACCGAGCCAGAGT,PBMC-06-1,PSA06,PSA,SNG,TRUE
CTTACCGAGCCTTGAT,PBMC-06-1,PSA02,PSA,SNG,TRUE
CTTACCGAGCTCTTCC,PBMC-06-1,PSA16,PSA,SNG,FALSE
CTTACCGAGTCGCCAC,PBMC-06-1,PSO12,PSO,DBL,FALSE
CTTACCGCAAATCAGA,PBMC-06-1,PSA02,PSA,SNG,TRUE
CTTACCGCAACCCTCT,PBMC-06-1,PSA14,PSA,SNG,TRUE
CTTACCGCAACCTAAC,PBMC-06-1,PSO11,PSO,SNG,FALSE
CTTACCGCAAGGATGC,PBMC-06-1,PSA13,PSA,SNG,TRUE
CTTACCGCAAGGCCTC,PBMC-06-1,PSX01,PSX,AMB,FALSE
CTTACCGCACATATGC,PBMC-06-1,PSO11,PSO,SNG,TRUE
CTTACCGCACCGTGCA,PBMC-06-1,PSA03,PSA,AMB,FALSE
CTTACCGCAGCGGATA,PBMC-06-1,PSO15,PSO,DBL,FALSE
CTTACCGCAGTCTGGC,PBMC-06-1,PSO15,PSO,SNG,TRUE
CTTACCGCATGACAAA,PBMC-06-1,PSA14,PSA,SNG,TRUE
CTTACCGCATGAGTAA,PBMC-06-1,PSA13,PSA,SNG,TRUE
CTTACCGGTCCACTCT,PBMC-06-1,PSA04,PSA,SNG,TRUE
CTTACCGGTGACGCCT,PBMC-06-1,PSA14,PSA,DBL,FALSE
CTTACCGGTGGCTGAA,PBMC-06-1,PSO14,PSO,SNG,TRUE
CTTAGGACAGAGGCTA,PBMC-06-1,PSX01,PSX,SNG,TRUE
CTTAGGACAGCATCTA,PBMC-06-1,PSA13,PSA,AMB,FALSE
CTTAGGACAGCGACAA,PBMC-06-1,PSO16,PSO,SNG,FALSE
CTTAGGACAGCGCGTT,PBMC-06-1,PSO12,PSO,DBL,FALSE
CTTAGGAGTCTTCATT,PBMC-06-1,PSA05,PSA,SNG,TRUE
CTTAGGAGTTCTCCCA,PBMC-06-1,PSA12,PSA,SNG,FALSE
CTTCAATCAAGGATGC,PBMC-06-1,PSA05,PSA,SNG,FALSE
CTTCAATCACGCTGAC,PBMC-06-1,PSA07,PSA,SNG,TRUE
CTTCAATCAGTACTAC,PBMC-06-1,PSA17,PSA,SNG,FALSE
CTTCAATGTCGAAACG,PBMC-06-1,PSO12,PSO,SNG,TRUE
CTTCAATGTTATCTGG,PBMC-06-1,PSA05,PSA,SNG,TRUE
CTTCAATGTTGCCAAT,PBMC-06-1,PSO11,PSO,DBL,FALSE
CTTCCGAAGAAACTCA,PBMC-06-1,PSX01,PSX,SNG,TRUE
CTTCCGAAGCGCACAA,PBMC-06-1,PSO15,PSO,SNG,TRUE
CTTCCGAAGCGTGAAC,PBMC-06-1,PSA05,PSA,DBL,FALSE
CTTCCGAAGCTAGTTC,PBMC-06-1,PSA17,PSA,SNG,FALSE
CTTCCGAAGGTAAGGA,PBMC-06-1,PSA05,PSA,SNG,TRUE
CTTCCGACAACAAGAT,PBMC-06-1,PSO12,PSO,DBL,FALSE
CTTCCGACACTGAGGA,PBMC-06-1,PSA07,PSA,SNG,TRUE
CTTCCGACAGAAATTG,PBMC-06-1,PSA12,PSA,SNG,TRUE
CTTCCGACATAGATCC,PBMC-06-1,PSO12,PSO,DBL,FALSE
CTTCCGACATCAGCTA,PBMC-06-1,PSA13,PSA,SNG,TRUE
CTTCCGACATCCGATA,PBMC-06-1,PSO15,PSO,SNG,TRUE
CTTCCGACATTCACAG,PBMC-06-1,PSA14,PSA,SNG,TRUE
CTTCCGACATTGCCGG,PBMC-06-1,PSO12,PSO,SNG,TRUE
CTTCCGAGTAGCTGTT,PBMC-06-1,PSA07,PSA,AMB,FALSE
CTTCCGAGTTATTCTC,PBMC-06-1,PSX04,PSX,SNG,TRUE
CTTCCGAGTTCATCGA,PBMC-06-1,PSO15,PSO,SNG,FALSE
CTTCCGAGTTGCATTG,PBMC-06-1,PSA16,PSA,SNG,TRUE
CTTCCGATCGCTACGG,PBMC-06-1,PSX01,PSX,SNG,TRUE
CTTCCGATCTCCGAGG,PBMC-06-1,PSO14,PSO,SNG,TRUE
CTTCCTTAGAGTTGAT,PBMC-06-1,PSA16,PSA,SNG,TRUE
CTTCCTTAGTCATCCA,PBMC-06-1,PSO14,PSO,DBL,FALSE
CTTCCTTAGTGGATTA,PBMC-06-1,PSX01,PSX,SNG,TRUE
CTTCCTTCAATAGTAG,PBMC-06-1,PSA05,PSA,SNG,TRUE
CTTCCTTCACTGGCGT,PBMC-06-1,PSA12,PSA,SNG,TRUE
CTTCCTTCACTTGTCC,PBMC-06-1,PSA15,PSA,AMB,FALSE
CTTCCTTCAGACCATT,PBMC-06-1,PSA14,PSA,SNG,TRUE
CTTCCTTCAGAGTTCT,PBMC-06-1,PSA02,PSA,SNG,TRUE
CTTCCTTCAGTCGCAC,PBMC-06-1,PSO12,PSO,SNG,FALSE
CTTCCTTGTAACACCT,PBMC-06-1,PSA02,PSA,SNG,TRUE
CTTCCTTGTACTCCGG,PBMC-06-1,PSO14,PSO,SNG,TRUE
CTTCCTTGTATAGGGC,PBMC-06-1,PSO15,PSO,SNG,FALSE
CTTCCTTGTATCGATC,PBMC-06-1,PSX04,PSX,SNG,TRUE
CTTCCTTGTCTCAGGC,PBMC-06-1,PSA02,PSA,SNG,TRUE
CTTCCTTGTGAAAGTT,PBMC-06-1,PSA05,PSA,SNG,TRUE
CTTCCTTGTGCCTACG,PBMC-06-1,PSO13,PSO,SNG,TRUE
CTTCCTTGTTAAGTCC,PBMC-06-1,PSA14,PSA,SNG,TRUE
CTTCCTTGTTCGGCGT,PBMC-06-1,PSO15,PSO,SNG,TRUE
CTTCCTTGTTCGGTAT,PBMC-06-1,PSA06,PSA,SNG,TRUE
CTTCCTTTCAGCACCG,PBMC-06-1,PSX04,PSX,SNG,TRUE
CTTCCTTTCGTCCTTG,PBMC-06-1,PSA04,PSA,SNG,TRUE
CTTCCTTTCTCCGATC,PBMC-06-1,PSA16,PSA,SNG,TRUE
CTTCCTTTCTCGTCGT,PBMC-06-1,PSA07,PSA,SNG,TRUE
CTTCCTTTCTCTAGGA,PBMC-06-1,PSO16,PSO,SNG,FALSE
CTTCGGTAGACGCAGT,PBMC-06-1,PSO12,PSO,DBL,FALSE
CTTCGGTAGAGCTGCA,PBMC-06-1,PSA03,PSA,SNG,TRUE
CTTCGGTAGCGACTAG,PBMC-06-1,PSA05,PSA,SNG,TRUE
CTTCGGTAGCTAGAGC,PBMC-06-1,PSX04,PSX,SNG,TRUE
CTTCGGTAGCTTAAGA,PBMC-06-1,PSA15,PSA,SNG,FALSE
CTTCGGTAGGACAGTC,PBMC-06-1,PSA06,PSA,SNG,TRUE
CTTCGGTAGGTAAAGG,PBMC-06-1,PSA12,PSA,SNG,TRUE
CTTCGGTAGTAACGTA,PBMC-06-1,PSO11,PSO,SNG,TRUE
CTTCGGTAGTGGTTAA,PBMC-06-1,PSA15,PSA,DBL,FALSE
CTTCGGTCAACAAAGT,PBMC-06-1,PSA05,PSA,AMB,FALSE
CTTCGGTCAAGTAGTA,PBMC-06-1,PSA17,PSA,SNG,TRUE
CTTCGGTCACACCGAC,PBMC-06-1,PSO14,PSO,SNG,TRUE
CTTCGGTCACTCAAGT,PBMC-06-1,PSA07,PSA,AMB,FALSE
CTTCGGTCACTCACTC,PBMC-06-1,PSA06,PSA,SNG,TRUE
CTTCGGTGTAGACTGG,PBMC-06-1,PSX01,PSX,DBL,FALSE
CTTCGGTGTAGGTCAG,PBMC-06-1,PSA05,PSA,SNG,TRUE
CTTCGGTGTCAGCTTA,PBMC-06-1,PSX01,PSX,SNG,TRUE
CTTCGGTGTCGATGCC,PBMC-06-1,PSA07,PSA,SNG,FALSE
CTTCGGTGTGACAGCA,PBMC-06-1,PSA06,PSA,SNG,TRUE
CTTCGGTGTGGATTTC,PBMC-06-1,PSA04,PSA,SNG,TRUE
CTTCGGTGTGTTGCCG,PBMC-06-1,PSA12,PSA,SNG,FALSE
CTTCGGTGTTAGAAGT,PBMC-06-1,PSA07,PSA,SNG,FALSE
CTTCGGTGTTCTCACC,PBMC-06-1,PSA14,PSA,DBL,FALSE
CTTCGGTGTTGAGTCT,PBMC-06-1,PSX01,PSX,SNG,TRUE
CTTCGGTTCATTTCGT,PBMC-06-1,PSA07,PSA,SNG,TRUE
CTTCGGTTCCATGCAA,PBMC-06-1,PSA16,PSA,SNG,FALSE
CTTCGGTTCCCAGCGA,PBMC-06-1,PSA07,PSA,SNG,TRUE
CTTCGGTTCTTACCGC,PBMC-06-1,PSA07,PSA,AMB,FALSE
CTTCTAAAGACGCCAA,PBMC-06-1,PSX01,PSX,SNG,TRUE
CTTCTAAAGATGCTAA,PBMC-06-1,PSA04,PSA,DBL,FALSE
CTTCTAAAGATTAGCA,PBMC-06-1,PSO12,PSO,SNG,TRUE
CTTCTAAAGGCATTTC,PBMC-06-1,PSO14,PSO,SNG,TRUE
CTTCTAAAGGTCATCT,PBMC-06-1,PSA15,PSA,SNG,TRUE
CTTCTAACAAGGTCAG,PBMC-06-1,PSO11,PSO,SNG,TRUE
CTTCTAACACAGTGAG,PBMC-06-1,PSA04,PSA,SNG,TRUE
CTTCTAACAGAAATTG,PBMC-06-1,PSA12,PSA,SNG,TRUE
CTTCTAACAGTTGAAA,PBMC-06-1,PSA14,PSA,DBL,FALSE
CTTCTAACATCGATAC,PBMC-06-1,PSA02,PSA,SNG,TRUE
CTTCTAACATCGCTCT,PBMC-06-1,PSX04,PSX,SNG,FALSE
CTTCTAACATGGAACG,PBMC-06-1,PSA15,PSA,SNG,TRUE
CTTCTAACATTGAAGA,PBMC-06-1,PSA17,PSA,SNG,TRUE
CTTCTAAGTATCGCAT,PBMC-06-1,PSA14,PSA,DBL,FALSE
CTTCTAAGTGTAGTGG,PBMC-06-1,PSO15,PSO,SNG,TRUE
CTTCTAAGTGTCCTAA,PBMC-06-1,PSA05,PSA,SNG,TRUE
CTTCTAATCGCGTGCA,PBMC-06-1,PSA03,PSA,SNG,TRUE
CTTCTAATCTGTGCTC,PBMC-06-1,PSA04,PSA,DBL,FALSE
CTTCTCTAGATTCGAA,PBMC-06-1,PSA04,PSA,SNG,FALSE
CTTCTCTAGCTGCCAC,PBMC-06-1,PSO11,PSO,SNG,TRUE
CTTCTCTAGGAAACGA,PBMC-06-1,PSA15,PSA,SNG,TRUE
CTTCTCTAGGAAAGAC,PBMC-06-1,PSO12,PSO,SNG,TRUE
CTTCTCTAGGTGATCG,PBMC-06-1,PSO14,PSO,SNG,TRUE
CTTCTCTAGTATGGAT,PBMC-06-1,PSA06,PSA,SNG,TRUE
CTTCTCTAGTGAGCCA,PBMC-06-1,PSO14,PSO,SNG,TRUE
CTTCTCTCAACTAGAA,PBMC-06-1,PSO13,PSO,SNG,TRUE
CTTCTCTCAGCAGTGA,PBMC-06-1,PSO13,PSO,SNG,TRUE
CTTCTCTCAGCCCAGT,PBMC-06-1,PSA02,PSA,SNG,TRUE
CTTCTCTCAGGGAATC,PBMC-06-1,PSA17,PSA,SNG,TRUE
CTTCTCTCAGGGTTGA,PBMC-06-1,PSA03,PSA,SNG,TRUE
CTTCTCTGTAACTAAG,PBMC-06-1,PSO14,PSO,SNG,TRUE
CTTCTCTGTCAGCGTC,PBMC-06-1,PSO15,PSO,SNG,FALSE
CTTCTCTGTCATCGCG,PBMC-06-1,PSA16,PSA,SNG,FALSE
CTTCTCTGTCTTACTT,PBMC-06-1,PSA06,PSA,SNG,FALSE
CTTCTCTGTTAACAGA,PBMC-06-1,PSO15,PSO,SNG,TRUE
CTTCTCTGTTTCACAG,PBMC-06-1,PSA15,PSA,SNG,TRUE
CTTCTCTTCATAAGGA,PBMC-06-1,PSA03,PSA,SNG,TRUE
CTTCTCTTCCCGAAAT,PBMC-06-1,PSO15,PSO,SNG,TRUE
CTTCTCTTCCGTATGA,PBMC-06-1,PSA16,PSA,DBL,FALSE
CTTCTCTTCCTGTAGA,PBMC-06-1,PSO12,PSO,DBL,FALSE
CTTCTCTTCGACCTAA,PBMC-06-1,PSA14,PSA,DBL,FALSE
CTTCTCTTCGGTGAAG,PBMC-06-1,PSO15,PSO,SNG,TRUE
CTTCTCTTCGTAACAC,PBMC-06-1,PSX04,PSX,SNG,TRUE
CTTCTCTTCTTAGGAC,PBMC-06-1,PSA17,PSA,SNG,TRUE
CTTGAGAAGGTGCGAT,PBMC-06-1,PSO12,PSO,SNG,FALSE
CTTGAGACACCAGTAT,PBMC-06-1,PSA02,PSA,SNG,TRUE
CTTGAGACACTAGAGG,PBMC-06-1,PSA14,PSA,SNG,TRUE
CTTGAGACAGAAATCA,PBMC-06-1,PSO15,PSO,SNG,TRUE
CTTGAGACAGATAAAC,PBMC-06-1,PSO11,PSO,DBL,FALSE
CTTGAGACATCTCCCA,PBMC-06-1,PSA15,PSA,SNG,TRUE
CTTGAGAGTCGGTGTC,PBMC-06-1,PSO15,PSO,SNG,TRUE
CTTGAGAGTCTGTAAC,PBMC-06-1,PSA14,PSA,SNG,TRUE
CTTGAGAGTGCGTTTA,PBMC-06-1,PSO11,PSO,SNG,TRUE
CTTGAGATCAATGTCG,PBMC-06-1,PSA16,PSA,SNG,TRUE
CTTGAGATCCAGTGCG,PBMC-06-1,PSA15,PSA,DBL,FALSE
CTTGAGATCCTCCACA,PBMC-06-1,PSA14,PSA,SNG,TRUE
CTTGAGATCGTCCATC,PBMC-06-1,PSA05,PSA,SNG,TRUE
CTTGATTAGAAGCGGG,PBMC-06-1,PSA06,PSA,SNG,TRUE
CTTGATTAGCCTCTGG,PBMC-06-1,PSX01,PSX,SNG,TRUE
CTTGATTAGCTAATCC,PBMC-06-1,PSA17,PSA,SNG,TRUE
CTTGATTAGGTCACCC,PBMC-06-1,PSX04,PSX,DBL,FALSE
CTTGATTAGTGTAGAT,PBMC-06-1,PSX01,PSX,SNG,FALSE
CTTGATTCAAACTCGT,PBMC-06-1,PSA04,PSA,SNG,TRUE
CTTGATTCAAAGTGTA,PBMC-06-1,PSO11,PSO,SNG,FALSE
CTTGATTCAAATTGCC,PBMC-06-1,PSA05,PSA,SNG,TRUE
CTTGATTCACGTATAC,PBMC-06-1,PSO12,PSO,SNG,TRUE
CTTGATTCAGCATCTA,PBMC-06-1,PSA04,PSA,SNG,TRUE
CTTGATTCAGCTATTG,PBMC-06-1,PSA05,PSA,DBL,FALSE
CTTGATTCATCTCGTC,PBMC-06-1,PSA13,PSA,SNG,TRUE
CTTGATTGTCCCGTGA,PBMC-06-1,PSA12,PSA,SNG,TRUE
CTTGATTGTCGCCACA,PBMC-06-1,PSO15,PSO,SNG,TRUE
CTTGATTTCAACTACG,PBMC-06-1,PSA07,PSA,SNG,TRUE
CTTGATTTCACTGTTT,PBMC-06-1,PSA15,PSA,DBL,FALSE
CTTGATTTCCTCCACA,PBMC-06-1,PSA03,PSA,DBL,FALSE
CTTGATTTCTGTGCAA,PBMC-06-1,PSA06,PSA,SNG,TRUE
CTTTCAAAGATACTGA,PBMC-06-1,PSO12,PSO,DBL,FALSE
CTTTCAAAGGATACAT,PBMC-06-1,PSA06,PSA,DBL,FALSE
CTTTCAACAAACCACT,PBMC-06-1,PSX01,PSX,SNG,TRUE
CTTTCAACAAAGAACT,PBMC-06-1,PSA02,PSA,SNG,TRUE
CTTTCAACAACCGTGC,PBMC-06-1,PSA02,PSA,DBL,FALSE
CTTTCAACAAGTGACG,PBMC-06-1,PSO11,PSO,SNG,TRUE
CTTTCAACAGTATTCG,PBMC-06-1,PSO11,PSO,DBL,FALSE
CTTTCAACAGTCGTTA,PBMC-06-1,PSA14,PSA,DBL,FALSE
CTTTCAACATGAGTAA,PBMC-06-1,PSO14,PSO,DBL,FALSE
CTTTCAACATTCACAG,PBMC-06-1,PSA07,PSA,SNG,TRUE
CTTTCAAGTAGAATAC,PBMC-06-1,PSO13,PSO,DBL,FALSE
CTTTCAAGTATACCCA,PBMC-06-1,PSO11,PSO,SNG,TRUE
CTTTCAAGTGCAACGA,PBMC-06-1,PSA15,PSA,SNG,FALSE
CTTTCAAGTGTACGCC,PBMC-06-1,PSA12,PSA,SNG,TRUE
CTTTCAATCAGTGTGT,PBMC-06-1,PSO15,PSO,SNG,TRUE
CTTTCAATCCTACCGT,PBMC-06-1,PSO11,PSO,SNG,TRUE
CTTTCAATCCTACGGG,PBMC-06-1,PSA02,PSA,SNG,TRUE
CTTTCAATCTAGCCAA,PBMC-06-1,PSA12,PSA,AMB,FALSE
CTTTCAATCTCTCGAC,PBMC-06-1,PSA12,PSA,SNG,TRUE
CTTTCGGAGAAGCGCT,PBMC-06-1,PSA07,PSA,SNG,FALSE
CTTTCGGAGCACACCC,PBMC-06-1,PSA07,PSA,SNG,TRUE
CTTTCGGAGGTCATTC,PBMC-06-1,PSA06,PSA,SNG,TRUE
CTTTCGGAGTATCCTG,PBMC-06-1,PSA04,PSA,SNG,TRUE
CTTTCGGAGTTCCGGC,PBMC-06-1,PSA16,PSA,SNG,TRUE
CTTTCGGCACACCTGG,PBMC-06-1,PSX01,PSX,AMB,FALSE
CTTTCGGCAGCACGAA,PBMC-06-1,PSA15,PSA,SNG,TRUE
CTTTCGGCATAACGGG,PBMC-06-1,PSA14,PSA,SNG,TRUE
CTTTCGGGTACTTCCC,PBMC-06-1,PSA04,PSA,SNG,TRUE
CTTTCGGGTATCAAGA,PBMC-06-1,PSA05,PSA,SNG,TRUE
CTTTCGGGTATTCCTT,PBMC-06-1,PSA14,PSA,SNG,TRUE
CTTTCGGGTCATCCGG,PBMC-06-1,PSO11,PSO,SNG,TRUE
CTTTCGGGTTGTCATG,PBMC-06-1,PSO11,PSO,SNG,TRUE
CTTTCGGTCAACTCTT,PBMC-06-1,PSO16,PSO,DBL,FALSE
CTTTCGGTCCATGAGT,PBMC-06-1,PSO15,PSO,DBL,FALSE
CTTTCGGTCCGCTAGG,PBMC-06-1,PSA16,PSA,SNG,TRUE
CTTTCGGTCTAGCCTC,PBMC-06-1,PSA02,PSA,SNG,TRUE
CTTTCGGTCTGCACCT,PBMC-06-1,PSA05,PSA,SNG,TRUE
GAAACCTAGATAGCAT,PBMC-06-1,PSO12,PSO,SNG,TRUE
GAAACCTAGATGGTAT,PBMC-06-1,PSA15,PSA,SNG,TRUE
GAAACCTAGGTGCTGA,PBMC-06-1,PSX01,PSX,DBL,FALSE
GAAACCTAGTAAACGT,PBMC-06-1,PSO12,PSO,SNG,TRUE
GAAACCTCAAATGCGG,PBMC-06-1,PSX04,PSX,SNG,TRUE
GAAACCTCAAATGGAT,PBMC-06-1,PSX01,PSX,SNG,TRUE
GAAACCTCAAGCGAAC,PBMC-06-1,PSO11,PSO,SNG,TRUE
GAAACCTCAAGCTGCC,PBMC-06-1,PSA15,PSA,SNG,TRUE
GAAACCTCAATGCAGG,PBMC-06-1,PSA07,PSA,SNG,TRUE
GAAACCTCACACTTAG,PBMC-06-1,PSO15,PSO,SNG,TRUE
GAAACCTCACGACCTG,PBMC-06-1,PSA04,PSA,SNG,TRUE
GAAACCTCATCAGCAT,PBMC-06-1,PSO15,PSO,SNG,FALSE
GAAACCTCATCTAACG,PBMC-06-1,PSA07,PSA,SNG,TRUE
GAAACCTGTCTGTGTA,PBMC-06-1,PSA07,PSA,SNG,TRUE
GAAACCTGTTAAGGGC,PBMC-06-1,PSA17,PSA,SNG,TRUE
GAAACCTTCACATTGG,PBMC-06-1,PSA17,PSA,SNG,TRUE
GAAACCTTCCTAGCCT,PBMC-06-1,PSA06,PSA,SNG,TRUE
GAAACCTTCCTAGCGG,PBMC-06-1,PSO16,PSO,SNG,TRUE
GAAACCTTCCTGTTGC,PBMC-06-1,PSA02,PSA,SNG,TRUE
GAAACCTTCTTTGCGC,PBMC-06-1,PSO12,PSO,SNG,TRUE
GAAATGAAGAAACCAT,PBMC-06-1,PSO12,PSO,SNG,TRUE
GAAATGAAGAGGTCAC,PBMC-06-1,PSX01,PSX,SNG,TRUE
GAAATGAAGGCTCACC,PBMC-06-1,PSA02,PSA,SNG,TRUE
GAAATGAAGGTTGAGC,PBMC-06-1,PSA07,PSA,DBL,FALSE
GAAATGAAGTCACTAC,PBMC-06-1,PSA06,PSA,SNG,TRUE
GAAATGAAGTCACTCA,PBMC-06-1,PSA17,PSA,SNG,TRUE
GAAATGACACTGGACC,PBMC-06-1,PSA12,PSA,DBL,FALSE
GAAATGACAGGAACCA,PBMC-06-1,PSA02,PSA,DBL,FALSE
GAAATGAGTATTTCCT,PBMC-06-1,PSA05,PSA,DBL,FALSE
GAAATGAGTCTTGAGT,PBMC-06-1,PSA03,PSA,AMB,FALSE
GAAATGAGTGCCGTAC,PBMC-06-1,PSA14,PSA,DBL,FALSE
GAAATGAGTGTCCACG,PBMC-06-1,PSA05,PSA,SNG,TRUE
GAAATGAGTTGCTTGA,PBMC-06-1,PSA02,PSA,SNG,TRUE
GAAATGATCAGCCCAG,PBMC-06-1,PSO15,PSO,SNG,TRUE
GAAATGATCCAGCTCT,PBMC-06-1,PSA17,PSA,DBL,FALSE
GAAATGATCCGATAGT,PBMC-06-1,PSA07,PSA,SNG,TRUE
GAAATGATCCTGTACC,PBMC-06-1,PSO15,PSO,AMB,FALSE
GAACACTAGCTCTTCC,PBMC-06-1,PSO12,PSO,SNG,TRUE
GAACACTAGTCAATCC,PBMC-06-1,PSA02,PSA,SNG,TRUE
GAACACTCAAGAAATC,PBMC-06-1,PSA06,PSA,SNG,FALSE
GAACACTCAAGTTGGG,PBMC-06-1,PSO16,PSO,SNG,TRUE
GAACACTCACAATGAA,PBMC-06-1,PSA12,PSA,SNG,TRUE
GAACACTCACCCAAGC,PBMC-06-1,PSX01,PSX,SNG,TRUE
GAACACTCACTGTTCC,PBMC-06-1,PSA15,PSA,SNG,TRUE
GAACACTCATTCCTCG,PBMC-06-1,PSX01,PSX,SNG,TRUE
GAACACTGTCCGACGT,PBMC-06-1,PSA17,PSA,SNG,TRUE
GAACACTGTCGACTGC,PBMC-06-1,PSA15,PSA,SNG,TRUE
GAACACTGTGGTATGG,PBMC-06-1,PSA13,PSA,SNG,TRUE
GAACACTGTGGTCTCG,PBMC-06-1,PSA17,PSA,SNG,TRUE
GAACACTGTGTTGATC,PBMC-06-1,PSA17,PSA,SNG,TRUE
GAACACTGTTTACCAG,PBMC-06-1,PSA14,PSA,SNG,TRUE
GAACGTTAGACATAGT,PBMC-06-1,PSA16,PSA,SNG,TRUE
GAACGTTAGAGAACCC,PBMC-06-1,PSO14,PSO,SNG,TRUE
GAACGTTAGAGTGTTA,PBMC-06-1,PSA14,PSA,SNG,TRUE
GAACGTTAGGGCAATC,PBMC-06-1,PSA16,PSA,SNG,FALSE
GAACGTTAGGTACAGC,PBMC-06-1,PSA07,PSA,DBL,FALSE
GAACGTTAGTAGATCA,PBMC-06-1,PSA07,PSA,SNG,TRUE
GAACGTTAGTATAGAC,PBMC-06-1,PSA02,PSA,SNG,TRUE
GAACGTTAGTCCCAAT,PBMC-06-1,PSA13,PSA,SNG,TRUE
GAACGTTAGTGACCTT,PBMC-06-1,PSA17,PSA,SNG,TRUE
GAACGTTCACTCCTGT,PBMC-06-1,PSA16,PSA,DBL,FALSE
GAACGTTCACTGTCGG,PBMC-06-1,PSX04,PSX,SNG,TRUE
GAACGTTCAGCAGGAT,PBMC-06-1,PSX04,PSX,SNG,FALSE
GAACGTTCAGCGGTTC,PBMC-06-1,PSO15,PSO,SNG,TRUE
GAACGTTCAGGTCAGA,PBMC-06-1,PSA15,PSA,SNG,TRUE
GAACGTTCAGTAACCT,PBMC-06-1,PSX04,PSX,SNG,TRUE
GAACGTTCATAGATCC,PBMC-06-1,PSA02,PSA,SNG,TRUE
GAACGTTCATGGAACG,PBMC-06-1,PSA12,PSA,SNG,FALSE
GAACGTTCATTGACCA,PBMC-06-1,PSA05,PSA,SNG,TRUE
GAACGTTGTAATGTGA,PBMC-06-1,PSO12,PSO,SNG,FALSE
GAACGTTGTCCAACGC,PBMC-06-1,PSX01,PSX,SNG,TRUE
GAACGTTGTCTCAGGC,PBMC-06-1,PSA05,PSA,SNG,TRUE
GAACGTTGTGCATCTA,PBMC-06-1,PSO11,PSO,SNG,FALSE
GAACGTTGTTACCCAA,PBMC-06-1,PSO11,PSO,SNG,FALSE
GAACGTTGTTCAAAGA,PBMC-06-1,PSA04,PSA,SNG,TRUE
GAACGTTGTTCGAACT,PBMC-06-1,PSA06,PSA,SNG,TRUE
GAACGTTGTTGCCATA,PBMC-06-1,PSA12,PSA,SNG,TRUE
GAACGTTTCAATCTTC,PBMC-06-1,PSA03,PSA,SNG,TRUE
GAACGTTTCACTTCTA,PBMC-06-1,PSA15,PSA,SNG,TRUE
GAACGTTTCAGCACCG,PBMC-06-1,PSA14,PSA,SNG,TRUE
GAACGTTTCCGTTGAA,PBMC-06-1,PSA12,PSA,SNG,TRUE
GAACGTTTCTTGGTGA,PBMC-06-1,PSA15,PSA,SNG,TRUE
GAACTGTAGCTCCGAC,PBMC-06-1,PSA17,PSA,SNG,FALSE
GAACTGTAGGCATGCA,PBMC-06-1,PSA04,PSA,SNG,TRUE
GAACTGTCAAATCGGG,PBMC-06-1,PSO15,PSO,SNG,TRUE
GAACTGTCAGCGTACC,PBMC-06-1,PSA03,PSA,SNG,FALSE
GAACTGTCAGCTGCCA,PBMC-06-1,PSA12,PSA,SNG,TRUE
GAACTGTCAGGAGGTT,PBMC-06-1,PSA14,PSA,SNG,TRUE
GAACTGTGTCAACACT,PBMC-06-1,PSA16,PSA,SNG,FALSE
GAACTGTGTGACGTCC,PBMC-06-1,PSA12,PSA,SNG,FALSE
GAACTGTGTGTGTACT,PBMC-06-1,PSA04,PSA,DBL,FALSE
GAACTGTGTTCTCACC,PBMC-06-1,PSA04,PSA,AMB,FALSE
GAACTGTTCAAGTGGG,PBMC-06-1,PSO11,PSO,SNG,FALSE
GAACTGTTCAGGAGAC,PBMC-06-1,PSA16,PSA,SNG,TRUE
GAACTGTTCCAAGGGA,PBMC-06-1,PSX01,PSX,SNG,TRUE
GAACTGTTCCCGTAAA,PBMC-06-1,PSO15,PSO,SNG,TRUE
GAACTGTTCCGTCAAA,PBMC-06-1,PSA14,PSA,SNG,TRUE
GAACTGTTCGCATAGT,PBMC-06-1,PSA17,PSA,DBL,FALSE
GAACTGTTCGCTGACG,PBMC-06-1,PSA17,PSA,SNG,TRUE
GAAGAATAGATTCGAA,PBMC-06-1,PSA16,PSA,SNG,TRUE
GAAGAATAGCTCGCAC,PBMC-06-1,PSO12,PSO,SNG,TRUE
GAAGAATAGTTGTCGT,PBMC-06-1,PSX01,PSX,SNG,FALSE
GAAGAATCAACGATCT,PBMC-06-1,PSA12,PSA,SNG,TRUE
GAAGAATCACGCGCAT,PBMC-06-1,PSA13,PSA,SNG,TRUE
GAAGAATCACTTGTGA,PBMC-06-1,PSA14,PSA,SNG,TRUE
GAAGAATCATAGGCGA,PBMC-06-1,PSA05,PSA,DBL,FALSE
GAAGAATGTATAATGG,PBMC-06-1,PSA15,PSA,SNG,TRUE
GAAGAATGTCCTGGTG,PBMC-06-1,PSA16,PSA,SNG,TRUE
GAAGAATGTCTAACTG,PBMC-06-1,PSA16,PSA,SNG,TRUE
GAAGAATGTGGGCTTC,PBMC-06-1,PSX04,PSX,SNG,TRUE
GAAGAATGTGTAAATG,PBMC-06-1,PSA16,PSA,DBL,FALSE
GAAGAATGTGTATTGC,PBMC-06-1,PSA07,PSA,DBL,FALSE
GAAGAATGTTCGTTCC,PBMC-06-1,PSA16,PSA,DBL,FALSE
GAAGAATTCAATCTTC,PBMC-06-1,PSA07,PSA,SNG,TRUE
GAAGAATTCAGCTCTC,PBMC-06-1,PSA03,PSA,SNG,FALSE
GAAGAATTCCACACAA,PBMC-06-1,PSA13,PSA,SNG,TRUE
GAAGCCCAGAAACTGT,PBMC-06-1,PSA02,PSA,SNG,TRUE
GAAGCCCAGAATAGTC,PBMC-06-1,PSO15,PSO,SNG,TRUE
GAAGCCCAGCATCCTA,PBMC-06-1,PSO12,PSO,SNG,TRUE
GAAGCCCAGCGTCTCG,PBMC-06-1,PSA13,PSA,DBL,FALSE
GAAGCCCAGGCGCTCT,PBMC-06-1,PSO14,PSO,SNG,TRUE
GAAGCCCAGGGACAGG,PBMC-06-1,PSA17,PSA,SNG,TRUE
GAAGCCCCAAACAGGC,PBMC-06-1,PSA14,PSA,SNG,FALSE
GAAGCCCCAAGGTACG,PBMC-06-1,PSA03,PSA,SNG,TRUE
GAAGCCCCAAGTCGTT,PBMC-06-1,PSA14,PSA,SNG,TRUE
GAAGCCCCACGATAGG,PBMC-06-1,PSA07,PSA,SNG,TRUE
GAAGCCCCACTGGCGT,PBMC-06-1,PSO15,PSO,DBL,FALSE
GAAGCCCCAGCAGGAT,PBMC-06-1,PSX04,PSX,SNG,TRUE
GAAGCCCCATACCAGT,PBMC-06-1,PSA12,PSA,SNG,TRUE
GAAGCCCCATCAGTCA,PBMC-06-1,PSO12,PSO,SNG,FALSE
GAAGCCCCATTCATCT,PBMC-06-1,PSA17,PSA,SNG,TRUE
GAAGCCCCATTGACTG,PBMC-06-1,PSA15,PSA,SNG,TRUE
GAAGCCCGTACTAAGA,PBMC-06-1,PSA03,PSA,SNG,FALSE
GAAGCCCGTAGCACGA,PBMC-06-1,PSO15,PSO,SNG,TRUE
GAAGCCCGTATCGTGT,PBMC-06-1,PSA06,PSA,SNG,TRUE
GAAGCCCGTGACAGGT,PBMC-06-1,PSX04,PSX,SNG,FALSE
GAAGCCCGTGGGTTGA,PBMC-06-1,PSO12,PSO,SNG,TRUE
GAAGCCCGTGGTTTAC,PBMC-06-1,PSA05,PSA,SNG,TRUE
GAAGCCCGTTCCAGGC,PBMC-06-1,PSX01,PSX,SNG,TRUE
GAAGCCCGTTCCCACT,PBMC-06-1,PSA12,PSA,SNG,TRUE
GAAGCCCGTTTCTTAC,PBMC-06-1,PSA17,PSA,SNG,TRUE
GAAGCCCTCACCACAA,PBMC-06-1,PSO16,PSO,SNG,FALSE
GAAGCCCTCACTCTTA,PBMC-06-1,PSA16,PSA,SNG,TRUE
GAAGCCCTCATGAGTC,PBMC-06-1,PSO15,PSO,DBL,FALSE
GAAGCCCTCCTGCCAT,PBMC-06-1,PSA15,PSA,AMB,FALSE
GAAGCCCTCCTTATAC,PBMC-06-1,PSA13,PSA,SNG,TRUE
GAAGCCCTCGACGACC,PBMC-06-1,PSO14,PSO,SNG,TRUE
GAAGCCCTCGAGCCTG,PBMC-06-1,PSA07,PSA,DBL,FALSE
GAAGCGAAGAACTGAT,PBMC-06-1,PSX01,PSX,DBL,FALSE
GAAGCGAAGACGTCGA,PBMC-06-1,PSA17,PSA,AMB,FALSE
GAAGCGAAGTACGAGC,PBMC-06-1,PSA04,PSA,SNG,TRUE
GAAGCGACAAAGGCAC,PBMC-06-1,PSO15,PSO,DBL,FALSE
GAAGCGACACGCAGTC,PBMC-06-1,PSA12,PSA,SNG,TRUE
GAAGCGAGTAGAGATT,PBMC-06-1,PSA15,PSA,SNG,TRUE
GAAGCGAGTATCGCAT,PBMC-06-1,PSA07,PSA,SNG,FALSE
GAAGCGAGTCGAATGG,PBMC-06-1,PSA07,PSA,SNG,TRUE
GAAGCGAGTGAGATCG,PBMC-06-1,PSA14,PSA,SNG,FALSE
GAAGCGAGTTCAATCG,PBMC-06-1,PSA12,PSA,SNG,TRUE
GAAGCGATCACAGTGT,PBMC-06-1,PSA14,PSA,SNG,TRUE
GAAGCGATCATAGAGA,PBMC-06-1,PSA17,PSA,SNG,TRUE
GAAGGACAGACCTCAT,PBMC-06-1,PSA17,PSA,SNG,TRUE
GAAGGACAGCTAATCC,PBMC-06-1,PSA05,PSA,SNG,TRUE
GAAGGACAGTGTTCAC,PBMC-06-1,PSA13,PSA,SNG,FALSE
GAAGGACCAAAGGGCT,PBMC-06-1,PSA17,PSA,SNG,FALSE
GAAGGACCAATCGCAT,PBMC-06-1,PSO16,PSO,SNG,TRUE
GAAGGACCACTACACA,PBMC-06-1,PSA13,PSA,SNG,TRUE
GAAGGACCAGATAAAC,PBMC-06-1,PSA02,PSA,SNG,FALSE
GAAGGACCAGCTTCGG,PBMC-06-1,PSA05,PSA,SNG,FALSE
GAAGGACCATGGCTAT,PBMC-06-1,PSX01,PSX,SNG,FALSE
GAAGGACGTACCATAC,PBMC-06-1,PSA03,PSA,SNG,FALSE
GAAGGACGTACTTGTG,PBMC-06-1,PSO12,PSO,DBL,FALSE
GAAGGACGTCCAACGC,PBMC-06-1,PSO15,PSO,SNG,TRUE
GAAGGACGTGACTAAA,PBMC-06-1,PSO13,PSO,SNG,TRUE
GAAGGACGTTAGAAAC,PBMC-06-1,PSA07,PSA,SNG,TRUE
GAAGGACTCACTTATC,PBMC-06-1,PSA04,PSA,SNG,TRUE
GAAGGACTCCATTTGT,PBMC-06-1,PSO13,PSO,SNG,TRUE
GAAGGACTCCGTGCGA,PBMC-06-1,PSA05,PSA,DBL,FALSE
GAAGGACTCGGCATAT,PBMC-06-1,PSA15,PSA,SNG,FALSE
GAAGGGTAGCACTCTA,PBMC-06-1,PSX01,PSX,DBL,FALSE
GAAGGGTAGTATAGAC,PBMC-06-1,PSA05,PSA,SNG,FALSE
GAAGGGTAGTGGAAGA,PBMC-06-1,PSA15,PSA,SNG,TRUE
GAAGGGTCAAAGGATT,PBMC-06-1,PSO15,PSO,SNG,FALSE
GAAGGGTCACAACCGC,PBMC-06-1,PSA02,PSA,SNG,TRUE
GAAGGGTCAGGCACAA,PBMC-06-1,PSA02,PSA,SNG,TRUE
GAAGGGTGTCGGATTT,PBMC-06-1,PSX01,PSX,DBL,FALSE
GAAGGGTGTGACACGA,PBMC-06-1,PSA13,PSA,SNG,TRUE
GAAGGGTGTGTCTCCT,PBMC-06-1,PSA12,PSA,SNG,TRUE
GAAGGGTGTTGTGCCG,PBMC-06-1,PSA07,PSA,SNG,TRUE
GAAGGGTGTTTGTTGG,PBMC-06-1,PSA14,PSA,SNG,TRUE
GAAGGGTTCAAAGGAT,PBMC-06-1,PSO11,PSO,SNG,TRUE
GAAGGGTTCAAATGCC,PBMC-06-1,PSA07,PSA,SNG,TRUE
GAAGGGTTCAAGCTGT,PBMC-06-1,PSA15,PSA,SNG,TRUE
GAAGGGTTCCAAGCCG,PBMC-06-1,PSA07,PSA,SNG,FALSE
GAAGGGTTCCGTATAG,PBMC-06-1,PSA07,PSA,SNG,FALSE
GAAGGGTTCGCTTTAT,PBMC-06-1,PSX01,PSX,SNG,TRUE
GAAGTAAAGCTTTCCC,PBMC-06-1,PSA12,PSA,SNG,TRUE
GAAGTAACAATAGTGA,PBMC-06-1,PSA13,PSA,SNG,TRUE
GAAGTAACAGACCAGA,PBMC-06-1,PSA14,PSA,SNG,TRUE
GAAGTAACAGTAGTGG,PBMC-06-1,PSX01,PSX,SNG,TRUE
GAAGTAACAGTTGGTT,PBMC-06-1,PSX04,PSX,DBL,FALSE
GAAGTAACATCAGCAT,PBMC-06-1,PSA02,PSA,DBL,FALSE
GAAGTAAGTACGAAAT,PBMC-06-1,PSA06,PSA,SNG,TRUE
GAAGTAAGTACGGATG,PBMC-06-1,PSA05,PSA,SNG,TRUE
GAAGTAAGTAGCTAAA,PBMC-06-1,PSA02,PSA,SNG,TRUE
GAAGTAAGTCTCAGAT,PBMC-06-1,PSA02,PSA,SNG,TRUE
GAAGTAAGTGCATTAC,PBMC-06-1,PSO16,PSO,SNG,TRUE
GAAGTAAGTGCTTCAA,PBMC-06-1,PSX01,PSX,SNG,FALSE
GAAGTAAGTTCTAAGC,PBMC-06-1,PSA13,PSA,DBL,FALSE
GAAGTAATCAAGAGTA,PBMC-06-1,PSA13,PSA,SNG,FALSE
GAAGTAATCAGCCTCT,PBMC-06-1,PSA16,PSA,SNG,FALSE
GAAGTAATCATTTGCT,PBMC-06-1,PSX01,PSX,SNG,TRUE
GAAGTAATCCTCAGAA,PBMC-06-1,PSO14,PSO,SNG,TRUE
GAAGTAATCGCCTCTA,PBMC-06-1,PSA07,PSA,SNG,TRUE
GAAGTAATCTCGCTCA,PBMC-06-1,PSX01,PSX,DBL,FALSE
GAAGTAATCTGATGGT,PBMC-06-1,PSO15,PSO,SNG,FALSE
GAATAGAAGAATCGAT,PBMC-06-1,PSA07,PSA,SNG,TRUE
GAATAGAAGAGTACCG,PBMC-06-1,PSO12,PSO,SNG,TRUE
GAATAGAAGATGCTGG,PBMC-06-1,PSA02,PSA,SNG,TRUE
GAATAGAAGGGCTTCC,PBMC-06-1,PSA02,PSA,DBL,FALSE
GAATAGACAAATACGA,PBMC-06-1,PSX04,PSX,SNG,FALSE
GAATAGACACAGCTGC,PBMC-06-1,PSO12,PSO,SNG,TRUE
GAATAGACACCTGTCT,PBMC-06-1,PSA13,PSA,DBL,FALSE
GAATAGACAGTCGCAC,PBMC-06-1,PSA14,PSA,SNG,TRUE
GAATAGAGTAAGTAGT,PBMC-06-1,PSA17,PSA,SNG,TRUE
GAATAGAGTAGCGATG,PBMC-06-1,PSA06,PSA,SNG,TRUE
GAATAGAGTCCATAGT,PBMC-06-1,PSO12,PSO,SNG,TRUE
GAATAGAGTGGTCAAG,PBMC-06-1,PSA16,PSA,SNG,TRUE
GAATAGATCAACTGAC,PBMC-06-1,PSA14,PSA,SNG,TRUE
GAATAGATCATAGACC,PBMC-06-1,PSA17,PSA,SNG,TRUE
GAATAGATCCAGTACA,PBMC-06-1,PSO12,PSO,SNG,TRUE
GAATAGATCCGCATAA,PBMC-06-1,PSA12,PSA,SNG,TRUE
GAATAGATCTACTTCA,PBMC-06-1,PSA17,PSA,SNG,TRUE
GAATAGATCTATCGCC,PBMC-06-1,PSA17,PSA,AMB,FALSE
GAATAGATCTCCTGCA,PBMC-06-1,PSO12,PSO,SNG,TRUE
GAATAGATCTCGCGTT,PBMC-06-1,PSX01,PSX,SNG,TRUE
GAATAGATCTCGTCAC,PBMC-06-1,PSA17,PSA,DBL,FALSE
GAATCACAGCACCAGA,PBMC-06-1,PSA02,PSA,SNG,TRUE
GAATCACAGCCACTCG,PBMC-06-1,PSX01,PSX,DBL,FALSE
GAATCACAGCTGAGCA,PBMC-06-1,PSA07,PSA,DBL,FALSE
GAATCACCAAGTACCT,PBMC-06-1,PSX01,PSX,SNG,FALSE
GAATCACCACCTCTGT,PBMC-06-1,PSA07,PSA,SNG,TRUE
GAATCACCACGCCACA,PBMC-06-1,PSA04,PSA,DBL,FALSE
GAATCACCAGCTCCTT,PBMC-06-1,PSO12,PSO,SNG,TRUE
GAATCACCAGGATTCT,PBMC-06-1,PSA14,PSA,SNG,TRUE
GAATCACCATGCACTA,PBMC-06-1,PSA17,PSA,SNG,TRUE
GAATCACCATGTAACC,PBMC-06-1,PSA14,PSA,SNG,FALSE
GAATCACGTAGGCTGA,PBMC-06-1,PSA16,PSA,SNG,TRUE
GAATCACGTATGATCC,PBMC-06-1,PSA02,PSA,SNG,TRUE
GAATCACGTCACCACG,PBMC-06-1,PSA06,PSA,SNG,TRUE
GAATCACGTCGTCATA,PBMC-06-1,PSA12,PSA,SNG,TRUE
GAATCACGTTAAACCC,PBMC-06-1,PSA15,PSA,SNG,TRUE
GAATCACGTTCAGTAC,PBMC-06-1,PSA03,PSA,DBL,FALSE
GAATCACGTTCTTGCC,PBMC-06-1,PSO12,PSO,SNG,TRUE
GAATCACTCCTATGGA,PBMC-06-1,PSA13,PSA,SNG,TRUE
GAATCACTCGAGTTGT,PBMC-06-1,PSA16,PSA,SNG,TRUE
GAATCACTCTTGGAAC,PBMC-06-1,PSO14,PSO,SNG,TRUE
GAATCGTAGACTACCT,PBMC-06-1,PSO15,PSO,SNG,FALSE
GAATCGTAGCAGAAAG,PBMC-06-1,PSA04,PSA,SNG,TRUE
GAATCGTAGGCTGTAG,PBMC-06-1,PSA12,PSA,DBL,FALSE
GAATCGTAGGTAGGCT,PBMC-06-1,PSA05,PSA,SNG,TRUE
GAATCGTAGGTGTGAC,PBMC-06-1,PSA15,PSA,SNG,TRUE
GAATCGTCACCTGCAG,PBMC-06-1,PSA15,PSA,SNG,TRUE
GAATCGTCAGCACAGA,PBMC-06-1,PSX01,PSX,SNG,TRUE
GAATCGTCAGGCCCTA,PBMC-06-1,PSA07,PSA,DBL,FALSE
GAATCGTGTACCCACG,PBMC-06-1,PSA17,PSA,SNG,TRUE
GAATCGTGTCAGGTGA,PBMC-06-1,PSA06,PSA,SNG,TRUE
GAATCGTGTGTTAACC,PBMC-06-1,PSA03,PSA,SNG,TRUE
GAATCGTGTTGTGTTG,PBMC-06-1,PSA14,PSA,SNG,TRUE
GAATCGTTCAGACATC,PBMC-06-1,PSO13,PSO,SNG,TRUE
GAATCGTTCAGAGCGA,PBMC-06-1,PSA14,PSA,SNG,TRUE
GAATCGTTCTCGAGTA,PBMC-06-1,PSA04,PSA,DBL,FALSE
GAATCGTTCTTGTTAC,PBMC-06-1,PSO15,PSO,SNG,TRUE
GACACGCAGCCGTCGT,PBMC-06-1,PSA05,PSA,AMB,FALSE
GACACGCAGGAGAGTA,PBMC-06-1,PSA02,PSA,SNG,TRUE
GACACGCAGGCATCAG,PBMC-06-1,PSA04,PSA,SNG,TRUE
GACACGCAGTGCCTCG,PBMC-06-1,PSO11,PSO,SNG,TRUE
GACACGCCAAACCGGA,PBMC-06-1,PSA17,PSA,SNG,TRUE
GACACGCCACCGCTAG,PBMC-06-1,PSA05,PSA,SNG,TRUE
GACACGCCACGGCACT,PBMC-06-1,PSA12,PSA,DBL,FALSE
GACACGCCAGTAGTGG,PBMC-06-1,PSA14,PSA,SNG,TRUE
GACACGCCATCTTAGG,PBMC-06-1,PSA16,PSA,SNG,FALSE
GACACGCCATGTTCAG,PBMC-06-1,PSX01,PSX,SNG,TRUE
GACACGCGTACCAATC,PBMC-06-1,PSA02,PSA,SNG,TRUE
GACACGCGTAGTCGGA,PBMC-06-1,PSO12,PSO,SNG,TRUE
GACACGCGTCCATAGT,PBMC-06-1,PSA02,PSA,SNG,TRUE
GACACGCGTCGGCACT,PBMC-06-1,PSA07,PSA,SNG,TRUE
GACACGCGTCTGCGCA,PBMC-06-1,PSA02,PSA,SNG,TRUE
GACACGCGTTACGATC,PBMC-06-1,PSO11,PSO,SNG,TRUE
GACACGCGTTAGGGTG,PBMC-06-1,PSA14,PSA,SNG,TRUE
GACACGCGTTTACGTG,PBMC-06-1,PSA13,PSA,SNG,FALSE
GACACGCTCAAGAATG,PBMC-06-1,PSX04,PSX,SNG,TRUE
GACACGCTCAAGTCTG,PBMC-06-1,PSO16,PSO,SNG,TRUE
GACACGCTCACCTACC,PBMC-06-1,PSX01,PSX,SNG,TRUE
GACACGCTCACTTTGT,PBMC-06-1,PSA15,PSA,SNG,TRUE
GACACGCTCATGAGAA,PBMC-06-1,PSO13,PSO,AMB,FALSE
GACACGCTCCGGGACT,PBMC-06-1,PSA02,PSA,SNG,TRUE
GACACGCTCCTCACCA,PBMC-06-1,PSA07,PSA,SNG,FALSE
GACACGCTCGTTCGCT,PBMC-06-1,PSA06,PSA,SNG,TRUE
GACAGCCAGACTAGAT,PBMC-06-1,PSA03,PSA,SNG,TRUE
GACAGCCAGAGAATCT,PBMC-06-1,PSO15,PSO,SNG,TRUE
GACAGCCAGCCTGGAA,PBMC-06-1,PSX04,PSX,SNG,TRUE
GACAGCCAGGGACACT,PBMC-06-1,PSA12,PSA,SNG,FALSE
GACAGCCAGTTCACTG,PBMC-06-1,PSO13,PSO,SNG,TRUE
GACAGCCCAACGCATT,PBMC-06-1,PSA15,PSA,SNG,TRUE
GACAGCCCACCCTAAA,PBMC-06-1,PSA07,PSA,DBL,FALSE
GACAGCCCAGCTTCCT,PBMC-06-1,PSA16,PSA,SNG,TRUE
GACAGCCCATCGGAGA,PBMC-06-1,PSX04,PSX,SNG,TRUE
GACAGCCCATCGTCCT,PBMC-06-1,PSA15,PSA,AMB,FALSE
GACAGCCGTACGCGTC,PBMC-06-1,PSA02,PSA,SNG,TRUE
GACAGCCGTATGGTTC,PBMC-06-1,PSA06,PSA,DBL,FALSE
GACAGCCGTCCACAGC,PBMC-06-1,PSA06,PSA,SNG,TRUE
GACAGCCGTGAGAACC,PBMC-06-1,PSX01,PSX,SNG,FALSE
GACAGCCGTGATTAGA,PBMC-06-1,PSA07,PSA,SNG,TRUE
GACAGCCTCGACCACG,PBMC-06-1,PSA07,PSA,SNG,TRUE
GACAGCCTCGCGCCAA,PBMC-06-1,PSA16,PSA,SNG,FALSE
GACAGCCTCGGTCGGT,PBMC-06-1,PSO14,PSO,SNG,FALSE
GACAGCCTCGTGACTA,PBMC-06-1,PSA02,PSA,SNG,TRUE
GACATCAAGGTCATAA,PBMC-06-1,PSA17,PSA,SNG,TRUE
GACATCAAGTGTCATC,PBMC-06-1,PSA03,PSA,SNG,TRUE
GACATCAGTAATGCTC,PBMC-06-1,PSX04,PSX,SNG,TRUE
GACATCAGTGGCCCAT,PBMC-06-1,PSA12,PSA,SNG,TRUE
GACATCAGTGGCTGCT,PBMC-06-1,PSA16,PSA,SNG,TRUE
GACATCATCAGGTGTT,PBMC-06-1,PSA14,PSA,SNG,TRUE
GACATCATCCACTTTA,PBMC-06-1,PSA05,PSA,SNG,TRUE
GACATCATCCCAAGTA,PBMC-06-1,PSO11,PSO,SNG,FALSE
GACATCATCCGTTGGG,PBMC-06-1,PSA05,PSA,SNG,TRUE
GACATCATCGGACTTA,PBMC-06-1,PSA12,PSA,DBL,FALSE
GACATCATCGTCCTTG,PBMC-06-1,PSA07,PSA,SNG,TRUE
GACATCATCTCCTACG,PBMC-06-1,PSO15,PSO,SNG,FALSE
GACATCATCTGTCCGT,PBMC-06-1,PSO15,PSO,SNG,TRUE
GACCAATAGCACTCAT,PBMC-06-1,PSA13,PSA,DBL,FALSE
GACCAATAGCCTGCCA,PBMC-06-1,PSO14,PSO,SNG,TRUE
GACCAATAGCGATCGA,PBMC-06-1,PSO12,PSO,SNG,TRUE
GACCAATAGCTAGATA,PBMC-06-1,PSA12,PSA,SNG,TRUE
GACCAATAGTACGAGC,PBMC-06-1,PSO15,PSO,SNG,TRUE
GACCAATCAAGATTGA,PBMC-06-1,PSO15,PSO,SNG,TRUE
GACCAATCAATCCTAG,PBMC-06-1,PSA17,PSA,DBL,FALSE
GACCAATCACTACTTT,PBMC-06-1,PSX01,PSX,DBL,FALSE
GACCAATCAGATAAAC,PBMC-06-1,PSA05,PSA,DBL,FALSE
GACCAATCAGGGATAC,PBMC-06-1,PSO12,PSO,SNG,TRUE
GACCAATCAGTGACCC,PBMC-06-1,PSA03,PSA,SNG,FALSE
GACCAATCATCAGCTA,PBMC-06-1,PSX01,PSX,DBL,FALSE
GACCAATCATCGAAGG,PBMC-06-1,PSA05,PSA,SNG,TRUE
GACCAATCATGGAACG,PBMC-06-1,PSA14,PSA,SNG,TRUE
GACCAATGTAACGATA,PBMC-06-1,PSX01,PSX,AMB,FALSE
GACCAATGTAAGGCCA,PBMC-06-1,PSA06,PSA,SNG,TRUE
GACCAATGTAGTACGG,PBMC-06-1,PSO15,PSO,SNG,TRUE
GACCAATGTCACAGTT,PBMC-06-1,PSX04,PSX,SNG,TRUE
GACCAATGTCTTACTT,PBMC-06-1,PSO15,PSO,SNG,FALSE
GACCAATGTGAGAACC,PBMC-06-1,PSO12,PSO,DBL,FALSE
GACCAATGTGATACAA,PBMC-06-1,PSA02,PSA,DBL,FALSE
GACCAATGTGCTCTCT,PBMC-06-1,PSA05,PSA,AMB,FALSE
GACCAATGTGTTCCTC,PBMC-06-1,PSA07,PSA,SNG,FALSE
GACCAATGTTGCCTAA,PBMC-06-1,PSA13,PSA,SNG,FALSE
GACCAATTCCTCATAT,PBMC-06-1,PSO14,PSO,DBL,FALSE
GACCAATTCGACGATT,PBMC-06-1,PSA02,PSA,SNG,TRUE
GACCCAGAGAGAGTGA,PBMC-06-1,PSA17,PSA,SNG,TRUE
GACCCAGAGATTACCC,PBMC-06-1,PSA05,PSA,SNG,TRUE
GACCCAGAGTACCGGA,PBMC-06-1,PSX04,PSX,SNG,TRUE
GACCCAGAGTAGTCCT,PBMC-06-1,PSA13,PSA,SNG,TRUE
GACCCAGAGTTGCTCA,PBMC-06-1,PSA15,PSA,SNG,TRUE
GACCCAGCACATACGT,PBMC-06-1,PSA16,PSA,AMB,FALSE
GACCCAGCACGTAGAG,PBMC-06-1,PSA02,PSA,SNG,TRUE
GACCCAGCACTGAATC,PBMC-06-1,PSA14,PSA,SNG,TRUE
GACCCAGCACTTTATC,PBMC-06-1,PSO12,PSO,SNG,TRUE
GACCCAGGTAAGTCAA,PBMC-06-1,PSA03,PSA,SNG,FALSE
GACCCAGGTCACCACG,PBMC-06-1,PSX04,PSX,SNG,FALSE
GACCCAGGTCTCCTGT,PBMC-06-1,PSO15,PSO,DBL,FALSE
GACCCAGGTGATAGAT,PBMC-06-1,PSA17,PSA,SNG,TRUE
GACCCAGGTTCATCTT,PBMC-06-1,PSA06,PSA,DBL,FALSE
GACCCAGGTTTCCCAC,PBMC-06-1,PSA17,PSA,SNG,TRUE
GACCCAGTCAAGGCTT,PBMC-06-1,PSA04,PSA,SNG,TRUE
GACCCAGTCCGCGAGT,PBMC-06-1,PSO12,PSO,SNG,FALSE
GACCCAGTCGCAGTCG,PBMC-06-1,PSA07,PSA,SNG,TRUE
GACCCAGTCGCGTGAC,PBMC-06-1,PSA15,PSA,SNG,TRUE
GACCCAGTCGCTGCGA,PBMC-06-1,PSA12,PSA,SNG,TRUE
GACCCTTAGCATGGGT,PBMC-06-1,PSX01,PSX,SNG,TRUE
GACCCTTAGCTTGTTG,PBMC-06-1,PSX04,PSX,SNG,TRUE
GACCCTTAGGCTCTCG,PBMC-06-1,PSA02,PSA,SNG,TRUE
GACCCTTAGTGCTAGG,PBMC-06-1,PSA06,PSA,SNG,TRUE
GACCCTTCAATCCTAG,PBMC-06-1,PSA16,PSA,SNG,TRUE
GACCCTTCACCTCTGT,PBMC-06-1,PSO15,PSO,SNG,TRUE
GACCCTTCACGACGCT,PBMC-06-1,PSA05,PSA,AMB,FALSE
GACCCTTCACTAGGCC,PBMC-06-1,PSA17,PSA,SNG,FALSE
GACCCTTCAGGATCTT,PBMC-06-1,PSA05,PSA,SNG,TRUE
GACCCTTCATGTACGT,PBMC-06-1,PSX04,PSX,SNG,TRUE
GACCCTTCATTGGCAT,PBMC-06-1,PSO11,PSO,SNG,TRUE
GACCCTTGTACGTGTT,PBMC-06-1,PSX04,PSX,SNG,TRUE
GACCCTTGTGTATCCA,PBMC-06-1,PSA02,PSA,SNG,TRUE
GACCCTTGTTGCATTG,PBMC-06-1,PSO11,PSO,DBL,FALSE
GACCCTTGTTTCGCTC,PBMC-06-1,PSO14,PSO,SNG,FALSE
GACCCTTTCATGGTAC,PBMC-06-1,PSA17,PSA,SNG,TRUE
GACCCTTTCCTAAACG,PBMC-06-1,PSO14,PSO,SNG,TRUE
GACCCTTTCTGGACTA,PBMC-06-1,PSO16,PSO,SNG,TRUE
GACCCTTTCTTGAGCA,PBMC-06-1,PSA07,PSA,SNG,TRUE
GACCGTGAGAAGTATC,PBMC-06-1,PSA02,PSA,SNG,TRUE
GACCGTGAGACGAAGA,PBMC-06-1,PSO12,PSO,SNG,FALSE
GACCGTGAGATAGCTA,PBMC-06-1,PSA15,PSA,SNG,TRUE
GACCGTGAGCTGTGCC,PBMC-06-1,PSA04,PSA,SNG,TRUE
GACCGTGAGGTGGGTT,PBMC-06-1,PSA07,PSA,SNG,FALSE
GACCGTGAGTGCTAGG,PBMC-06-1,PSX04,PSX,SNG,TRUE
GACCGTGCACAGTCGC,PBMC-06-1,PSA07,PSA,DBL,FALSE
GACCGTGCACCCTAAA,PBMC-06-1,PSA15,PSA,SNG,TRUE
GACCGTGCACTTGACA,PBMC-06-1,PSA07,PSA,SNG,FALSE
GACCGTGCACTTGTCC,PBMC-06-1,PSA05,PSA,SNG,TRUE
GACCGTGCAGAACCGA,PBMC-06-1,PSA06,PSA,SNG,TRUE
GACCGTGGTGCAATAA,PBMC-06-1,PSX01,PSX,SNG,TRUE
GACCGTGGTGCACATT,PBMC-06-1,PSA15,PSA,SNG,TRUE
GACCGTGGTGTGTCCG,PBMC-06-1,PSA13,PSA,SNG,TRUE
GACCGTGTCAACGCTA,PBMC-06-1,PSA17,PSA,SNG,TRUE
GACCGTGTCAACGTGT,PBMC-06-1,PSA15,PSA,SNG,TRUE
GACCGTGTCCATGCAA,PBMC-06-1,PSX01,PSX,DBL,FALSE
GACCGTGTCGCGAAGA,PBMC-06-1,PSO14,PSO,SNG,TRUE
GACCGTGTCTACTGAG,PBMC-06-1,PSO15,PSO,SNG,TRUE
GACCGTGTCTGCGGGT,PBMC-06-1,PSA07,PSA,SNG,TRUE
GACCTTCAGACATACA,PBMC-06-1,PSA15,PSA,SNG,TRUE
GACCTTCAGACATATG,PBMC-06-1,PSA06,PSA,SNG,TRUE
GACCTTCAGACGGTCA,PBMC-06-1,PSA13,PSA,SNG,TRUE
GACCTTCAGACTTGTC,PBMC-06-1,PSO15,PSO,SNG,TRUE
GACCTTCAGAGAGCCT,PBMC-06-1,PSA06,PSA,SNG,TRUE
GACCTTCAGCTGACAG,PBMC-06-1,PSO15,PSO,DBL,FALSE
GACCTTCAGGTCGAGT,PBMC-06-1,PSA02,PSA,SNG,TRUE
GACCTTCAGGTTACCT,PBMC-06-1,PSA06,PSA,SNG,TRUE
GACCTTCCAATTGCCA,PBMC-06-1,PSX04,PSX,SNG,TRUE
GACCTTCCACCTGCTT,PBMC-06-1,PSA07,PSA,SNG,TRUE
GACCTTCCACGTTGGC,PBMC-06-1,PSA07,PSA,SNG,TRUE
GACCTTCCAGCATTGT,PBMC-06-1,PSA05,PSA,SNG,TRUE
GACCTTCCATCGCTCT,PBMC-06-1,PSO12,PSO,SNG,TRUE
GACCTTCGTACACTCA,PBMC-06-1,PSA05,PSA,SNG,TRUE
GACCTTCGTCAATCTG,PBMC-06-1,PSO12,PSO,SNG,FALSE
GACCTTCGTCAGACGA,PBMC-06-1,PSX04,PSX,DBL,FALSE
GACCTTCGTGACCTGC,PBMC-06-1,PSX01,PSX,SNG,TRUE
GACCTTCGTGAGTAGC,PBMC-06-1,PSA15,PSA,SNG,TRUE
GACCTTCGTTACGTAC,PBMC-06-1,PSA13,PSA,SNG,FALSE
GACCTTCGTTGCCTAA,PBMC-06-1,PSO15,PSO,SNG,TRUE
GACCTTCTCAAAGAAC,PBMC-06-1,PSX01,PSX,SNG,TRUE
GACCTTCTCAAATGAG,PBMC-06-1,PSA03,PSA,SNG,TRUE
GACCTTCTCAGCTAGT,PBMC-06-1,PSA16,PSA,AMB,FALSE
GACCTTCTCATACGGT,PBMC-06-1,PSA14,PSA,SNG,FALSE
GACCTTCTCCGATTAG,PBMC-06-1,PSO15,PSO,DBL,FALSE
GACCTTCTCCGCAACG,PBMC-06-1,PSO12,PSO,SNG,TRUE
GACCTTCTCGTAACAC,PBMC-06-1,PSA05,PSA,SNG,TRUE
GACCTTCTCTAAGAAG,PBMC-06-1,PSA14,PSA,AMB,FALSE
GACCTTCTCTAGACAC,PBMC-06-1,PSA05,PSA,DBL,FALSE
GACCTTCTCTAGTCAG,PBMC-06-1,PSA17,PSA,SNG,TRUE
GACCTTCTCTCAGAAC,PBMC-06-1,PSA14,PSA,SNG,TRUE
GACCTTCTCTGCACCT,PBMC-06-1,PSA17,PSA,SNG,TRUE
GACCTTCTCTGTGCGG,PBMC-06-1,PSA16,PSA,SNG,FALSE
GACGCTGAGGACTGGT,PBMC-06-1,PSA06,PSA,SNG,TRUE
GACGCTGAGTATAACG,PBMC-06-1,PSA07,PSA,SNG,TRUE
GACGCTGCAATAGTCC,PBMC-06-1,PSO12,PSO,SNG,TRUE
GACGCTGCACAGCCTG,PBMC-06-1,PSA14,PSA,DBL,FALSE
GACGCTGCACGCGTGT,PBMC-06-1,PSO11,PSO,SNG,TRUE
GACGCTGCACGTCATA,PBMC-06-1,PSA15,PSA,SNG,TRUE
GACGCTGCAGGCCCTA,PBMC-06-1,PSX01,PSX,SNG,TRUE
GACGCTGGTACCTATG,PBMC-06-1,PSO15,PSO,SNG,TRUE
GACGCTGGTACGTGAG,PBMC-06-1,PSA16,PSA,DBL,FALSE
GACGCTGGTCACATTG,PBMC-06-1,PSA15,PSA,SNG,TRUE
GACGCTGGTGATACAA,PBMC-06-1,PSA07,PSA,DBL,FALSE
GACGCTGGTGCGCTCA,PBMC-06-1,PSA07,PSA,SNG,TRUE
GACGCTGTCTAGATCG,PBMC-06-1,PSA02,PSA,SNG,TRUE
GACGCTGTCTCCGATC,PBMC-06-1,PSA15,PSA,SNG,TRUE
GACGTTAAGCAACCAG,PBMC-06-1,PSA14,PSA,SNG,TRUE
GACGTTAAGCATGCGA,PBMC-06-1,PSA04,PSA,SNG,FALSE
GACGTTAAGCCTCAGC,PBMC-06-1,PSA02,PSA,SNG,TRUE
GACGTTAAGCGAGGAG,PBMC-06-1,PSO15,PSO,SNG,TRUE
GACGTTAAGCGATGAC,PBMC-06-1,PSA07,PSA,SNG,TRUE
GACGTTAAGCTCTGTA,PBMC-06-1,PSA14,PSA,SNG,TRUE
GACGTTAAGCTGACCC,PBMC-06-1,PSA05,PSA,DBL,FALSE
GACGTTAAGGTTACCT,PBMC-06-1,PSA05,PSA,SNG,TRUE
GACGTTAAGTAGCTCT,PBMC-06-1,PSA17,PSA,SNG,TRUE
GACGTTACAACAGAGC,PBMC-06-1,PSA02,PSA,DBL,FALSE
GACGTTACAAGTATAG,PBMC-06-1,PSA17,PSA,SNG,TRUE
GACGTTACACAGAGCA,PBMC-06-1,PSX04,PSX,SNG,TRUE
GACGTTACACGGTGCT,PBMC-06-1,PSA05,PSA,SNG,TRUE
GACGTTACATCGCTGG,PBMC-06-1,PSA06,PSA,SNG,TRUE
GACGTTATCAACACCA,PBMC-06-1,PSA02,PSA,SNG,TRUE
GACGTTATCACCCTCA,PBMC-06-1,PSA17,PSA,DBL,FALSE
GACGTTATCAGCAATC,PBMC-06-1,PSA03,PSA,SNG,TRUE
GACGTTATCGGTCACG,PBMC-06-1,PSA07,PSA,SNG,TRUE
GACGTTATCTAACGGT,PBMC-06-1,PSA07,PSA,SNG,TRUE
GACGTTATCTACGGGC,PBMC-06-1,PSA06,PSA,SNG,TRUE
GACTATGAGACGTCCC,PBMC-06-1,PSO12,PSO,SNG,TRUE
GACTATGAGCTCTGTA,PBMC-06-1,PSO15,PSO,SNG,TRUE
GACTATGAGGCGAAGG,PBMC-06-1,PSA17,PSA,SNG,TRUE
GACTATGAGGGCGAAG,PBMC-06-1,PSA17,PSA,SNG,TRUE
GACTATGAGTCTTCCC,PBMC-06-1,PSO15,PSO,SNG,TRUE
GACTATGAGTGGCCTC,PBMC-06-1,PSX01,PSX,SNG,TRUE
GACTATGAGTTACTCG,PBMC-06-1,PSA03,PSA,SNG,FALSE
GACTATGCAACCTATG,PBMC-06-1,PSA04,PSA,SNG,FALSE
GACTATGCACAAGCAG,PBMC-06-1,PSA02,PSA,DBL,FALSE
GACTATGCACTAGGCC,PBMC-06-1,PSA15,PSA,DBL,FALSE
GACTATGCAGCTACTA,PBMC-06-1,PSO12,PSO,DBL,FALSE
GACTATGCATTGAAAG,PBMC-06-1,PSA14,PSA,SNG,TRUE
GACTATGGTACTCGAT,PBMC-06-1,PSA03,PSA,SNG,TRUE
GACTATGGTAGTACGG,PBMC-06-1,PSA17,PSA,SNG,TRUE
GACTATGGTCAGACTT,PBMC-06-1,PSA14,PSA,SNG,TRUE
GACTATGGTCGCTCGA,PBMC-06-1,PSA06,PSA,SNG,TRUE
GACTATGTCCATTCAT,PBMC-06-1,PSO13,PSO,SNG,FALSE
GACTCAAAGAAGCCAC,PBMC-06-1,PSA04,PSA,SNG,TRUE
GACTCAAAGACTGGGT,PBMC-06-1,PSA02,PSA,SNG,TRUE
GACTCAAAGCTTGTGT,PBMC-06-1,PSA13,PSA,SNG,TRUE
GACTCAACAATCTAGC,PBMC-06-1,PSO15,PSO,DBL,FALSE
GACTCAACACCTGCTT,PBMC-06-1,PSO14,PSO,SNG,TRUE
GACTCAACAGGAATAT,PBMC-06-1,PSA07,PSA,SNG,FALSE
GACTCAACATGGCCAC,PBMC-06-1,PSX01,PSX,SNG,TRUE
GACTCAACATTACGGT,PBMC-06-1,PSX01,PSX,SNG,TRUE
GACTCAAGTACTCGTA,PBMC-06-1,PSO15,PSO,SNG,TRUE
GACTCAAGTATGTCTG,PBMC-06-1,PSA05,PSA,DBL,FALSE
GACTCAAGTCGAGCTC,PBMC-06-1,PSO15,PSO,SNG,TRUE
GACTCAAGTTCGAGCC,PBMC-06-1,PSO15,PSO,SNG,TRUE
GACTCAAGTTTCACTT,PBMC-06-1,PSA05,PSA,SNG,TRUE
GACTCAATCAACTGAC,PBMC-06-1,PSA13,PSA,SNG,TRUE
GACTCAATCCGAGAAG,PBMC-06-1,PSO14,PSO,DBL,FALSE
GACTCAATCGTGGCTG,PBMC-06-1,PSA04,PSA,SNG,TRUE
GACTCTCAGCCTGTCG,PBMC-06-1,PSA14,PSA,SNG,TRUE
GACTCTCAGGTCATCT,PBMC-06-1,PSA07,PSA,DBL,FALSE
GACTCTCAGTCCGCCA,PBMC-06-1,PSA15,PSA,DBL,FALSE
GACTCTCAGTCTCGTA,PBMC-06-1,PSA02,PSA,SNG,TRUE
GACTCTCCAAATACAG,PBMC-06-1,PSA13,PSA,AMB,FALSE
GACTCTCCAAGATGGC,PBMC-06-1,PSX04,PSX,SNG,TRUE
GACTCTCCACATATCG,PBMC-06-1,PSA14,PSA,SNG,TRUE
GACTCTCCACGCGTGT,PBMC-06-1,PSA07,PSA,SNG,TRUE
GACTCTCCATTACTCT,PBMC-06-1,PSX01,PSX,DBL,FALSE
GACTCTCGTCAGTCGC,PBMC-06-1,PSA16,PSA,SNG,TRUE
GACTCTCGTCCACGCA,PBMC-06-1,PSA04,PSA,SNG,TRUE
GACTCTCGTGATATAG,PBMC-06-1,PSA06,PSA,SNG,TRUE
GACTCTCTCAGGAGAC,PBMC-06-1,PSA02,PSA,SNG,TRUE
GACTCTCTCCCTTCCC,PBMC-06-1,PSA02,PSA,SNG,FALSE
GACTGATAGAGATTCA,PBMC-06-1,PSA04,PSA,SNG,TRUE
GACTGATAGCACTCCG,PBMC-06-1,PSO15,PSO,SNG,TRUE
GACTGATAGCTGTGCC,PBMC-06-1,PSA15,PSA,DBL,FALSE
GACTGATAGTACCGGA,PBMC-06-1,PSA14,PSA,SNG,TRUE
GACTGATCAAATCAGA,PBMC-06-1,PSO13,PSO,SNG,TRUE
GACTGATCAAGGCCTC,PBMC-06-1,PSA13,PSA,SNG,TRUE
GACTGATCACCGTCGA,PBMC-06-1,PSO15,PSO,SNG,TRUE
GACTGATCATCGAAGG,PBMC-06-1,PSA13,PSA,DBL,FALSE
GACTGATGTAGAATAC,PBMC-06-1,PSA05,PSA,DBL,FALSE
GACTGATGTCACTCGG,PBMC-06-1,PSA12,PSA,SNG,TRUE
GACTGATGTGCGCTCA,PBMC-06-1,PSA02,PSA,SNG,TRUE
GACTGATGTGGATTTC,PBMC-06-1,PSA14,PSA,SNG,TRUE
GACTGATGTGTTGACT,PBMC-06-1,PSX04,PSX,SNG,TRUE
GACTGATGTTCCACAA,PBMC-06-1,PSA07,PSA,SNG,TRUE
GACTGATGTTTCGCTC,PBMC-06-1,PSA12,PSA,SNG,FALSE
GACTGATTCACCTGGG,PBMC-06-1,PSO15,PSO,SNG,TRUE
GACTGATTCAGTGTGT,PBMC-06-1,PSA12,PSA,SNG,FALSE
GACTGATTCCAGCTCT,PBMC-06-1,PSA15,PSA,SNG,TRUE
GACTGATTCCCTCGAT,PBMC-06-1,PSO14,PSO,SNG,TRUE
GACTGATTCGTTACCC,PBMC-06-1,PSA04,PSA,SNG,TRUE
GACTGATTCTATCGTT,PBMC-06-1,PSA07,PSA,SNG,FALSE
GACTTCCAGAGCACTG,PBMC-06-1,PSA14,PSA,SNG,FALSE
GACTTCCAGAGTAACT,PBMC-06-1,PSA16,PSA,SNG,TRUE
GACTTCCAGCGTTAGG,PBMC-06-1,PSA04,PSA,SNG,FALSE
GACTTCCAGCTCCACG,PBMC-06-1,PSA16,PSA,SNG,TRUE
GACTTCCAGGACTAAT,PBMC-06-1,PSA16,PSA,SNG,TRUE
GACTTCCAGGCCCGTT,PBMC-06-1,PSA03,PSA,SNG,TRUE
GACTTCCCAACACAAA,PBMC-06-1,PSO13,PSO,SNG,TRUE
GACTTCCCAATAGGGC,PBMC-06-1,PSA02,PSA,SNG,TRUE
GACTTCCCACCGCTAG,PBMC-06-1,PSA17,PSA,DBL,FALSE
GACTTCCCACTCGATA,PBMC-06-1,PSA02,PSA,SNG,TRUE
GACTTCCCACTTCAAG,PBMC-06-1,PSA13,PSA,SNG,TRUE
GACTTCCCAGAGTCAG,PBMC-06-1,PSA05,PSA,DBL,FALSE
GACTTCCCAGCACGAA,PBMC-06-1,PSA03,PSA,SNG,TRUE
GACTTCCCATCCGAAT,PBMC-06-1,PSA12,PSA,DBL,FALSE
GACTTCCCATGGGCAA,PBMC-06-1,PSA16,PSA,SNG,TRUE
GACTTCCGTAACGTTC,PBMC-06-1,PSO11,PSO,SNG,TRUE
GACTTCCGTACTCCGG,PBMC-06-1,PSO15,PSO,SNG,FALSE
GACTTCCGTATAGCTC,PBMC-06-1,PSO15,PSO,DBL,FALSE
GACTTCCGTGCTAGCC,PBMC-06-1,PSO13,PSO,SNG,TRUE
GACTTCCGTTGTTTGG,PBMC-06-1,PSA06,PSA,AMB,FALSE
GACTTCCTCAACCTTT,PBMC-06-1,PSA03,PSA,SNG,TRUE
GACTTCCTCACCTCTG,PBMC-06-1,PSA17,PSA,SNG,TRUE
GACTTCCTCCAACCAA,PBMC-06-1,PSX04,PSX,DBL,FALSE
GACTTCCTCGCCGTGA,PBMC-06-1,PSO15,PSO,SNG,TRUE
GACTTCCTCGTTCATT,PBMC-06-1,PSA17,PSA,SNG,TRUE
GAGAAATAGAAGGCTC,PBMC-06-1,PSA06,PSA,DBL,FALSE
GAGAAATAGAGGCGTT,PBMC-06-1,PSO11,PSO,AMB,FALSE
GAGAAATAGCAATTAG,PBMC-06-1,PSO12,PSO,SNG,FALSE
GAGAAATAGCATCGAG,PBMC-06-1,PSA05,PSA,SNG,TRUE
GAGAAATAGCCTAGGA,PBMC-06-1,PSO11,PSO,SNG,TRUE
GAGAAATAGGAAAGGT,PBMC-06-1,PSA13,PSA,SNG,TRUE
GAGAAATAGGCTTTCA,PBMC-06-1,PSA02,PSA,SNG,TRUE
GAGAAATAGTAACGTA,PBMC-06-1,PSA17,PSA,AMB,FALSE
GAGAAATCAAATTGCC,PBMC-06-1,PSX01,PSX,SNG,TRUE
GAGAAATCAATATCCG,PBMC-06-1,PSA12,PSA,SNG,FALSE
GAGAAATCACATTCTT,PBMC-06-1,PSA07,PSA,SNG,TRUE
GAGAAATCACTTGAGT,PBMC-06-1,PSA14,PSA,SNG,FALSE
GAGAAATCAGATCCTA,PBMC-06-1,PSA16,PSA,SNG,TRUE
GAGAAATCAGTATGAA,PBMC-06-1,PSA02,PSA,SNG,TRUE
GAGAAATGTACATTGC,PBMC-06-1,PSA16,PSA,AMB,FALSE
GAGAAATGTACCGTGC,PBMC-06-1,PSA05,PSA,SNG,TRUE
GAGAAATGTAGAGCTG,PBMC-06-1,PSO15,PSO,SNG,FALSE
GAGAAATGTATAGCTC,PBMC-06-1,PSX01,PSX,SNG,TRUE
GAGAAATGTATGAGCG,PBMC-06-1,PSO14,PSO,SNG,TRUE
GAGAAATGTATTCCTT,PBMC-06-1,PSO11,PSO,SNG,FALSE
GAGAAATGTCCAAGAG,PBMC-06-1,PSA02,PSA,SNG,TRUE
GAGAAATGTCCGGTGT,PBMC-06-1,PSO15,PSO,SNG,TRUE
GAGAAATGTCTTTCAT,PBMC-06-1,PSA13,PSA,SNG,TRUE
GAGAAATGTGAGGATC,PBMC-06-1,PSA12,PSA,SNG,TRUE
GAGAAATGTGCAGGAT,PBMC-06-1,PSO11,PSO,SNG,TRUE
GAGAAATGTTCCAAAC,PBMC-06-1,PSA17,PSA,SNG,TRUE
GAGAAATGTTCTCGCT,PBMC-06-1,PSO15,PSO,SNG,FALSE
GAGAAATGTTGCATAC,PBMC-06-1,PSO13,PSO,DBL,FALSE
GAGAAATGTTGGGTAG,PBMC-06-1,PSA15,PSA,DBL,FALSE
GAGAAATTCAGCAGAG,PBMC-06-1,PSA12,PSA,DBL,FALSE
GAGAAATTCATAGACC,PBMC-06-1,PSA05,PSA,SNG,TRUE
GAGAAATTCCATTCAT,PBMC-06-1,PSA07,PSA,DBL,FALSE
GAGAAATTCCGCAACG,PBMC-06-1,PSA16,PSA,DBL,FALSE
GAGAAATTCCTGTACC,PBMC-06-1,PSA15,PSA,DBL,FALSE
GAGAAATTCTTCGGTC,PBMC-06-1,PSA04,PSA,SNG,TRUE
GAGAAATTCTTCGTGC,PBMC-06-1,PSO14,PSO,SNG,FALSE
GAGACCCAGAATAGTC,PBMC-06-1,PSA04,PSA,SNG,TRUE
GAGACCCAGACGCCCT,PBMC-06-1,PSA16,PSA,DBL,FALSE
GAGACCCAGTATGAAC,PBMC-06-1,PSA02,PSA,SNG,TRUE
GAGACCCCAGACTGCC,PBMC-06-1,PSA06,PSA,SNG,TRUE
GAGACCCCATCATCCC,PBMC-06-1,PSA02,PSA,SNG,TRUE
GAGACCCCATCGGTTA,PBMC-06-1,PSA07,PSA,SNG,FALSE
GAGACCCGTACAAAGT,PBMC-06-1,PSO15,PSO,SNG,FALSE
GAGACCCGTACGACAG,PBMC-06-1,PSA17,PSA,SNG,TRUE
GAGACCCGTATCGATC,PBMC-06-1,PSX04,PSX,SNG,TRUE
GAGACCCGTCATATGC,PBMC-06-1,PSO12,PSO,SNG,FALSE
GAGACCCGTCCAAGAG,PBMC-06-1,PSA14,PSA,SNG,TRUE
GAGACCCGTCCTTGTC,PBMC-06-1,PSA14,PSA,SNG,TRUE
GAGACCCGTCTAGGTT,PBMC-06-1,PSA16,PSA,SNG,TRUE
GAGACCCTCAATCAGC,PBMC-06-1,PSO11,PSO,SNG,TRUE
GAGACCCTCCTACTGC,PBMC-06-1,PSA02,PSA,SNG,TRUE
GAGACCCTCGGCTGGT,PBMC-06-1,PSO12,PSO,SNG,FALSE
GAGACCCTCGTCGCTT,PBMC-06-1,PSA14,PSA,SNG,TRUE
GAGACCCTCTTCGACC,PBMC-06-1,PSA14,PSA,SNG,TRUE
GAGACTTAGAAGCCAC,PBMC-06-1,PSO16,PSO,SNG,FALSE
GAGACTTAGAGATCGC,PBMC-06-1,PSA17,PSA,SNG,TRUE
GAGACTTAGCGCCATC,PBMC-06-1,PSO11,PSO,SNG,TRUE
GAGACTTAGGTACAGC,PBMC-06-1,PSX01,PSX,SNG,FALSE
GAGACTTAGTCCCAGC,PBMC-06-1,PSA03,PSA,SNG,TRUE
GAGACTTCACCGGTCA,PBMC-06-1,PSO15,PSO,SNG,TRUE
GAGACTTGTAAGTAGT,PBMC-06-1,PSA04,PSA,SNG,TRUE
GAGACTTGTACAGCGA,PBMC-06-1,PSA15,PSA,SNG,TRUE
GAGACTTGTACAGTAA,PBMC-06-1,PSA05,PSA,SNG,TRUE
GAGACTTGTACGGTTT,PBMC-06-1,PSX01,PSX,SNG,TRUE
GAGACTTGTAGGTACG,PBMC-06-1,PSA17,PSA,SNG,TRUE
GAGACTTGTGTTATCG,PBMC-06-1,PSX01,PSX,SNG,TRUE
GAGACTTTCAAGTGTC,PBMC-06-1,PSA14,PSA,SNG,FALSE
GAGACTTTCATGGATC,PBMC-06-1,PSA17,PSA,SNG,TRUE
GAGACTTTCATTGCTT,PBMC-06-1,PSA04,PSA,DBL,FALSE
GAGACTTTCCCGTAAA,PBMC-06-1,PSO15,PSO,SNG,TRUE
GAGACTTTCCGTATAG,PBMC-06-1,PSO15,PSO,DBL,FALSE
GAGACTTTCCTGTAGA,PBMC-06-1,PSA17,PSA,DBL,FALSE
GAGAGGTAGAGCCGAT,PBMC-06-1,PSA15,PSA,SNG,TRUE
GAGAGGTAGAGTAACT,PBMC-06-1,PSA14,PSA,SNG,TRUE
GAGAGGTAGTTGAAAC,PBMC-06-1,PSO12,PSO,DBL,FALSE
GAGAGGTCAAACCATC,PBMC-06-1,PSA12,PSA,SNG,TRUE
GAGAGGTCAACTTGGT,PBMC-06-1,PSO13,PSO,DBL,FALSE
GAGAGGTCAAGCTACT,PBMC-06-1,PSA07,PSA,SNG,TRUE
GAGAGGTCATATTCGG,PBMC-06-1,PSO13,PSO,DBL,FALSE
GAGAGGTCATTGACTG,PBMC-06-1,PSA07,PSA,SNG,FALSE
GAGAGGTGTAGCGCCT,PBMC-06-1,PSO13,PSO,SNG,TRUE
GAGAGGTGTCAAGGCA,PBMC-06-1,PSX01,PSX,SNG,TRUE
GAGAGGTGTCTAGGCC,PBMC-06-1,PSA04,PSA,SNG,TRUE
GAGAGGTGTGAGTTTC,PBMC-06-1,PSA15,PSA,SNG,TRUE
GAGAGGTGTGGGCTCT,PBMC-06-1,PSA02,PSA,AMB,FALSE
GAGAGGTTCCAATCCC,PBMC-06-1,PSA02,PSA,SNG,TRUE
GAGAGGTTCGGCAGTC,PBMC-06-1,PSA17,PSA,SNG,TRUE
GAGAGGTTCGTTCGCT,PBMC-06-1,PSA15,PSA,SNG,TRUE
GAGAGGTTCTACCACC,PBMC-06-1,PSA02,PSA,SNG,TRUE
GAGATGGAGAATTGCA,PBMC-06-1,PSA06,PSA,SNG,TRUE
GAGATGGAGACATGCG,PBMC-06-1,PSX04,PSX,SNG,TRUE
GAGATGGAGATACCAA,PBMC-06-1,PSX01,PSX,SNG,TRUE
GAGATGGAGCCTCAGC,PBMC-06-1,PSO12,PSO,DBL,FALSE
GAGATGGAGCGTCGAA,PBMC-06-1,PSA15,PSA,SNG,TRUE
GAGATGGAGCTCGTGC,PBMC-06-1,PSA06,PSA,SNG,TRUE
GAGATGGAGGCGAACT,PBMC-06-1,PSA13,PSA,SNG,TRUE
GAGATGGAGGGAGTGG,PBMC-06-1,PSA15,PSA,DBL,FALSE
GAGATGGCAATGTCTG,PBMC-06-1,PSA07,PSA,SNG,TRUE
GAGATGGCACTAGGCC,PBMC-06-1,PSA04,PSA,SNG,TRUE
GAGATGGCACTCACTC,PBMC-06-1,PSA06,PSA,SNG,TRUE
GAGATGGGTGATGAAT,PBMC-06-1,PSA07,PSA,SNG,FALSE
GAGATGGGTTCGAAGG,PBMC-06-1,PSX01,PSX,SNG,TRUE
GAGATGGTCAGATTGC,PBMC-06-1,PSA04,PSA,SNG,TRUE
GAGATGGTCCACAGGC,PBMC-06-1,PSA16,PSA,SNG,TRUE
GAGATGGTCCATTGGA,PBMC-06-1,PSX04,PSX,SNG,TRUE
GAGCCTGAGCATGATA,PBMC-06-1,PSA06,PSA,SNG,TRUE
GAGCCTGAGCGAGTCA,PBMC-06-1,PSX01,PSX,AMB,FALSE
GAGCCTGAGGACGCTA,PBMC-06-1,PSA13,PSA,SNG,TRUE
GAGCCTGCACTGCTTC,PBMC-06-1,PSA16,PSA,SNG,TRUE
GAGCCTGCATCATCCC,PBMC-06-1,PSA14,PSA,SNG,TRUE
GAGCCTGCATGCAGCC,PBMC-06-1,PSA14,PSA,SNG,TRUE
GAGCCTGGTACGACTT,PBMC-06-1,PSO14,PSO,SNG,FALSE
GAGCCTGGTATCCTCC,PBMC-06-1,PSA13,PSA,SNG,TRUE
GAGCCTGGTCGTCGGT,PBMC-06-1,PSA07,PSA,SNG,TRUE
GAGCCTGGTTAGAAAC,PBMC-06-1,PSA14,PSA,SNG,TRUE
GAGCCTGTCCGGGACT,PBMC-06-1,PSA07,PSA,SNG,TRUE
GAGCCTGTCGTACCTC,PBMC-06-1,PSA12,PSA,SNG,TRUE
GAGCCTGTCTGTGCAA,PBMC-06-1,PSO13,PSO,AMB,FALSE
GAGCTGCAGAGGGTAA,PBMC-06-1,PSX01,PSX,SNG,TRUE
GAGCTGCAGGAAAGTG,PBMC-06-1,PSX04,PSX,SNG,TRUE
GAGCTGCAGGGTATAT,PBMC-06-1,PSA05,PSA,DBL,FALSE
GAGCTGCAGGTCATAA,PBMC-06-1,PSX01,PSX,SNG,TRUE
GAGCTGCAGGTTTACC,PBMC-06-1,PSA15,PSA,DBL,FALSE
GAGCTGCAGTCATGGG,PBMC-06-1,PSO12,PSO,SNG,TRUE
GAGCTGCAGTCGGGAT,PBMC-06-1,PSA02,PSA,SNG,TRUE
GAGCTGCCAAGTGGTG,PBMC-06-1,PSA03,PSA,SNG,TRUE
GAGCTGCCATCCAACA,PBMC-06-1,PSA05,PSA,SNG,TRUE
GAGCTGCCATGAATAG,PBMC-06-1,PSA04,PSA,SNG,TRUE
GAGCTGCGTGGGACAT,PBMC-06-1,PSO15,PSO,SNG,TRUE
GAGCTGCGTGTTTCTT,PBMC-06-1,PSA16,PSA,SNG,TRUE
GAGCTGCGTTATGTCG,PBMC-06-1,PSA15,PSA,SNG,TRUE
GAGCTGCGTTGCCATA,PBMC-06-1,PSO15,PSO,SNG,FALSE
GAGCTGCTCAGTGCGC,PBMC-06-1,PSA02,PSA,DBL,FALSE
GAGCTGCTCCACACCT,PBMC-06-1,PSA05,PSA,SNG,TRUE
GAGCTGCTCTAGGCCG,PBMC-06-1,PSA05,PSA,SNG,TRUE
GAGGCAACAAGAGATT,PBMC-06-1,PSA04,PSA,SNG,TRUE
GAGGCAACAAGCACCC,PBMC-06-1,PSO14,PSO,SNG,TRUE
GAGGCAACAGTCGCTG,PBMC-06-1,PSA07,PSA,SNG,TRUE
GAGGCAAGTAGCTTGT,PBMC-06-1,PSA07,PSA,SNG,FALSE
GAGGCAAGTATTCCGA,PBMC-06-1,PSO11,PSO,SNG,FALSE
GAGGCAAGTCCTTGTC,PBMC-06-1,PSA07,PSA,SNG,TRUE
GAGGCAAGTGAACTAA,PBMC-06-1,PSO12,PSO,SNG,TRUE
GAGGCAAGTGCTGCAC,PBMC-06-1,PSA15,PSA,SNG,FALSE
GAGGCAAGTTGCCAAT,PBMC-06-1,PSA02,PSA,SNG,TRUE
GAGGCCTCAAAGCTAA,PBMC-06-1,PSA14,PSA,SNG,TRUE
GAGGCCTCACAACCGC,PBMC-06-1,PSA07,PSA,SNG,FALSE
GAGGCCTCAGAAATTG,PBMC-06-1,PSA07,PSA,SNG,TRUE
GAGGCCTCAGTCGCTG,PBMC-06-1,PSA06,PSA,SNG,TRUE
GAGGCCTCATGGAACG,PBMC-06-1,PSA02,PSA,SNG,TRUE
GAGGCCTCATTGAGGG,PBMC-06-1,PSA07,PSA,SNG,FALSE
GAGGCCTGTACGTGTT,PBMC-06-1,PSO15,PSO,SNG,TRUE
GAGGCCTGTGGTCCCA,PBMC-06-1,PSA05,PSA,SNG,TRUE
GAGGGATAGACATAAC,PBMC-06-1,PSA15,PSA,AMB,FALSE
GAGGGATAGGCTCACC,PBMC-06-1,PSA06,PSA,SNG,TRUE
GAGGGATAGTCTGTAC,PBMC-06-1,PSA02,PSA,SNG,TRUE
GAGGGATAGTTGAATG,PBMC-06-1,PSA04,PSA,SNG,TRUE
GAGGGATCACAGCATT,PBMC-06-1,PSA02,PSA,DBL,FALSE
GAGGGATCAGGTACGA,PBMC-06-1,PSX04,PSX,SNG,TRUE
GAGGGATCATAACTCG,PBMC-06-1,PSA17,PSA,AMB,FALSE
GAGGGATCATACTTTC,PBMC-06-1,PSA16,PSA,SNG,TRUE
GAGGGATCATCATTTC,PBMC-06-1,PSO12,PSO,SNG,FALSE
GAGGGATCATGACAAA,PBMC-06-1,PSO15,PSO,SNG,TRUE
GAGGGATCATGATCTG,PBMC-06-1,PSA15,PSA,SNG,TRUE
GAGGGATGTACCTTCC,PBMC-06-1,PSA02,PSA,SNG,TRUE
GAGGGATGTTTGGGTT,PBMC-06-1,PSO15,PSO,SNG,TRUE
GAGGGATTCAGAGCGA,PBMC-06-1,PSO16,PSO,SNG,TRUE
GAGGGATTCAGCCTCT,PBMC-06-1,PSA05,PSA,SNG,FALSE
GAGGGATTCCCTATTA,PBMC-06-1,PSA07,PSA,SNG,TRUE
GAGGGATTCCTCCACA,PBMC-06-1,PSO15,PSO,SNG,TRUE
GAGGGATTCGCAGAGA,PBMC-06-1,PSA03,PSA,SNG,TRUE
GAGGGATTCGGCCAAC,PBMC-06-1,PSA02,PSA,DBL,FALSE
GAGGGATTCGTGGAAG,PBMC-06-1,PSO14,PSO,SNG,TRUE
GAGGGATTCTAAGAAG,PBMC-06-1,PSX01,PSX,SNG,TRUE
GAGGGTAAGAAGTCTA,PBMC-06-1,PSA12,PSA,SNG,FALSE
GAGGGTAAGAGCCCAA,PBMC-06-1,PSA02,PSA,SNG,TRUE
GAGGGTAAGAGCGACT,PBMC-06-1,PSX01,PSX,SNG,TRUE
GAGGGTAAGGCATCTT,PBMC-06-1,PSO15,PSO,SNG,FALSE
GAGGGTAAGGTGAGAA,PBMC-06-1,PSX01,PSX,SNG,TRUE
GAGGGTAAGTTCAACC,PBMC-06-1,PSO11,PSO,SNG,TRUE
GAGGGTACACCCTTAC,PBMC-06-1,PSA15,PSA,SNG,TRUE
GAGGGTACACTACCCT,PBMC-06-1,PSX01,PSX,SNG,FALSE
GAGGGTACACTCATAG,PBMC-06-1,PSO13,PSO,SNG,TRUE
GAGGGTACAGACACAG,PBMC-06-1,PSA16,PSA,SNG,FALSE
GAGGGTACAGGAACCA,PBMC-06-1,PSX01,PSX,SNG,TRUE
GAGGGTACAGGTGTGA,PBMC-06-1,PSA15,PSA,DBL,FALSE
GAGGGTAGTACAAGCG,PBMC-06-1,PSA04,PSA,SNG,TRUE
GAGGGTAGTCTGTGCG,PBMC-06-1,PSA17,PSA,SNG,TRUE
GAGGGTAGTGCAGTGA,PBMC-06-1,PSA04,PSA,SNG,TRUE
GAGGGTAGTGGTCAAG,PBMC-06-1,PSA07,PSA,SNG,TRUE
GAGGGTAGTTCAACGT,PBMC-06-1,PSA14,PSA,SNG,TRUE
GAGGGTATCAAACTGC,PBMC-06-1,PSA16,PSA,SNG,TRUE
GAGGGTATCATTTGTC,PBMC-06-1,PSA12,PSA,SNG,FALSE
GAGGGTATCTATCCAT,PBMC-06-1,PSA02,PSA,SNG,TRUE
GAGGGTATCTATCGGA,PBMC-06-1,PSA17,PSA,SNG,TRUE
GAGTCATAGACTAGAT,PBMC-06-1,PSX04,PSX,SNG,TRUE
GAGTCATAGAGTATAC,PBMC-06-1,PSA12,PSA,AMB,FALSE
GAGTCATAGCCACTCG,PBMC-06-1,PSA15,PSA,SNG,TRUE
GAGTCATAGGGCATGT,PBMC-06-1,PSO11,PSO,SNG,FALSE
GAGTCATAGTATGCAA,PBMC-06-1,PSA16,PSA,SNG,TRUE
GAGTCATCAACCCTCT,PBMC-06-1,PSA15,PSA,SNG,TRUE
GAGTCATCAATCTCTT,PBMC-06-1,PSA12,PSA,AMB,FALSE
GAGTCATCACGTCTCT,PBMC-06-1,PSO12,PSO,AMB,FALSE
GAGTCATCACGTTCGG,PBMC-06-1,PSA05,PSA,SNG,TRUE
GAGTCATCATCAGCGC,PBMC-06-1,PSA02,PSA,SNG,TRUE
GAGTCATCATCGCTAA,PBMC-06-1,PSA17,PSA,SNG,TRUE
GAGTCATGTATTTCCT,PBMC-06-1,PSA13,PSA,DBL,FALSE
GAGTCATGTCCATCTC,PBMC-06-1,PSX01,PSX,SNG,TRUE
GAGTCATGTCGCATTA,PBMC-06-1,PSO13,PSO,SNG,TRUE
GAGTCATGTCTTGGTA,PBMC-06-1,PSA06,PSA,SNG,TRUE
GAGTCATGTGCTGTCG,PBMC-06-1,PSA16,PSA,SNG,TRUE
GAGTCATGTGGGCTCT,PBMC-06-1,PSO12,PSO,DBL,FALSE
GAGTCATGTTAATCGC,PBMC-06-1,PSO15,PSO,SNG,TRUE
GAGTCATGTTTCGCTC,PBMC-06-1,PSO14,PSO,DBL,FALSE
GAGTCATTCACCATGA,PBMC-06-1,PSA13,PSA,SNG,TRUE
GAGTCATTCACTGCTC,PBMC-06-1,PSA13,PSA,SNG,TRUE
GAGTCATTCCCAACTC,PBMC-06-1,PSA04,PSA,SNG,TRUE
GAGTCATTCCTATGGA,PBMC-06-1,PSA14,PSA,SNG,TRUE
GAGTCATTCGAAGAAT,PBMC-06-1,PSA04,PSA,SNG,TRUE
GAGTCATTCGACCTAA,PBMC-06-1,PSX01,PSX,SNG,TRUE
GAGTCTAAGACTCCGC,PBMC-06-1,PSA07,PSA,SNG,FALSE
GAGTCTAAGATGGGCT,PBMC-06-1,PSX01,PSX,SNG,TRUE
GAGTCTAAGCCTCACG,PBMC-06-1,PSA13,PSA,SNG,TRUE
GAGTCTACAATAACCC,PBMC-06-1,PSO13,PSO,SNG,TRUE
GAGTCTACATCCGAGC,PBMC-06-1,PSO16,PSO,SNG,TRUE
GAGTCTAGTAAGTCAA,PBMC-06-1,PSA12,PSA,SNG,TRUE
GAGTCTAGTAGTCGTT,PBMC-06-1,PSA04,PSA,SNG,TRUE
GAGTCTAGTATACCCA,PBMC-06-1,PSO11,PSO,SNG,TRUE
GAGTCTATCGACGCGT,PBMC-06-1,PSA02,PSA,SNG,TRUE
GAGTGAGAGAACGCGT,PBMC-06-1,PSA06,PSA,SNG,TRUE
GAGTGAGAGCGACTAG,PBMC-06-1,PSO16,PSO,SNG,TRUE
GAGTGAGAGTAGGATT,PBMC-06-1,PSX04,PSX,SNG,TRUE
GAGTGAGAGTTGGCTT,PBMC-06-1,PSA02,PSA,SNG,TRUE
GAGTGAGCAACACTAC,PBMC-06-1,PSA16,PSA,SNG,TRUE
GAGTGAGCAACCAATC,PBMC-06-1,PSA16,PSA,DBL,FALSE
GAGTGAGCAAGAGGCT,PBMC-06-1,PSA05,PSA,SNG,TRUE
GAGTGAGCAAGGTCTT,PBMC-06-1,PSA07,PSA,SNG,TRUE
GAGTGAGCACGCCAGT,PBMC-06-1,PSO12,PSO,SNG,TRUE
GAGTGAGCAGTAGGAC,PBMC-06-1,PSA06,PSA,SNG,TRUE
GAGTGAGCATCATTTC,PBMC-06-1,PSO15,PSO,SNG,TRUE
GAGTGAGGTACAGAAT,PBMC-06-1,PSA05,PSA,SNG,TRUE
GAGTGAGGTAGGTCAG,PBMC-06-1,PSA17,PSA,SNG,TRUE
GAGTGAGGTCTCGCGA,PBMC-06-1,PSX04,PSX,DBL,FALSE
GAGTGAGGTGTCCATA,PBMC-06-1,PSX01,PSX,DBL,FALSE
GAGTGAGGTTAAACAG,PBMC-06-1,PSO12,PSO,SNG,TRUE
GAGTGAGGTTATGTCG,PBMC-06-1,PSA16,PSA,SNG,TRUE
GAGTGAGTCAACACGT,PBMC-06-1,PSA12,PSA,SNG,TRUE
GAGTGAGTCTACTATC,PBMC-06-1,PSA02,PSA,SNG,TRUE
GAGTGAGTCTGTGCTC,PBMC-06-1,PSA07,PSA,SNG,TRUE
GAGTGTTAGCTGAGCA,PBMC-06-1,PSX01,PSX,SNG,TRUE
GAGTGTTAGGGTGAAA,PBMC-06-1,PSO14,PSO,DBL,FALSE
GAGTGTTAGGTCCTGC,PBMC-06-1,PSO16,PSO,SNG,TRUE
GAGTGTTAGTCTGGAG,PBMC-06-1,PSA13,PSA,SNG,TRUE
GAGTGTTAGTGTACAA,PBMC-06-1,PSA05,PSA,SNG,TRUE
GAGTGTTCAAGATGGC,PBMC-06-1,PSA14,PSA,SNG,TRUE
GAGTGTTCAAGTATAG,PBMC-06-1,PSA04,PSA,SNG,TRUE
GAGTGTTCACGGCGTT,PBMC-06-1,PSA02,PSA,SNG,TRUE
GAGTGTTCAGAAGCGT,PBMC-06-1,PSA12,PSA,AMB,FALSE
GAGTGTTGTGCCGAAA,PBMC-06-1,PSA03,PSA,SNG,TRUE
GAGTGTTGTGTAACGG,PBMC-06-1,PSA12,PSA,DBL,FALSE
GAGTGTTGTTGGGTAG,PBMC-06-1,PSO15,PSO,SNG,FALSE
GAGTGTTGTTGTTTGG,PBMC-06-1,PSX01,PSX,SNG,FALSE
GAGTGTTTCCCGTGTT,PBMC-06-1,PSO11,PSO,DBL,FALSE
GAGTGTTTCTCAGTCC,PBMC-06-1,PSO15,PSO,SNG,TRUE
GAGTTACAGAATTGTG,PBMC-06-1,PSO15,PSO,SNG,TRUE
GAGTTACAGAGAGTGA,PBMC-06-1,PSA17,PSA,SNG,TRUE
GAGTTACAGCACTGGA,PBMC-06-1,PSO11,PSO,SNG,TRUE
GAGTTACAGCTAATGA,PBMC-06-1,PSA14,PSA,SNG,TRUE
GAGTTACAGTGCCCGT,PBMC-06-1,PSX01,PSX,SNG,TRUE
GAGTTACAGTGTGTTC,PBMC-06-1,PSA15,PSA,SNG,TRUE
GAGTTACCAAACTCGT,PBMC-06-1,PSA07,PSA,SNG,TRUE
GAGTTACCAAGGATGC,PBMC-06-1,PSA06,PSA,SNG,TRUE
GAGTTACCAAGGCCTC,PBMC-06-1,PSA03,PSA,SNG,TRUE
GAGTTACCAAGTCCAT,PBMC-06-1,PSO15,PSO,SNG,TRUE
GAGTTACCACACACTA,PBMC-06-1,PSO15,PSO,SNG,TRUE
GAGTTACCACCCGTAG,PBMC-06-1,PSA05,PSA,AMB,FALSE
GAGTTACCAGTAGTGG,PBMC-06-1,PSA07,PSA,SNG,TRUE
GAGTTACCATAGAAAC,PBMC-06-1,PSA16,PSA,SNG,FALSE
GAGTTACCATTCGATG,PBMC-06-1,PSO15,PSO,SNG,FALSE
GAGTTACGTATCTCTT,PBMC-06-1,PSA07,PSA,SNG,FALSE
GAGTTACGTCGAACAG,PBMC-06-1,PSA02,PSA,SNG,TRUE
GAGTTACGTCGGCTAC,PBMC-06-1,PSA07,PSA,SNG,TRUE
GAGTTACGTCTAACGT,PBMC-06-1,PSX01,PSX,SNG,TRUE
GAGTTACGTTCTGAGT,PBMC-06-1,PSO12,PSO,SNG,TRUE
GAGTTACTCATTGCCC,PBMC-06-1,PSA17,PSA,SNG,TRUE
GAGTTACTCCGGCAGT,PBMC-06-1,PSA14,PSA,DBL,FALSE
GAGTTACTCCGGTAAT,PBMC-06-1,PSA05,PSA,SNG,TRUE
GAGTTACTCGATCCAA,PBMC-06-1,PSA05,PSA,SNG,FALSE
GAGTTACTCGGACTTA,PBMC-06-1,PSA14,PSA,SNG,TRUE
GAGTTACTCTCTAAGG,PBMC-06-1,PSA14,PSA,SNG,TRUE
GAGTTACTCTTGTTAC,PBMC-06-1,PSA05,PSA,SNG,TRUE
GAGTTGTAGAACTCCT,PBMC-06-1,PSO13,PSO,DBL,FALSE
GAGTTGTAGACCTGGA,PBMC-06-1,PSA03,PSA,SNG,TRUE
GAGTTGTAGCACGGAT,PBMC-06-1,PSA13,PSA,SNG,TRUE
GAGTTGTAGGACGCTA,PBMC-06-1,PSA04,PSA,SNG,TRUE
GAGTTGTAGGCACGAT,PBMC-06-1,PSA07,PSA,SNG,TRUE
GAGTTGTAGGTGCAGT,PBMC-06-1,PSA14,PSA,SNG,TRUE
GAGTTGTAGTTTGCTG,PBMC-06-1,PSO15,PSO,SNG,TRUE
GAGTTGTCAATACAGA,PBMC-06-1,PSO12,PSO,SNG,TRUE
GAGTTGTCAGAAGCTG,PBMC-06-1,PSA03,PSA,SNG,TRUE
GAGTTGTGTCGAACGA,PBMC-06-1,PSX01,PSX,AMB,FALSE
GAGTTGTGTTCCACAA,PBMC-06-1,PSX04,PSX,SNG,TRUE
GAGTTGTGTTCCTTGC,PBMC-06-1,PSA03,PSA,SNG,TRUE
GAGTTGTTCAAACCCA,PBMC-06-1,PSA15,PSA,SNG,TRUE
GAGTTGTTCAGTCATG,PBMC-06-1,PSX01,PSX,SNG,TRUE
GAGTTGTTCCGATAGT,PBMC-06-1,PSA17,PSA,SNG,TRUE
GAGTTGTTCCTAAGTG,PBMC-06-1,PSA02,PSA,SNG,TRUE
GAGTTGTTCTGTTCAT,PBMC-06-1,PSA06,PSA,AMB,FALSE
GAGTTTGAGCACCTGC,PBMC-06-1,PSA13,PSA,SNG,TRUE
GAGTTTGAGGATACCG,PBMC-06-1,PSO12,PSO,DBL,FALSE
GAGTTTGAGGCCCAAA,PBMC-06-1,PSA07,PSA,SNG,TRUE
GAGTTTGAGGTTCTTG,PBMC-06-1,PSA14,PSA,SNG,TRUE
GAGTTTGCAATTGCTG,PBMC-06-1,PSA06,PSA,SNG,TRUE
GAGTTTGCAATTTCCT,PBMC-06-1,PSA07,PSA,SNG,FALSE
GAGTTTGCAGAAGCGT,PBMC-06-1,PSO15,PSO,AMB,FALSE
GAGTTTGCAGGCGAAT,PBMC-06-1,PSX04,PSX,DBL,FALSE
GAGTTTGGTGCGTTTA,PBMC-06-1,PSA17,PSA,SNG,TRUE
GAGTTTGGTGGGACAT,PBMC-06-1,PSA14,PSA,SNG,TRUE
GAGTTTGGTTAAGGGC,PBMC-06-1,PSA16,PSA,SNG,TRUE
GAGTTTGGTTCCGCGA,PBMC-06-1,PSA03,PSA,SNG,FALSE
GAGTTTGGTTGTTGCA,PBMC-06-1,PSA03,PSA,SNG,TRUE
GAGTTTGGTTTACTTC,PBMC-06-1,PSX01,PSX,SNG,TRUE
GAGTTTGTCAATCAGC,PBMC-06-1,PSA06,PSA,SNG,TRUE
GAGTTTGTCCCTCATG,PBMC-06-1,PSO15,PSO,SNG,TRUE
GAGTTTGTCGGTAGAG,PBMC-06-1,PSA04,PSA,SNG,TRUE
GATAGAAAGAAGCTCG,PBMC-06-1,PSO15,PSO,SNG,FALSE
GATAGAAAGAAGCTGC,PBMC-06-1,PSA02,PSA,SNG,FALSE
GATAGAAAGACCTCAT,PBMC-06-1,PSX01,PSX,DBL,FALSE
GATAGAAAGACGAGCT,PBMC-06-1,PSA13,PSA,DBL,FALSE
GATAGAAAGCAGAAAG,PBMC-06-1,PSO14,PSO,DBL,FALSE
GATAGAAAGCCGATTT,PBMC-06-1,PSA14,PSA,SNG,TRUE
GATAGAAAGCTACAAA,PBMC-06-1,PSA02,PSA,SNG,TRUE
GATAGAAAGGCTATCT,PBMC-06-1,PSA17,PSA,SNG,TRUE
GATAGAAAGGTGCTTT,PBMC-06-1,PSA14,PSA,SNG,TRUE
GATAGAAAGTGCAGGT,PBMC-06-1,PSA02,PSA,SNG,TRUE
GATAGAACAAATACAG,PBMC-06-1,PSA12,PSA,SNG,FALSE
GATAGAACAAATTGGA,PBMC-06-1,PSA15,PSA,SNG,FALSE
GATAGAACAATCGTCA,PBMC-06-1,PSX01,PSX,SNG,TRUE
GATAGAACAATTGCCA,PBMC-06-1,PSX01,PSX,SNG,TRUE
GATAGAACAGCGGATA,PBMC-06-1,PSA12,PSA,SNG,TRUE
GATAGAACAGCGTACC,PBMC-06-1,PSO14,PSO,DBL,FALSE
GATAGAACATGGGTCC,PBMC-06-1,PSA04,PSA,SNG,TRUE
GATAGAAGTACACGCC,PBMC-06-1,PSA13,PSA,SNG,FALSE
GATAGAAGTACTTCCC,PBMC-06-1,PSA14,PSA,SNG,FALSE
GATAGAAGTATCGTTG,PBMC-06-1,PSA04,PSA,SNG,TRUE
GATAGAAGTGGTCAAG,PBMC-06-1,PSA16,PSA,SNG,TRUE
GATAGAATCACCGGTG,PBMC-06-1,PSA13,PSA,SNG,TRUE
GATAGAATCATCAGTG,PBMC-06-1,PSA02,PSA,SNG,TRUE
GATAGAATCCACGAAT,PBMC-06-1,PSA14,PSA,SNG,TRUE
GATAGAATCCTTGGAA,PBMC-06-1,PSO12,PSO,DBL,FALSE
GATAGAATCGCGATCG,PBMC-06-1,PSA06,PSA,SNG,TRUE
GATAGAATCTACCAGA,PBMC-06-1,PSA14,PSA,SNG,TRUE
GATAGAATCTGAGCAT,PBMC-06-1,PSX04,PSX,DBL,FALSE
GATAGCTAGATTGCGG,PBMC-06-1,PSO12,PSO,SNG,TRUE
GATAGCTAGGTTAGTA,PBMC-06-1,PSA14,PSA,DBL,FALSE
GATAGCTCAAGAGTAT,PBMC-06-1,PSA05,PSA,SNG,TRUE
GATAGCTCACTTTAGG,PBMC-06-1,PSA05,PSA,AMB,FALSE
GATAGCTGTCCGGTGT,PBMC-06-1,PSA15,PSA,SNG,TRUE
GATAGCTGTGAGTAAT,PBMC-06-1,PSX04,PSX,SNG,TRUE
GATAGCTGTGGTATGG,PBMC-06-1,PSX01,PSX,SNG,TRUE
GATAGCTGTGTCTCCT,PBMC-06-1,PSO15,PSO,SNG,FALSE
GATAGCTGTGTTGCCG,PBMC-06-1,PSA04,PSA,SNG,TRUE
GATAGCTGTTGCAAGG,PBMC-06-1,PSA03,PSA,SNG,TRUE
GATAGCTTCAACCCGG,PBMC-06-1,PSA07,PSA,SNG,TRUE
GATAGCTTCGGCCAAC,PBMC-06-1,PSA07,PSA,SNG,TRUE
GATAGCTTCTAGAGCT,PBMC-06-1,PSA14,PSA,SNG,TRUE
GATCACAAGACCGTTT,PBMC-06-1,PSA17,PSA,DBL,FALSE
GATCACAAGACGACTG,PBMC-06-1,PSA02,PSA,SNG,TRUE
GATCACAAGAGTAACT,PBMC-06-1,PSA05,PSA,SNG,TRUE
GATCACAAGCCTGCCA,PBMC-06-1,PSA05,PSA,SNG,TRUE
GATCACAAGGAGTATT,PBMC-06-1,PSX01,PSX,SNG,TRUE
GATCACAAGGGAGATA,PBMC-06-1,PSA14,PSA,SNG,TRUE
GATCACAAGGTGCATG,PBMC-06-1,PSX01,PSX,DBL,FALSE
GATCACAAGGTTGAGC,PBMC-06-1,PSA05,PSA,SNG,FALSE
GATCACAAGGTTTACC,PBMC-06-1,PSA04,PSA,AMB,FALSE
GATCACAAGTACAGAT,PBMC-06-1,PSA02,PSA,SNG,TRUE
GATCACAAGTTGCTCA,PBMC-06-1,PSA16,PSA,SNG,TRUE
GATCACACAAACACGG,PBMC-06-1,PSA14,PSA,SNG,TRUE
GATCACACAACCAATC,PBMC-06-1,PSO15,PSO,DBL,FALSE
GATCACACAACTACGT,PBMC-06-1,PSA07,PSA,DBL,FALSE
GATCACACAAGTTCCA,PBMC-06-1,PSO12,PSO,SNG,TRUE
GATCACACACAATCTG,PBMC-06-1,PSA07,PSA,SNG,TRUE
GATCACACACCAGCGT,PBMC-06-1,PSA15,PSA,SNG,TRUE
GATCACACACCCAACG,PBMC-06-1,PSA15,PSA,SNG,TRUE
GATCACACACCGCTGA,PBMC-06-1,PSA03,PSA,SNG,TRUE
GATCACACACCTAAAC,PBMC-06-1,PSA12,PSA,SNG,TRUE
GATCACACAGGCTTGC,PBMC-06-1,PSO14,PSO,SNG,TRUE
GATCACACATGACCCG,PBMC-06-1,PSA15,PSA,SNG,TRUE
GATCACACATGTTCGA,PBMC-06-1,PSX04,PSX,SNG,TRUE
GATCACAGTAACACCT,PBMC-06-1,PSX04,PSX,SNG,TRUE
GATCACAGTACCACGC,PBMC-06-1,PSA12,PSA,SNG,TRUE
GATCACAGTAGGCTGA,PBMC-06-1,PSA16,PSA,SNG,TRUE
GATCACAGTATAGGAT,PBMC-06-1,PSX04,PSX,SNG,TRUE
GATCACAGTCACTCAA,PBMC-06-1,PSA05,PSA,SNG,TRUE
GATCACAGTGACAACG,PBMC-06-1,PSA05,PSA,SNG,TRUE
GATCACATCAGAGCGA,PBMC-06-1,PSA07,PSA,SNG,TRUE
GATCACATCAGGAAAT,PBMC-06-1,PSA17,PSA,SNG,TRUE
GATCACATCATCGCTC,PBMC-06-1,PSA07,PSA,SNG,TRUE
GATCACATCGTGCACG,PBMC-06-1,PSA15,PSA,SNG,TRUE
GATCAGTAGGCCTGCT,PBMC-06-1,PSO12,PSO,SNG,TRUE
GATCAGTCAAACCGGA,PBMC-06-1,PSO12,PSO,SNG,FALSE
GATCAGTCACCACATA,PBMC-06-1,PSA14,PSA,SNG,TRUE
GATCAGTCAGCTAACT,PBMC-06-1,PSA15,PSA,SNG,TRUE
GATCAGTCAGGTGTGA,PBMC-06-1,PSA17,PSA,SNG,TRUE
GATCAGTCATCGTCCT,PBMC-06-1,PSO14,PSO,SNG,TRUE
GATCAGTCATGTGTCA,PBMC-06-1,PSA02,PSA,SNG,TRUE
GATCAGTGTAGCGCCT,PBMC-06-1,PSA02,PSA,SNG,TRUE
GATCAGTGTCCATCTC,PBMC-06-1,PSX04,PSX,SNG,FALSE
GATCAGTGTGAGCGAT,PBMC-06-1,PSX01,PSX,DBL,FALSE
GATCAGTGTTGTGGCC,PBMC-06-1,PSA07,PSA,SNG,TRUE
GATCAGTGTTTGGCTA,PBMC-06-1,PSA17,PSA,SNG,TRUE
GATCAGTTCACCTTAT,PBMC-06-1,PSA14,PSA,SNG,TRUE
GATCAGTTCCCAGTGG,PBMC-06-1,PSX01,PSX,SNG,TRUE
GATCAGTTCCGATGTA,PBMC-06-1,PSA15,PSA,SNG,TRUE
GATCAGTTCCTAGCTC,PBMC-06-1,PSA05,PSA,SNG,TRUE
GATCAGTTCGTGCACG,PBMC-06-1,PSA03,PSA,SNG,TRUE
GATCAGTTCGTGGCTG,PBMC-06-1,PSO15,PSO,SNG,TRUE
GATCAGTTCTCGCTCA,PBMC-06-1,PSA13,PSA,SNG,TRUE
GATCATGAGAATGTTG,PBMC-06-1,PSA17,PSA,SNG,TRUE
GATCATGAGAGCATCG,PBMC-06-1,PSO11,PSO,SNG,FALSE
GATCATGAGCGAGTCA,PBMC-06-1,PSA07,PSA,SNG,TRUE
GATCATGAGTGCCGAA,PBMC-06-1,PSA17,PSA,SNG,TRUE
GATCATGAGTTCACTG,PBMC-06-1,PSO14,PSO,AMB,FALSE
GATCATGAGTTGGGAC,PBMC-06-1,PSA17,PSA,SNG,TRUE
GATCATGCAACCTATG,PBMC-06-1,PSA07,PSA,DBL,FALSE
GATCATGCAACGTATC,PBMC-06-1,PSX01,PSX,SNG,TRUE
GATCATGCAACGTTAC,PBMC-06-1,PSA07,PSA,SNG,TRUE
GATCATGCAAGTGATA,PBMC-06-1,PSA02,PSA,SNG,TRUE
GATCATGCAATTGCAC,PBMC-06-1,PSA17,PSA,SNG,TRUE
GATCATGCACATAACC,PBMC-06-1,PSA07,PSA,SNG,FALSE
GATCATGCACGTACAT,PBMC-06-1,PSA17,PSA,SNG,TRUE
GATCATGCAGAAATCA,PBMC-06-1,PSA12,PSA,SNG,TRUE
GATCATGCAGTCTCTC,PBMC-06-1,PSX01,PSX,SNG,TRUE
GATCATGGTACAGGTG,PBMC-06-1,PSO11,PSO,SNG,TRUE
GATCATGGTAGACAGC,PBMC-06-1,PSO12,PSO,SNG,FALSE
GATCATGGTAGCTGTT,PBMC-06-1,PSX01,PSX,SNG,FALSE
GATCATGGTCATACCA,PBMC-06-1,PSA12,PSA,SNG,TRUE
GATCATGGTCGTGCCA,PBMC-06-1,PSA15,PSA,SNG,TRUE
GATCATGGTGGTAACG,PBMC-06-1,PSA02,PSA,SNG,TRUE
GATCATGTCCTCTGCA,PBMC-06-1,PSA14,PSA,SNG,TRUE
GATCATGTCGTGCTCT,PBMC-06-1,PSO12,PSO,SNG,TRUE
GATCATGTCTCTAAGG,PBMC-06-1,PSA14,PSA,DBL,FALSE
GATCCCTAGAGTAACT,PBMC-06-1,PSA02,PSA,SNG,TRUE
GATCCCTAGATCCCAT,PBMC-06-1,PSO15,PSO,SNG,TRUE
GATCCCTAGCAGCAGT,PBMC-06-1,PSA06,PSA,SNG,TRUE
GATCCCTAGCGCGTTC,PBMC-06-1,PSA14,PSA,SNG,TRUE
GATCCCTAGCGGTAGT,PBMC-06-1,PSA15,PSA,SNG,TRUE
GATCCCTAGCGGTATG,PBMC-06-1,PSO15,PSO,SNG,TRUE
GATCCCTAGTTTGAGA,PBMC-06-1,PSA17,PSA,SNG,TRUE
GATCCCTCAAACGAGC,PBMC-06-1,PSA16,PSA,SNG,TRUE
GATCCCTCAACAGAGC,PBMC-06-1,PSA04,PSA,SNG,TRUE
GATCCCTCAACCCTCT,PBMC-06-1,PSA16,PSA,SNG,TRUE
GATCCCTCACACGGAA,PBMC-06-1,PSA17,PSA,SNG,TRUE
GATCCCTCAGCTTTCC,PBMC-06-1,PSO13,PSO,SNG,TRUE
GATCCCTCAGGTCAGA,PBMC-06-1,PSA12,PSA,SNG,FALSE
GATCCCTCATGAATCC,PBMC-06-1,PSX04,PSX,SNG,TRUE
GATCCCTGTAGAGCTG,PBMC-06-1,PSX01,PSX,SNG,TRUE
GATCCCTGTATGCTTG,PBMC-06-1,PSA14,PSA,SNG,TRUE
GATCCCTGTCCATACA,PBMC-06-1,PSA06,PSA,SNG,FALSE
GATCCCTGTCTTCTAT,PBMC-06-1,PSA04,PSA,SNG,TRUE
GATCCCTGTGCCTGCA,PBMC-06-1,PSX04,PSX,SNG,FALSE
GATCCCTGTGTCATTG,PBMC-06-1,PSA17,PSA,DBL,FALSE
GATCCCTGTGTTCAGT,PBMC-06-1,PSA17,PSA,SNG,TRUE
GATCCCTTCGTTGCCT,PBMC-06-1,PSA03,PSA,AMB,FALSE
GATCGTAAGAGGATCC,PBMC-06-1,PSX01,PSX,SNG,TRUE
GATCGTAAGCAGGCAT,PBMC-06-1,PSA13,PSA,SNG,TRUE
GATCGTAAGCTCCACG,PBMC-06-1,PSX01,PSX,SNG,TRUE
GATCGTAAGGTAATCA,PBMC-06-1,PSA02,PSA,SNG,TRUE
GATCGTACAAACCGGA,PBMC-06-1,PSA14,PSA,SNG,FALSE
GATCGTACAAGACTGG,PBMC-06-1,PSO15,PSO,SNG,TRUE
GATCGTACAAGCCATT,PBMC-06-1,PSA14,PSA,SNG,FALSE
GATCGTACAATGTCTG,PBMC-06-1,PSA04,PSA,SNG,TRUE
GATCGTACACCCTATC,PBMC-06-1,PSO14,PSO,SNG,FALSE
GATCGTACATATACCG,PBMC-06-1,PSA05,PSA,SNG,TRUE
GATCGTACATGAGGGT,PBMC-06-1,PSO13,PSO,SNG,TRUE
GATCGTAGTATACAGA,PBMC-06-1,PSO12,PSO,SNG,TRUE
GATCGTAGTATCACGT,PBMC-06-1,PSA14,PSA,SNG,TRUE
GATCGTAGTATCGAAA,PBMC-06-1,PSA13,PSA,SNG,FALSE
GATCGTAGTGGTTCTA,PBMC-06-1,PSA05,PSA,SNG,FALSE
GATCGTAGTTCCCAAA,PBMC-06-1,PSA05,PSA,DBL,FALSE
GATCGTATCATAGAGA,PBMC-06-1,PSA12,PSA,SNG,TRUE
GATCGTATCCCATTCG,PBMC-06-1,PSO14,PSO,SNG,TRUE
GATCGTATCCCGATCT,PBMC-06-1,PSA14,PSA,SNG,TRUE
GATCGTATCCTTTGAT,PBMC-06-1,PSA12,PSA,SNG,TRUE
GATCGTATCTAGCAAC,PBMC-06-1,PSA16,PSA,SNG,TRUE
GATGACTAGAGCGACT,PBMC-06-1,PSA07,PSA,SNG,TRUE
GATGACTAGAGTCAAT,PBMC-06-1,PSX01,PSX,SNG,FALSE
GATGACTAGCAATTCC,PBMC-06-1,PSA15,PSA,SNG,TRUE
GATGACTAGGAGATAG,PBMC-06-1,PSA07,PSA,DBL,FALSE
GATGACTAGTAGCATA,PBMC-06-1,PSX01,PSX,SNG,TRUE
GATGACTAGTAGTCTC,PBMC-06-1,PSX01,PSX,SNG,FALSE
GATGACTAGTATGATG,PBMC-06-1,PSO15,PSO,SNG,TRUE
GATGACTCACCAGCTG,PBMC-06-1,PSA03,PSA,DBL,FALSE
GATGACTCAGGAGGAG,PBMC-06-1,PSA02,PSA,SNG,TRUE
GATGACTCAGGTTTAC,PBMC-06-1,PSA07,PSA,DBL,FALSE
GATGACTGTACATTGC,PBMC-06-1,PSA07,PSA,SNG,TRUE
GATGACTGTACGTGAG,PBMC-06-1,PSX01,PSX,SNG,TRUE
GATGACTGTAGTCGGA,PBMC-06-1,PSA04,PSA,SNG,TRUE
GATGACTGTCGCTTAA,PBMC-06-1,PSA17,PSA,DBL,FALSE
GATGACTGTGCCAAGA,PBMC-06-1,PSA04,PSA,SNG,TRUE
GATGACTGTGTATTCG,PBMC-06-1,PSX04,PSX,DBL,FALSE
GATGACTGTTCAAAGA,PBMC-06-1,PSO13,PSO,AMB,FALSE
GATGACTGTTTCCCAC,PBMC-06-1,PSX01,PSX,SNG,TRUE
GATGACTTCCCTTGTG,PBMC-06-1,PSA07,PSA,DBL,FALSE
GATGAGGAGAGAGAAC,PBMC-06-1,PSO15,PSO,SNG,TRUE
GATGAGGAGCTCCACG,PBMC-06-1,PSA16,PSA,DBL,FALSE
GATGAGGAGGCTAACG,PBMC-06-1,PSO14,PSO,SNG,TRUE
GATGAGGAGGTCGAGT,PBMC-06-1,PSA17,PSA,SNG,TRUE
GATGAGGAGGTTTACC,PBMC-06-1,PSA05,PSA,AMB,FALSE
GATGAGGAGTAAACGT,PBMC-06-1,PSA14,PSA,SNG,TRUE
GATGAGGCAAAGACGC,PBMC-06-1,PSO15,PSO,DBL,FALSE
GATGAGGCAAGATTGA,PBMC-06-1,PSA02,PSA,SNG,TRUE
GATGAGGCACCCAACG,PBMC-06-1,PSX01,PSX,SNG,TRUE
GATGAGGCAGTCAGAG,PBMC-06-1,PSA14,PSA,DBL,FALSE
GATGAGGCATGTTCAG,PBMC-06-1,PSA16,PSA,SNG,TRUE
GATGAGGGTACTAACC,PBMC-06-1,PSA07,PSA,SNG,TRUE
GATGAGGGTCTTCGAA,PBMC-06-1,PSA12,PSA,DBL,FALSE
GATGAGGGTCTTGCTC,PBMC-06-1,PSX04,PSX,SNG,TRUE
GATGAGGTCAGCTAGT,PBMC-06-1,PSA12,PSA,DBL,FALSE
GATGAGGTCCATTTCA,PBMC-06-1,PSO15,PSO,SNG,TRUE
GATGAGGTCTCATTTG,PBMC-06-1,PSO11,PSO,SNG,TRUE
GATGAGGTCTCGTTTA,PBMC-06-1,PSA06,PSA,SNG,TRUE
GATGATCAGCCTAGGA,PBMC-06-1,PSA02,PSA,SNG,TRUE
GATGATCAGTGCACAG,PBMC-06-1,PSA16,PSA,SNG,TRUE
GATGATCCACAATGTC,PBMC-06-1,PSA02,PSA,SNG,FALSE
GATGATCCACGTGAGA,PBMC-06-1,PSA12,PSA,SNG,TRUE
GATGATCCACTAACCA,PBMC-06-1,PSA04,PSA,SNG,TRUE
GATGATCCAGTTCTAG,PBMC-06-1,PSA15,PSA,SNG,TRUE
GATGATCCATCAGTCA,PBMC-06-1,PSO12,PSO,DBL,FALSE
GATGATCCATGACTCA,PBMC-06-1,PSA14,PSA,SNG,TRUE
GATGATCGTACCTAGT,PBMC-06-1,PSX01,PSX,SNG,TRUE
GATGATCGTCTGTAGT,PBMC-06-1,PSA02,PSA,SNG,TRUE
GATGATCGTGACAACG,PBMC-06-1,PSA14,PSA,SNG,TRUE
GATGATCGTGGACAGT,PBMC-06-1,PSO12,PSO,SNG,TRUE
GATGATCTCACAACCA,PBMC-06-1,PSA03,PSA,SNG,TRUE
GATGATCTCAGAACCT,PBMC-06-1,PSA13,PSA,SNG,TRUE
GATGATCTCCCTCATG,PBMC-06-1,PSA06,PSA,SNG,FALSE
GATGATCTCCGTGTGG,PBMC-06-1,PSO15,PSO,SNG,TRUE
GATGATCTCGCTGTCT,PBMC-06-1,PSO15,PSO,SNG,TRUE
GATGCTAAGCCGATAG,PBMC-06-1,PSX04,PSX,SNG,TRUE
GATGCTAAGCGTTACT,PBMC-06-1,PSA12,PSA,AMB,FALSE
GATGCTAAGGGAGATA,PBMC-06-1,PSA04,PSA,SNG,TRUE
GATGCTAAGTATGACA,PBMC-06-1,PSA05,PSA,SNG,FALSE
GATGCTAAGTTGCGCC,PBMC-06-1,PSA13,PSA,SNG,TRUE
GATGCTACAAACACCT,PBMC-06-1,PSA12,PSA,SNG,TRUE
GATGCTACAACGGCCT,PBMC-06-1,PSA07,PSA,SNG,TRUE
GATGCTACAAGTCATC,PBMC-06-1,PSO12,PSO,SNG,TRUE
GATGCTACACAAGTTC,PBMC-06-1,PSO15,PSO,SNG,TRUE
GATGCTACATCCTTCG,PBMC-06-1,PSA15,PSA,DBL,FALSE
GATGCTAGTACGGTTT,PBMC-06-1,PSA12,PSA,DBL,FALSE
GATGCTAGTAGGTTTC,PBMC-06-1,PSA14,PSA,SNG,TRUE
GATGCTAGTCAAGGCA,PBMC-06-1,PSA05,PSA,SNG,TRUE
GATGCTAGTGCAACAG,PBMC-06-1,PSA03,PSA,SNG,TRUE
GATGCTAGTTCGGTAT,PBMC-06-1,PSO15,PSO,SNG,FALSE
GATGCTATCCGAGAAG,PBMC-06-1,PSA13,PSA,SNG,TRUE
GATGCTATCCGGCAGT,PBMC-06-1,PSA06,PSA,SNG,TRUE
GATGCTATCCTAAACG,PBMC-06-1,PSA04,PSA,DBL,FALSE
GATGCTATCTCAGGCG,PBMC-06-1,PSX04,PSX,SNG,FALSE
GATGGAGAGACAGTCG,PBMC-06-1,PSA07,PSA,SNG,TRUE
GATGGAGAGCAATTCC,PBMC-06-1,PSA16,PSA,SNG,FALSE
GATGGAGAGCCGCACT,PBMC-06-1,PSX04,PSX,SNG,TRUE
GATGGAGAGCCTTCTC,PBMC-06-1,PSA07,PSA,SNG,FALSE
GATGGAGAGCTGACTT,PBMC-06-1,PSO11,PSO,DBL,FALSE
GATGGAGAGGACAGCT,PBMC-06-1,PSO11,PSO,SNG,TRUE
GATGGAGCAGGTATGG,PBMC-06-1,PSA13,PSA,SNG,TRUE
GATGGAGCATCGGCCA,PBMC-06-1,PSO12,PSO,SNG,TRUE
GATGGAGGTAAGATTG,PBMC-06-1,PSX01,PSX,SNG,TRUE
GATGGAGGTACCACGC,PBMC-06-1,PSA12,PSA,SNG,TRUE
GATGGAGGTACTAGCT,PBMC-06-1,PSA14,PSA,SNG,TRUE
GATGGAGGTACTCGCG,PBMC-06-1,PSX01,PSX,SNG,TRUE
GATGGAGGTCATCAGT,PBMC-06-1,PSA02,PSA,DBL,FALSE
GATGGAGGTCGCCACA,PBMC-06-1,PSA06,PSA,SNG,TRUE
GATGGAGGTGGGATTG,PBMC-06-1,PSO11,PSO,SNG,TRUE
GATGGAGGTGGTAACG,PBMC-06-1,PSO12,PSO,DBL,FALSE
GATGGAGTCAACCTCC,PBMC-06-1,PSA12,PSA,SNG,TRUE
GATGGAGTCCACTTCG,PBMC-06-1,PSX04,PSX,DBL,FALSE
GATGGAGTCGGAATGG,PBMC-06-1,PSA12,PSA,SNG,TRUE
GATGGAGTCTCTGAGA,PBMC-06-1,PSO12,PSO,SNG,TRUE
GATGGAGTCTGGCTGG,PBMC-06-1,PSA07,PSA,DBL,FALSE
GATGTTGAGACGGAAA,PBMC-06-1,PSA02,PSA,SNG,FALSE
GATGTTGAGACTACGG,PBMC-06-1,PSA02,PSA,SNG,TRUE
GATGTTGAGAGTAACT,PBMC-06-1,PSA16,PSA,SNG,TRUE
GATGTTGAGATTAGCA,PBMC-06-1,PSA07,PSA,DBL,FALSE
GATGTTGAGCATTGAA,PBMC-06-1,PSA03,PSA,SNG,TRUE
GATGTTGAGTCGTCTA,PBMC-06-1,PSX01,PSX,DBL,FALSE
GATGTTGAGTTGAAGT,PBMC-06-1,PSX01,PSX,SNG,FALSE
GATGTTGCACACACTA,PBMC-06-1,PSA02,PSA,SNG,TRUE
GATGTTGCATTGCTTT,PBMC-06-1,PSO15,PSO,SNG,TRUE
GATGTTGGTACAGCGA,PBMC-06-1,PSX01,PSX,SNG,TRUE
GATGTTGGTATGGTAA,PBMC-06-1,PSA15,PSA,SNG,TRUE
GATGTTGGTCCTTAAG,PBMC-06-1,PSA16,PSA,SNG,FALSE
GATGTTGGTGCAGTGA,PBMC-06-1,PSA04,PSA,SNG,TRUE
GATGTTGGTTCGGACC,PBMC-06-1,PSO14,PSO,SNG,TRUE
GATGTTGTCATACGGT,PBMC-06-1,PSA12,PSA,SNG,TRUE
GATGTTGTCCTCTAAT,PBMC-06-1,PSA02,PSA,SNG,FALSE
GATGTTGTCCTGTACC,PBMC-06-1,PSA16,PSA,SNG,TRUE
GATGTTGTCGTTCGCT,PBMC-06-1,PSO15,PSO,SNG,TRUE
GATTCGAAGACTTCGT,PBMC-06-1,PSO16,PSO,DBL,FALSE
GATTCGAAGCAAACAT,PBMC-06-1,PSA13,PSA,SNG,TRUE
GATTCGAAGCAGGCTA,PBMC-06-1,PSO14,PSO,SNG,TRUE
GATTCGAAGCATTTCG,PBMC-06-1,PSA02,PSA,SNG,FALSE
GATTCGAAGGTCGACA,PBMC-06-1,PSA15,PSA,DBL,FALSE
GATTCGACAAGACCTT,PBMC-06-1,PSX01,PSX,SNG,TRUE
GATTCGACACGCAAAG,PBMC-06-1,PSA05,PSA,SNG,TRUE
GATTCGACACGCAGTC,PBMC-06-1,PSO16,PSO,AMB,FALSE
GATTCGAGTCCTACAA,PBMC-06-1,PSA16,PSA,SNG,TRUE
GATTCGAGTGGCTAGA,PBMC-06-1,PSX01,PSX,DBL,FALSE
GATTCGAGTTCGGGTC,PBMC-06-1,PSA12,PSA,SNG,TRUE
GATTCGATCAACTGAC,PBMC-06-1,PSA04,PSA,DBL,FALSE
GATTCGATCAGACCCG,PBMC-06-1,PSA03,PSA,SNG,TRUE
GATTCGATCCGGCAGT,PBMC-06-1,PSO15,PSO,SNG,FALSE
GATTCGATCGCTATTT,PBMC-06-1,PSO15,PSO,SNG,TRUE
GATTCTTAGAAGTCTA,PBMC-06-1,PSA03,PSA,AMB,FALSE
GATTCTTAGCTGTTCA,PBMC-06-1,PSA03,PSA,SNG,TRUE
GATTCTTAGGCATCGA,PBMC-06-1,PSO14,PSO,DBL,FALSE
GATTCTTAGTAACGTA,PBMC-06-1,PSA06,PSA,SNG,TRUE
GATTCTTCAACCGCTG,PBMC-06-1,PSA06,PSA,SNG,TRUE
GATTCTTCACATATGC,PBMC-06-1,PSX01,PSX,DBL,FALSE
GATTCTTCACCATATG,PBMC-06-1,PSO14,PSO,SNG,FALSE
GATTCTTCAGCAGTTT,PBMC-06-1,PSO12,PSO,SNG,TRUE
GATTCTTCATACCATG,PBMC-06-1,PSA02,PSA,SNG,TRUE
GATTCTTGTACCGTGC,PBMC-06-1,PSA14,PSA,SNG,TRUE
GATTCTTGTCATCCCT,PBMC-06-1,PSA12,PSA,AMB,FALSE
GATTCTTGTCCTGTTC,PBMC-06-1,PSA17,PSA,SNG,TRUE
GATTCTTGTGATGTAA,PBMC-06-1,PSA14,PSA,SNG,TRUE
GATTCTTGTTCTCCTG,PBMC-06-1,PSA04,PSA,SNG,TRUE
GATTCTTTCCACGGAC,PBMC-06-1,PSA17,PSA,SNG,TRUE
GATTCTTTCCCAGTGG,PBMC-06-1,PSO15,PSO,SNG,TRUE
GATTGGTAGAATTGCA,PBMC-06-1,PSO16,PSO,DBL,FALSE
GATTGGTAGACCAGCA,PBMC-06-1,PSO12,PSO,SNG,TRUE
GATTGGTAGCAACTTC,PBMC-06-1,PSO15,PSO,DBL,FALSE
GATTGGTAGCCTAACT,PBMC-06-1,PSA15,PSA,SNG,TRUE
GATTGGTAGCTAATCC,PBMC-06-1,PSA04,PSA,DBL,FALSE
GATTGGTAGCTTAAGA,PBMC-06-1,PSA13,PSA,SNG,TRUE
GATTGGTAGGTTGAGC,PBMC-06-1,PSA17,PSA,DBL,FALSE
GATTGGTAGTCTCGTA,PBMC-06-1,PSA07,PSA,SNG,TRUE
GATTGGTAGTGATAAC,PBMC-06-1,PSA17,PSA,SNG,TRUE
GATTGGTCAACTGGTT,PBMC-06-1,PSO11,PSO,SNG,TRUE
GATTGGTCAAGGACAC,PBMC-06-1,PSO16,PSO,SNG,FALSE
GATTGGTCAATTGGTC,PBMC-06-1,PSO16,PSO,SNG,FALSE
GATTGGTCAATTGTGC,PBMC-06-1,PSA02,PSA,SNG,TRUE
GATTGGTCACGCAGTC,PBMC-06-1,PSA06,PSA,SNG,TRUE
GATTGGTCATCAACCA,PBMC-06-1,PSA16,PSA,SNG,TRUE
GATTGGTCATCGATAC,PBMC-06-1,PSX04,PSX,DBL,FALSE
GATTGGTCATCTTAGG,PBMC-06-1,PSA14,PSA,SNG,TRUE
GATTGGTCATGAGAAT,PBMC-06-1,PSA02,PSA,SNG,TRUE
GATTGGTGTCAGACTT,PBMC-06-1,PSA15,PSA,DBL,FALSE
GATTGGTGTCGGTACC,PBMC-06-1,PSA16,PSA,SNG,TRUE
GATTGGTGTCTCAGAT,PBMC-06-1,PSA17,PSA,SNG,TRUE
GATTGGTGTTAGGGTG,PBMC-06-1,PSA13,PSA,SNG,TRUE
GATTGGTGTTCTGACA,PBMC-06-1,PSA17,PSA,AMB,FALSE
GATTGGTGTTGGCTAT,PBMC-06-1,PSA15,PSA,SNG,FALSE
GATTGGTTCAACGCTA,PBMC-06-1,PSA15,PSA,SNG,TRUE
GATTGGTTCGAAGCCC,PBMC-06-1,PSA07,PSA,SNG,TRUE
GATTGGTTCTATGCCC,PBMC-06-1,PSO11,PSO,SNG,TRUE
GATTGGTTCTGAATGC,PBMC-06-1,PSA16,PSA,SNG,TRUE
GATTGGTTCTGCCTGT,PBMC-06-1,PSX01,PSX,SNG,TRUE
GATTGGTTCTGGTTGA,PBMC-06-1,PSA16,PSA,SNG,FALSE
GATTTCTAGCGCCCAT,PBMC-06-1,PSA14,PSA,SNG,TRUE
GATTTCTAGGTGATAT,PBMC-06-1,PSA07,PSA,SNG,TRUE
GATTTCTAGTGCGCTC,PBMC-06-1,PSA12,PSA,SNG,TRUE
GATTTCTCAAATTGGA,PBMC-06-1,PSA05,PSA,SNG,TRUE
GATTTCTCAATTGGTC,PBMC-06-1,PSA12,PSA,SNG,TRUE
GATTTCTCACATTGTG,PBMC-06-1,PSA02,PSA,SNG,TRUE
GATTTCTCACGACGAA,PBMC-06-1,PSO15,PSO,SNG,TRUE
GATTTCTCATACAGAA,PBMC-06-1,PSA16,PSA,SNG,TRUE
GATTTCTCATTAGGCT,PBMC-06-1,PSX01,PSX,DBL,FALSE
GATTTCTGTCCGTACG,PBMC-06-1,PSO16,PSO,SNG,TRUE
GATTTCTGTGCTCTCT,PBMC-06-1,PSA05,PSA,DBL,FALSE
GATTTCTGTGGGACAT,PBMC-06-1,PSO14,PSO,SNG,FALSE
GATTTCTGTGGTCCGT,PBMC-06-1,PSA16,PSA,SNG,TRUE
GATTTCTTCATATGGC,PBMC-06-1,PSO15,PSO,SNG,TRUE
GATTTCTTCATTACCT,PBMC-06-1,PSO15,PSO,SNG,TRUE
GATTTCTTCCGCTGTT,PBMC-06-1,PSX01,PSX,SNG,TRUE
GATTTCTTCTAGACAC,PBMC-06-1,PSO11,PSO,AMB,FALSE
GATTTCTTCTCCGTGT,PBMC-06-1,PSA13,PSA,AMB,FALSE
GATTTCTTCTGCATGA,PBMC-06-1,PSA17,PSA,SNG,TRUE
GCAACATAGACTTCAC,PBMC-06-1,PSA15,PSA,SNG,TRUE
GCAACATAGGAAGTAG,PBMC-06-1,PSA07,PSA,DBL,FALSE
GCAACATAGGATGTTA,PBMC-06-1,PSA15,PSA,SNG,TRUE
GCAACATAGTCGAATA,PBMC-06-1,PSA13,PSA,SNG,TRUE
GCAACATCAATGTCAC,PBMC-06-1,PSA04,PSA,AMB,FALSE
GCAACATCACTAGGCC,PBMC-06-1,PSO16,PSO,SNG,TRUE
GCAACATCAGTTTGGT,PBMC-06-1,PSA07,PSA,SNG,TRUE
GCAACATCATAGCACT,PBMC-06-1,PSA12,PSA,SNG,TRUE
GCAACATCATTGCCTC,PBMC-06-1,PSA12,PSA,SNG,TRUE
GCAACATGTACGGTTT,PBMC-06-1,PSA14,PSA,SNG,TRUE
GCAACATGTATACCCA,PBMC-06-1,PSA04,PSA,SNG,TRUE
GCAACATGTGTGCTTA,PBMC-06-1,PSA15,PSA,DBL,FALSE
GCAACATGTGTTCGTA,PBMC-06-1,PSO12,PSO,SNG,FALSE
GCAACATGTTAGCGGA,PBMC-06-1,PSA05,PSA,SNG,TRUE
GCAACATTCTAAGCGT,PBMC-06-1,PSA02,PSA,DBL,FALSE
GCAACCGAGAAGAACG,PBMC-06-1,PSA02,PSA,SNG,FALSE
GCAACCGAGAATACAC,PBMC-06-1,PSO12,PSO,SNG,TRUE
GCAACCGAGCGTATGG,PBMC-06-1,PSX01,PSX,SNG,TRUE
GCAACCGAGGCAATGC,PBMC-06-1,PSX01,PSX,SNG,TRUE
GCAACCGAGTGTACCT,PBMC-06-1,PSA15,PSA,SNG,TRUE
GCAACCGCAAACACCT,PBMC-06-1,PSO13,PSO,SNG,TRUE
GCAACCGCAAATGATG,PBMC-06-1,PSA15,PSA,SNG,TRUE
GCAACCGCAAGCCCAC,PBMC-06-1,PSX04,PSX,SNG,TRUE
GCAACCGCAATCTGCA,PBMC-06-1,PSA15,PSA,SNG,TRUE
GCAACCGCACATTGTG,PBMC-06-1,PSA06,PSA,SNG,TRUE
GCAACCGCACCCTGAG,PBMC-06-1,PSA04,PSA,SNG,TRUE
GCAACCGCAGCACAAG,PBMC-06-1,PSO14,PSO,SNG,TRUE
GCAACCGCAGTCAACT,PBMC-06-1,PSO15,PSO,SNG,TRUE
GCAACCGCAGTTCACA,PBMC-06-1,PSA16,PSA,DBL,FALSE
GCAACCGCATATCTGG,PBMC-06-1,PSA17,PSA,SNG,TRUE
GCAACCGGTAGAGTTA,PBMC-06-1,PSO16,PSO,SNG,TRUE
GCAACCGGTCCCACGA,PBMC-06-1,PSA15,PSA,SNG,FALSE
GCAACCGGTTCTCTCG,PBMC-06-1,PSA17,PSA,SNG,TRUE
GCAACCGGTTGGACCC,PBMC-06-1,PSA02,PSA,DBL,FALSE
GCAACCGTCCGAACGC,PBMC-06-1,PSO12,PSO,SNG,TRUE
GCAACCGTCCGCTGTT,PBMC-06-1,PSA07,PSA,AMB,FALSE
GCAACCGTCCTACACC,PBMC-06-1,PSA17,PSA,SNG,TRUE
GCAACCGTCGGTCTAA,PBMC-06-1,PSA12,PSA,SNG,TRUE
GCAACCGTCTCAATCT,PBMC-06-1,PSA02,PSA,SNG,TRUE
GCAACCGTCTCTCCGA,PBMC-06-1,PSA07,PSA,SNG,TRUE
GCAACCGTCTTGGAAC,PBMC-06-1,PSA02,PSA,SNG,TRUE
GCACATAAGACTCAAA,PBMC-06-1,PSA02,PSA,SNG,TRUE
GCACATAAGCGTCTGC,PBMC-06-1,PSO13,PSO,AMB,FALSE
GCACATAAGGACTGGT,PBMC-06-1,PSX01,PSX,SNG,TRUE
GCACATAAGGTTGGAC,PBMC-06-1,PSA04,PSA,SNG,TRUE
GCACATACAGCTAACT,PBMC-06-1,PSA14,PSA,DBL,FALSE
GCACATACATCGGAAG,PBMC-06-1,PSA05,PSA,SNG,FALSE
GCACATACATCGTTCC,PBMC-06-1,PSA07,PSA,SNG,FALSE
GCACATACATCTCAAG,PBMC-06-1,PSO15,PSO,SNG,TRUE
GCACATACATCTTAGG,PBMC-06-1,PSA05,PSA,SNG,TRUE
GCACATACATGGACAG,PBMC-06-1,PSO15,PSO,SNG,FALSE
GCACATACATTGACTG,PBMC-06-1,PSX01,PSX,SNG,TRUE
GCACATAGTACAAAGT,PBMC-06-1,PSA03,PSA,DBL,FALSE
GCACATAGTGATATAG,PBMC-06-1,PSA17,PSA,SNG,TRUE
GCACATAGTGCGACAA,PBMC-06-1,PSA07,PSA,SNG,TRUE
GCACATATCCCTTCCC,PBMC-06-1,PSA07,PSA,SNG,TRUE
GCACATATCGTGCACG,PBMC-06-1,PSO13,PSO,SNG,TRUE
GCACATATCTAGACCA,PBMC-06-1,PSO15,PSO,SNG,TRUE
GCACATATCTAGTACG,PBMC-06-1,PSO15,PSO,DBL,FALSE
GCACATATCTATACGG,PBMC-06-1,PSO14,PSO,DBL,FALSE
GCACGGTAGAGCTGCA,PBMC-06-1,PSX04,PSX,SNG,FALSE
GCACGGTAGAGGTTTA,PBMC-06-1,PSA13,PSA,SNG,TRUE
GCACGGTAGCAAGGAA,PBMC-06-1,PSA02,PSA,SNG,TRUE
GCACGGTAGCCGTTGC,PBMC-06-1,PSA17,PSA,SNG,TRUE
GCACGGTAGGTCACTT,PBMC-06-1,PSO15,PSO,SNG,TRUE
GCACGGTAGTGGCCTC,PBMC-06-1,PSA04,PSA,SNG,TRUE
GCACGGTCAAACACCT,PBMC-06-1,PSA07,PSA,DBL,FALSE
GCACGGTCAATTGAAG,PBMC-06-1,PSA03,PSA,SNG,FALSE
GCACGGTCACCTGCGA,PBMC-06-1,PSA04,PSA,SNG,TRUE
GCACGGTCAGTCTACA,PBMC-06-1,PSO13,PSO,SNG,TRUE
GCACGGTCAGTCTCTC,PBMC-06-1,PSX01,PSX,SNG,TRUE
GCACGGTCAGTCTGGC,PBMC-06-1,PSA15,PSA,SNG,TRUE
GCACGGTGTAGCCCTG,PBMC-06-1,PSA06,PSA,SNG,TRUE
GCACGGTGTCAGTCCG,PBMC-06-1,PSO13,PSO,SNG,TRUE
GCACGGTGTCCACTTC,PBMC-06-1,PSA02,PSA,SNG,TRUE
GCACGGTGTCCGATCG,PBMC-06-1,PSA06,PSA,SNG,TRUE
GCACGGTGTCGGAACA,PBMC-06-1,PSA07,PSA,SNG,FALSE
GCACGGTGTGGCACTC,PBMC-06-1,PSA17,PSA,SNG,TRUE
GCACGGTGTGGTAATA,PBMC-06-1,PSA16,PSA,SNG,TRUE
GCACGGTGTTGCTCCT,PBMC-06-1,PSO15,PSO,SNG,TRUE
GCACGGTGTTGCTCGG,PBMC-06-1,PSX01,PSX,SNG,TRUE
GCACGGTGTTGGCCGT,PBMC-06-1,PSO14,PSO,SNG,TRUE
GCACGGTGTTTCTATC,PBMC-06-1,PSX01,PSX,SNG,TRUE
GCACGGTTCAGCAGAG,PBMC-06-1,PSO12,PSO,SNG,TRUE
GCACGGTTCAGGAAGC,PBMC-06-1,PSO12,PSO,DBL,FALSE
GCACGGTTCCCAGTGG,PBMC-06-1,PSA03,PSA,SNG,TRUE
GCACGGTTCCGACAGC,PBMC-06-1,PSA13,PSA,DBL,FALSE
GCACGGTTCGCGTAGC,PBMC-06-1,PSO11,PSO,SNG,TRUE
GCACGGTTCTGGTGCG,PBMC-06-1,PSA04,PSA,SNG,TRUE
GCACGGTTCTTACGGA,PBMC-06-1,PSO15,PSO,SNG,FALSE
GCACGTGAGAGATCGC,PBMC-06-1,PSO15,PSO,SNG,TRUE
GCACGTGAGAGGACTC,PBMC-06-1,PSA12,PSA,SNG,TRUE
GCACGTGAGCCTCCAG,PBMC-06-1,PSX01,PSX,DBL,FALSE
GCACGTGAGGAACATT,PBMC-06-1,PSA15,PSA,DBL,FALSE
GCACGTGAGTATGCAA,PBMC-06-1,PSA13,PSA,SNG,TRUE
GCACGTGAGTTTCGAC,PBMC-06-1,PSX01,PSX,SNG,FALSE
GCACGTGCAATATCCG,PBMC-06-1,PSX04,PSX,DBL,FALSE
GCACGTGCAATCAGCT,PBMC-06-1,PSA15,PSA,SNG,TRUE
GCACGTGCACTCATAG,PBMC-06-1,PSA15,PSA,SNG,TRUE
GCACGTGCAGACTCTA,PBMC-06-1,PSX04,PSX,SNG,FALSE
GCACGTGCAGAGACTG,PBMC-06-1,PSX04,PSX,AMB,FALSE
GCACGTGCAGGCTATT,PBMC-06-1,PSA02,PSA,SNG,TRUE
GCACGTGCATCGAACT,PBMC-06-1,PSA04,PSA,AMB,FALSE
GCACGTGGTAACATCC,PBMC-06-1,PSA06,PSA,SNG,TRUE
GCACGTGGTAGGAGGG,PBMC-06-1,PSX04,PSX,SNG,TRUE
GCACGTGGTCACATTG,PBMC-06-1,PSA04,PSA,SNG,TRUE
GCACGTGGTCCAAATC,PBMC-06-1,PSA13,PSA,DBL,FALSE
GCACGTGGTCGCATTA,PBMC-06-1,PSA15,PSA,AMB,FALSE
GCACGTGGTGCTCTCT,PBMC-06-1,PSX01,PSX,DBL,FALSE
GCACGTGGTTCCAGGC,PBMC-06-1,PSA04,PSA,SNG,TRUE
GCACGTGTCCCGAGTG,PBMC-06-1,PSO13,PSO,SNG,TRUE
GCACGTGTCTATCCAT,PBMC-06-1,PSA04,PSA,DBL,FALSE
GCACTAAAGCACACCC,PBMC-06-1,PSO12,PSO,SNG,TRUE
GCACTAAAGGGCTAAC,PBMC-06-1,PSA17,PSA,SNG,TRUE
GCACTAAAGGTTCCAT,PBMC-06-1,PSO15,PSO,DBL,FALSE
GCACTAAAGTCATCCA,PBMC-06-1,PSA14,PSA,SNG,TRUE
GCACTAACAACGGCTC,PBMC-06-1,PSA07,PSA,SNG,TRUE
GCACTAACACAAATAG,PBMC-06-1,PSA05,PSA,SNG,TRUE
GCACTAACAGAGCGTA,PBMC-06-1,PSA07,PSA,SNG,FALSE
GCACTAACAGATCCAT,PBMC-06-1,PSA12,PSA,DBL,FALSE
GCACTAAGTCAAAGTA,PBMC-06-1,PSX01,PSX,SNG,FALSE
GCACTAAGTGAGACGT,PBMC-06-1,PSO15,PSO,SNG,TRUE
GCACTAAGTGCAGTGA,PBMC-06-1,PSA15,PSA,SNG,TRUE
GCACTAAGTTAAGGGC,PBMC-06-1,PSA12,PSA,AMB,FALSE
GCACTAAGTTGTGCCG,PBMC-06-1,PSA12,PSA,DBL,FALSE
GCACTAATCATTTACC,PBMC-06-1,PSA02,PSA,SNG,TRUE
GCACTAATCCCGGTAG,PBMC-06-1,PSA14,PSA,SNG,TRUE
GCACTAATCCGGCTTT,PBMC-06-1,PSA07,PSA,SNG,TRUE
GCACTAATCTATTCGT,PBMC-06-1,PSA06,PSA,SNG,TRUE
GCACTAATCTGCGGGT,PBMC-06-1,PSA16,PSA,SNG,TRUE
GCAGCCAAGAAATTCG,PBMC-06-1,PSX01,PSX,SNG,TRUE
GCAGCCAAGCTCTATG,PBMC-06-1,PSO12,PSO,SNG,TRUE
GCAGCCAAGGATTCAA,PBMC-06-1,PSO15,PSO,SNG,TRUE
GCAGCCAAGTCGCCCA,PBMC-06-1,PSO12,PSO,SNG,TRUE
GCAGCCACAAAGTATG,PBMC-06-1,PSX01,PSX,SNG,TRUE
GCAGCCACAAGAGGCT,PBMC-06-1,PSA02,PSA,SNG,TRUE
GCAGCCACACAGACGA,PBMC-06-1,PSO11,PSO,AMB,FALSE
GCAGCCACACCCTTAC,PBMC-06-1,PSA12,PSA,AMB,FALSE
GCAGCCACACGAGAAC,PBMC-06-1,PSA16,PSA,SNG,TRUE
GCAGCCACACGCCACA,PBMC-06-1,PSA05,PSA,SNG,FALSE
GCAGCCACACTAGAGG,PBMC-06-1,PSX01,PSX,SNG,TRUE
GCAGCCACAGCAATTC,PBMC-06-1,PSX04,PSX,SNG,TRUE
GCAGCCACAGCGTTTA,PBMC-06-1,PSX04,PSX,SNG,TRUE
GCAGCCACATTAGGAA,PBMC-06-1,PSX01,PSX,SNG,TRUE
GCAGCCACATTCAGCA,PBMC-06-1,PSA12,PSA,SNG,FALSE
GCAGCCAGTATAGCTC,PBMC-06-1,PSO15,PSO,SNG,TRUE
GCAGCCAGTCCTATAG,PBMC-06-1,PSA06,PSA,SNG,TRUE
GCAGCCAGTCGTTGCG,PBMC-06-1,PSA07,PSA,SNG,TRUE
GCAGCCAGTGCTCTCT,PBMC-06-1,PSA02,PSA,SNG,TRUE
GCAGCCAGTGTCTCCT,PBMC-06-1,PSA12,PSA,SNG,TRUE
GCAGCCAGTTACGATC,PBMC-06-1,PSA04,PSA,SNG,TRUE
GCAGCCAGTTCTTGCC,PBMC-06-1,PSA13,PSA,SNG,TRUE
GCAGCCAGTTGAGTCT,PBMC-06-1,PSO12,PSO,SNG,TRUE
GCAGCCATCACCGACG,PBMC-06-1,PSA02,PSA,SNG,TRUE
GCAGCCATCACTTGGA,PBMC-06-1,PSA05,PSA,SNG,TRUE
GCAGCCATCCCGTAAA,PBMC-06-1,PSA16,PSA,SNG,TRUE
GCAGCCATCCTACGGG,PBMC-06-1,PSA05,PSA,DBL,FALSE
GCAGCCATCTAGTTCT,PBMC-06-1,PSO14,PSO,SNG,FALSE
GCAGCTGAGCGGTAAC,PBMC-06-1,PSO15,PSO,SNG,TRUE
GCAGCTGCAAAGGTTA,PBMC-06-1,PSA05,PSA,DBL,FALSE
GCAGCTGCAATGACCT,PBMC-06-1,PSO11,PSO,DBL,FALSE
GCAGCTGCAGATTAAG,PBMC-06-1,PSA13,PSA,SNG,TRUE
GCAGCTGCAGGGCTTC,PBMC-06-1,PSA02,PSA,SNG,TRUE
GCAGCTGCATTATGCG,PBMC-06-1,PSA16,PSA,SNG,FALSE
GCAGCTGGTTGGATCT,PBMC-06-1,PSA07,PSA,SNG,TRUE
GCAGCTGGTTGTGCCG,PBMC-06-1,PSO15,PSO,SNG,TRUE
GCAGCTGGTTGTTGAC,PBMC-06-1,PSX01,PSX,SNG,TRUE
GCAGCTGGTTTCAGAC,PBMC-06-1,PSA16,PSA,SNG,TRUE
GCAGCTGTCACACCGG,PBMC-06-1,PSA05,PSA,SNG,FALSE
GCAGCTGTCCACGTAA,PBMC-06-1,PSA04,PSA,DBL,FALSE
GCAGCTGTCGAGAAAT,PBMC-06-1,PSA02,PSA,SNG,TRUE
GCAGCTGTCGCCTTGT,PBMC-06-1,PSA03,PSA,SNG,TRUE
GCAGCTGTCTAGCCAA,PBMC-06-1,PSO12,PSO,SNG,TRUE
GCAGCTGTCTTAGCTT,PBMC-06-1,PSO16,PSO,DBL,FALSE
GCAGGCTAGAACTTCC,PBMC-06-1,PSO15,PSO,SNG,TRUE
GCAGGCTAGCCGATCC,PBMC-06-1,PSO15,PSO,SNG,TRUE
GCAGGCTAGGTTGACG,PBMC-06-1,PSO15,PSO,SNG,TRUE
GCAGGCTCAAAGGCTG,PBMC-06-1,PSA02,PSA,SNG,TRUE
GCAGGCTCACAAGTGG,PBMC-06-1,PSA07,PSA,SNG,TRUE
GCAGGCTCACGACAAG,PBMC-06-1,PSA02,PSA,SNG,TRUE
GCAGGCTCATACGCAT,PBMC-06-1,PSA07,PSA,SNG,TRUE
GCAGGCTCATATCGGT,PBMC-06-1,PSO11,PSO,SNG,TRUE
GCAGGCTGTACAAAGT,PBMC-06-1,PSA07,PSA,SNG,TRUE
GCAGGCTGTCGAGTGA,PBMC-06-1,PSA03,PSA,SNG,FALSE
GCAGGCTGTGCATACT,PBMC-06-1,PSA02,PSA,DBL,FALSE
GCAGGCTGTTCGAAGG,PBMC-06-1,PSO13,PSO,SNG,FALSE
GCAGGCTTCACCCTTG,PBMC-06-1,PSA07,PSA,SNG,TRUE
GCAGGCTTCGAGAGAC,PBMC-06-1,PSA05,PSA,DBL,FALSE
GCAGTTAAGAAGGGAT,PBMC-06-1,PSA04,PSA,SNG,TRUE
GCAGTTAAGAGGCGTT,PBMC-06-1,PSA07,PSA,SNG,TRUE
GCAGTTAAGCTCTATG,PBMC-06-1,PSA05,PSA,DBL,FALSE
GCAGTTAAGGCGCTTC,PBMC-06-1,PSA07,PSA,SNG,TRUE
GCAGTTAAGGCTCTCG,PBMC-06-1,PSO12,PSO,SNG,TRUE
GCAGTTACAACGTAAA,PBMC-06-1,PSA02,PSA,SNG,TRUE
GCAGTTACAAGTCCAT,PBMC-06-1,PSO12,PSO,SNG,FALSE
GCAGTTACACATACGT,PBMC-06-1,PSA07,PSA,SNG,FALSE
GCAGTTACACGGCCAT,PBMC-06-1,PSO15,PSO,SNG,TRUE
GCAGTTACAGACAAAT,PBMC-06-1,PSX01,PSX,SNG,TRUE
GCAGTTACAGATTTCG,PBMC-06-1,PSA04,PSA,SNG,TRUE
GCAGTTACAGTCGCTG,PBMC-06-1,PSO13,PSO,SNG,TRUE
GCAGTTACATGACCCG,PBMC-06-1,PSA07,PSA,SNG,TRUE
GCAGTTACATGACTAC,PBMC-06-1,PSA17,PSA,DBL,FALSE
GCAGTTAGTCGCACAC,PBMC-06-1,PSO15,PSO,SNG,TRUE
GCAGTTAGTCGTGCCA,PBMC-06-1,PSX04,PSX,SNG,TRUE
GCAGTTAGTGTCCGTG,PBMC-06-1,PSA02,PSA,SNG,TRUE
GCAGTTATCGCTTACC,PBMC-06-1,PSO15,PSO,SNG,TRUE
GCAGTTATCTTACGTT,PBMC-06-1,PSA02,PSA,SNG,TRUE
GCATCGGAGCGACTGA,PBMC-06-1,PSO15,PSO,SNG,TRUE
GCATCGGAGGCTAACG,PBMC-06-1,PSA14,PSA,SNG,TRUE
GCATCGGAGTGCTACT,PBMC-06-1,PSX04,PSX,SNG,TRUE
GCATCGGAGTGCTAGG,PBMC-06-1,PSA02,PSA,SNG,TRUE
GCATCGGCACCTGAAT,PBMC-06-1,PSA12,PSA,DBL,FALSE
GCATCGGCATCCTATT,PBMC-06-1,PSA02,PSA,SNG,TRUE
GCATCGGGTACGGCAA,PBMC-06-1,PSA12,PSA,SNG,TRUE
GCATCGGGTCAAATCC,PBMC-06-1,PSA14,PSA,SNG,TRUE
GCATCGGGTCTTGCGG,PBMC-06-1,PSA13,PSA,SNG,TRUE
GCATCGGGTTTCGACA,PBMC-06-1,PSA15,PSA,SNG,TRUE
GCATCGGTCAAAGAAC,PBMC-06-1,PSA05,PSA,SNG,TRUE
GCATCGGTCAATCTTC,PBMC-06-1,PSA16,PSA,SNG,TRUE
GCATCGGTCCATTGTT,PBMC-06-1,PSA16,PSA,SNG,TRUE
GCATCGGTCCCTCTCC,PBMC-06-1,PSA12,PSA,SNG,TRUE
GCATCGGTCCGCAACG,PBMC-06-1,PSA02,PSA,SNG,TRUE
GCATCGGTCTAGCCTC,PBMC-06-1,PSA12,PSA,DBL,FALSE
GCATCGGTCTTGTGCC,PBMC-06-1,PSA17,PSA,DBL,FALSE
GCATCTCAGACTCATC,PBMC-06-1,PSA06,PSA,SNG,TRUE
GCATCTCAGCACTTTG,PBMC-06-1,PSO12,PSO,SNG,TRUE
GCATCTCAGCGGTATG,PBMC-06-1,PSA12,PSA,SNG,TRUE
GCATCTCCAAATAGCA,PBMC-06-1,PSA14,PSA,DBL,FALSE
GCATCTCCAACAGTGG,PBMC-06-1,PSA17,PSA,SNG,TRUE
GCATCTCCAACTCGTA,PBMC-06-1,PSA02,PSA,SNG,TRUE
GCATCTCCAATCGAAA,PBMC-06-1,PSA12,PSA,SNG,TRUE
GCATCTCCACGCCACA,PBMC-06-1,PSA12,PSA,SNG,TRUE
GCATCTCCAGCGCTTG,PBMC-06-1,PSA07,PSA,SNG,FALSE
GCATCTCCAGTATACC,PBMC-06-1,PSO15,PSO,SNG,FALSE
GCATCTCCATCGAAGG,PBMC-06-1,PSA12,PSA,SNG,TRUE
GCATCTCCATCTAGAC,PBMC-06-1,PSO12,PSO,SNG,TRUE
GCATCTCCATGTGTCA,PBMC-06-1,PSA06,PSA,SNG,TRUE
GCATCTCGTACCGCGT,PBMC-06-1,PSA16,PSA,DBL,FALSE
GCATCTCGTCCTTAAG,PBMC-06-1,PSA05,PSA,SNG,TRUE
GCATCTCGTCTACAAC,PBMC-06-1,PSO12,PSO,DBL,FALSE
GCATCTCTCACACCGG,PBMC-06-1,PSO15,PSO,SNG,TRUE
GCATCTCTCAGTCATG,PBMC-06-1,PSA14,PSA,SNG,TRUE
GCATCTCTCGCTATTT,PBMC-06-1,PSA15,PSA,DBL,FALSE
GCATCTCTCGTTCCCA,PBMC-06-1,PSO11,PSO,SNG,TRUE
GCATGATAGAATTGTG,PBMC-06-1,PSA05,PSA,SNG,FALSE
GCATGATAGCACCCAC,PBMC-06-1,PSA13,PSA,SNG,TRUE
GCATGATAGTTTCGAC,PBMC-06-1,PSA06,PSA,DBL,FALSE
GCATGATCAAGATGTA,PBMC-06-1,PSA16,PSA,SNG,TRUE
GCATGATCAGACGATG,PBMC-06-1,PSA07,PSA,SNG,TRUE
GCATGATCAGTGTACT,PBMC-06-1,PSA12,PSA,SNG,FALSE
GCATGATGTACCAATC,PBMC-06-1,PSA07,PSA,SNG,TRUE
GCATGATGTAGCTAAA,PBMC-06-1,PSA02,PSA,SNG,TRUE
GCATGATGTCAGACGA,PBMC-06-1,PSA05,PSA,SNG,TRUE
GCATGATGTCCGACGT,PBMC-06-1,PSX01,PSX,SNG,TRUE
GCATGATGTCGCTTGG,PBMC-06-1,PSA02,PSA,SNG,TRUE
GCATGATGTGACCGTC,PBMC-06-1,PSA06,PSA,SNG,TRUE
GCATGATGTGGTGATG,PBMC-06-1,PSA13,PSA,SNG,TRUE
GCATGATGTGTCATGT,PBMC-06-1,PSA03,PSA,SNG,TRUE
GCATGATGTTGGACTT,PBMC-06-1,PSA16,PSA,SNG,FALSE
GCATGATTCAAGCGTT,PBMC-06-1,PSA12,PSA,SNG,TRUE
GCATGATTCAATCTCT,PBMC-06-1,PSA15,PSA,SNG,TRUE
GCATGATTCGGAGCAA,PBMC-06-1,PSX01,PSX,SNG,FALSE
GCATTAGAGTCCGTCG,PBMC-06-1,PSA04,PSA,SNG,TRUE
GCATTAGAGTCTGTAC,PBMC-06-1,PSA06,PSA,SNG,TRUE
GCATTAGCAATCGCAT,PBMC-06-1,PSA05,PSA,SNG,TRUE
GCATTAGCACAAGCAG,PBMC-06-1,PSX04,PSX,SNG,TRUE
GCATTAGCACAGTACT,PBMC-06-1,PSA07,PSA,DBL,FALSE
GCATTAGGTATGATCC,PBMC-06-1,PSO15,PSO,SNG,TRUE
GCATTAGGTCACTCAA,PBMC-06-1,PSX04,PSX,SNG,TRUE
GCATTAGGTGCTCTTC,PBMC-06-1,PSA02,PSA,SNG,FALSE
GCATTAGGTGTGTGTT,PBMC-06-1,PSA02,PSA,SNG,TRUE
GCATTAGGTTCCACAA,PBMC-06-1,PSA17,PSA,SNG,TRUE
GCATTAGGTTTCAGAC,PBMC-06-1,PSO15,PSO,SNG,TRUE
GCATTAGTCAGACCGC,PBMC-06-1,PSX04,PSX,SNG,TRUE
GCATTAGTCATTCATC,PBMC-06-1,PSX04,PSX,SNG,TRUE
GCATTAGTCCCAACTC,PBMC-06-1,PSA07,PSA,SNG,TRUE
GCATTAGTCCTGTAGA,PBMC-06-1,PSX01,PSX,SNG,TRUE
GCATTAGTCTCTCTAA,PBMC-06-1,PSO14,PSO,SNG,TRUE
GCATTAGTCTGAGTCA,PBMC-06-1,PSA17,PSA,SNG,TRUE
GCATTAGTCTGCCTGT,PBMC-06-1,PSO15,PSO,SNG,TRUE
GCATTAGTCTTCCCGA,PBMC-06-1,PSA14,PSA,SNG,TRUE
GCCAACGAGAGTGTTA,PBMC-06-1,PSA04,PSA,DBL,FALSE
GCCAACGAGCGATCGA,PBMC-06-1,PSA12,PSA,SNG,FALSE
GCCAACGAGGGAACAA,PBMC-06-1,PSO15,PSO,SNG,TRUE
GCCAACGCACACCTTC,PBMC-06-1,PSA07,PSA,SNG,TRUE
GCCAACGCATCCAATG,PBMC-06-1,PSO12,PSO,SNG,TRUE
GCCAACGCATGACTGT,PBMC-06-1,PSA15,PSA,DBL,FALSE
GCCAACGGTACGAGTG,PBMC-06-1,PSA17,PSA,SNG,TRUE
GCCAACGGTATCGCGC,PBMC-06-1,PSX01,PSX,SNG,TRUE
GCCAACGGTGTATTGC,PBMC-06-1,PSX04,PSX,AMB,FALSE
GCCAACGGTGTCTTAG,PBMC-06-1,PSA16,PSA,DBL,FALSE
GCCAACGGTGTTGACT,PBMC-06-1,PSA14,PSA,SNG,TRUE
GCCAACGTCATTGTTC,PBMC-06-1,PSA13,PSA,DBL,FALSE
GCCAACGTCGCGGTAC,PBMC-06-1,PSA07,PSA,SNG,FALSE
GCCAACGTCGGTATGT,PBMC-06-1,PSA03,PSA,SNG,TRUE
GCCAGCAAGCACCAGA,PBMC-06-1,PSA06,PSA,SNG,TRUE
GCCAGCAAGCTAGATA,PBMC-06-1,PSA06,PSA,SNG,TRUE
GCCAGCAAGGCCGCTT,PBMC-06-1,PSO16,PSO,SNG,TRUE
GCCAGCAAGTAGGAAG,PBMC-06-1,PSX01,PSX,SNG,TRUE
GCCAGCAAGTCGCCAC,PBMC-06-1,PSA12,PSA,SNG,TRUE
GCCAGCAAGTGCAAAT,PBMC-06-1,PSA05,PSA,SNG,FALSE
GCCAGCACAAAGACTA,PBMC-06-1,PSA06,PSA,SNG,TRUE
GCCAGCACAAGCCTGC,PBMC-06-1,PSA17,PSA,SNG,TRUE
GCCAGCACAGTCAGCC,PBMC-06-1,PSA05,PSA,SNG,TRUE
GCCAGCACATCGTCCT,PBMC-06-1,PSA06,PSA,DBL,FALSE
GCCAGCAGTAAGGCTG,PBMC-06-1,PSX01,PSX,AMB,FALSE
GCCAGCAGTATTCTCT,PBMC-06-1,PSX01,PSX,SNG,TRUE
GCCAGCAGTCTTACTT,PBMC-06-1,PSA02,PSA,DBL,FALSE
GCCAGCAGTGAGTTTC,PBMC-06-1,PSA02,PSA,SNG,TRUE
GCCAGCAGTGATTCTG,PBMC-06-1,PSA05,PSA,SNG,TRUE
GCCAGCAGTTCGGTTA,PBMC-06-1,PSO12,PSO,DBL,FALSE
GCCAGCAGTTGGATCT,PBMC-06-1,PSO12,PSO,SNG,FALSE
GCCAGCATCAAACGAA,PBMC-06-1,PSA06,PSA,SNG,TRUE
GCCAGCATCAAGTCTG,PBMC-06-1,PSA02,PSA,SNG,TRUE
GCCAGCATCAGCTCTC,PBMC-06-1,PSA13,PSA,SNG,TRUE
GCCAGCATCCAACACA,PBMC-06-1,PSA16,PSA,SNG,TRUE
GCCAGCATCGAACTCA,PBMC-06-1,PSA15,PSA,SNG,FALSE
GCCAGCATCTAGTTCT,PBMC-06-1,PSA14,PSA,SNG,TRUE
GCCAGGTAGGCATCGA,PBMC-06-1,PSA05,PSA,SNG,TRUE
GCCAGGTAGGTATCTC,PBMC-06-1,PSA05,PSA,SNG,TRUE
GCCAGGTAGTATGAGT,PBMC-06-1,PSO12,PSO,DBL,FALSE
GCCAGGTCAAGGATGC,PBMC-06-1,PSA12,PSA,SNG,FALSE
GCCAGGTCAGACCAGA,PBMC-06-1,PSA02,PSA,SNG,TRUE
GCCAGGTGTCCTGGTG,PBMC-06-1,PSX01,PSX,SNG,TRUE
GCCAGGTGTCTTGCTC,PBMC-06-1,PSO16,PSO,SNG,TRUE
GCCAGGTGTGACTATC,PBMC-06-1,PSA03,PSA,SNG,TRUE
GCCAGGTGTTGTACGT,PBMC-06-1,PSA05,PSA,SNG,TRUE
GCCAGGTTCCGCGAGT,PBMC-06-1,PSO15,PSO,SNG,TRUE
GCCAGGTTCTCCGATC,PBMC-06-1,PSA17,PSA,SNG,TRUE
GCCAGGTTCTTAAGGC,PBMC-06-1,PSA07,PSA,DBL,FALSE
GCCAGGTTCTTGGTGA,PBMC-06-1,PSA16,PSA,SNG,TRUE
GCCAGTGAGGATTTCC,PBMC-06-1,PSA05,PSA,SNG,TRUE
GCCAGTGAGGCGAAGG,PBMC-06-1,PSA03,PSA,AMB,FALSE
GCCAGTGCAACTGCTA,PBMC-06-1,PSA07,PSA,DBL,FALSE
GCCAGTGCAGAGGCTA,PBMC-06-1,PSX04,PSX,SNG,TRUE
GCCAGTGCAGGTCAGA,PBMC-06-1,PSA04,PSA,AMB,FALSE
GCCAGTGGTAAGCGGT,PBMC-06-1,PSX01,PSX,SNG,TRUE
GCCAGTGGTACTCGCG,PBMC-06-1,PSA07,PSA,SNG,TRUE
GCCAGTGGTATAGCTC,PBMC-06-1,PSA07,PSA,DBL,FALSE
GCCAGTGGTCGGCCTA,PBMC-06-1,PSA07,PSA,SNG,TRUE
GCCAGTGGTCTACGAT,PBMC-06-1,PSA15,PSA,SNG,TRUE
GCCAGTGGTGAACCGA,PBMC-06-1,PSA05,PSA,SNG,TRUE
GCCAGTGGTGACAACG,PBMC-06-1,PSA05,PSA,SNG,TRUE
GCCAGTGGTGACATCT,PBMC-06-1,PSA02,PSA,SNG,TRUE
GCCAGTGGTGAGACCA,PBMC-06-1,PSA05,PSA,SNG,TRUE
GCCAGTGGTGATAGTA,PBMC-06-1,PSA13,PSA,SNG,TRUE
GCCAGTGGTGGACTGA,PBMC-06-1,PSO12,PSO,SNG,TRUE
GCCAGTGGTTCAGTAC,PBMC-06-1,PSX04,PSX,DBL,FALSE
GCCAGTGGTTGATCGT,PBMC-06-1,PSA03,PSA,SNG,TRUE
GCCAGTGGTTGGACTT,PBMC-06-1,PSA14,PSA,DBL,FALSE
GCCAGTGTCATGCCAA,PBMC-06-1,PSA02,PSA,SNG,TRUE
GCCAGTGTCATTGCCC,PBMC-06-1,PSO16,PSO,AMB,FALSE
GCCAGTGTCCCTTCCC,PBMC-06-1,PSA15,PSA,SNG,TRUE
GCCAGTGTCCGCAGTG,PBMC-06-1,PSO12,PSO,SNG,TRUE
GCCAGTGTCGGCTGGT,PBMC-06-1,PSA05,PSA,SNG,TRUE
GCCAGTGTCGTAGCTA,PBMC-06-1,PSO15,PSO,SNG,TRUE
GCCAGTGTCTCTGCTG,PBMC-06-1,PSA07,PSA,SNG,TRUE
GCCATGGAGATACCAA,PBMC-06-1,PSX01,PSX,SNG,TRUE
GCCATGGAGCGACTAG,PBMC-06-1,PSX04,PSX,SNG,TRUE
GCCATGGAGGAACGTC,PBMC-06-1,PSA05,PSA,SNG,TRUE
GCCATGGAGTAAGCAT,PBMC-06-1,PSA04,PSA,SNG,TRUE
GCCATGGCAAAGAGTT,PBMC-06-1,PSO16,PSO,DBL,FALSE
GCCATGGCAGTGGGTA,PBMC-06-1,PSA04,PSA,DBL,FALSE
GCCATGGGTAAGGTCG,PBMC-06-1,PSA04,PSA,SNG,TRUE
GCCATGGGTAGGTACG,PBMC-06-1,PSX04,PSX,SNG,TRUE
GCCATGGGTGGACCTC,PBMC-06-1,PSX04,PSX,SNG,TRUE
GCCATGGGTGGCAACA,PBMC-06-1,PSA03,PSA,SNG,TRUE
GCCATGGGTGTCCATA,PBMC-06-1,PSO13,PSO,DBL,FALSE
GCCATGGTCACTGTCC,PBMC-06-1,PSA07,PSA,SNG,TRUE
GCCATGGTCCGATAGT,PBMC-06-1,PSX01,PSX,SNG,TRUE
GCCATGGTCGAGATAA,PBMC-06-1,PSA06,PSA,DBL,FALSE
GCCATGGTCGCCTTGT,PBMC-06-1,PSO15,PSO,SNG,TRUE
GCCATGGTCTGTAAGC,PBMC-06-1,PSA07,PSA,SNG,TRUE
GCCATGGTCTTAATCC,PBMC-06-1,PSA17,PSA,SNG,TRUE
GCCATTCAGACTACCT,PBMC-06-1,PSA05,PSA,SNG,TRUE
GCCATTCAGAGCCCAA,PBMC-06-1,PSA14,PSA,DBL,FALSE
GCCATTCAGATTAGCA,PBMC-06-1,PSA06,PSA,DBL,FALSE
GCCATTCAGTCTCTGA,PBMC-06-1,PSO15,PSO,SNG,TRUE
GCCATTCCACAATGTC,PBMC-06-1,PSO12,PSO,SNG,TRUE
GCCATTCCACACGGTC,PBMC-06-1,PSA16,PSA,SNG,TRUE
GCCATTCCAGGTTACT,PBMC-06-1,PSA13,PSA,SNG,TRUE
GCCATTCGTAACCCGC,PBMC-06-1,PSX04,PSX,DBL,FALSE
GCCATTCGTACCTTCC,PBMC-06-1,PSA04,PSA,AMB,FALSE
GCCATTCGTCTGTGTA,PBMC-06-1,PSA16,PSA,SNG,TRUE
GCCATTCTCACCATAG,PBMC-06-1,PSA02,PSA,SNG,TRUE
GCCATTCTCATAAGGA,PBMC-06-1,PSA13,PSA,SNG,TRUE
GCCATTCTCATCGGGC,PBMC-06-1,PSA07,PSA,SNG,TRUE
GCCATTCTCATTCACT,PBMC-06-1,PSO12,PSO,SNG,TRUE
GCCATTCTCTAACACG,PBMC-06-1,PSA05,PSA,SNG,TRUE
GCCATTCTCTCTTGCG,PBMC-06-1,PSA04,PSA,SNG,TRUE
GCCCAGACAACGTTAC,PBMC-06-1,PSA04,PSA,SNG,TRUE
GCCCAGACAATACCTG,PBMC-06-1,PSA14,PSA,SNG,TRUE
GCCCAGACACTCAAGT,PBMC-06-1,PSA04,PSA,SNG,TRUE
GCCCAGACAGAATGTA,PBMC-06-1,PSO14,PSO,SNG,TRUE
GCCCAGACAGTGTATC,PBMC-06-1,PSA07,PSA,SNG,TRUE
GCCCAGAGTACCTGTA,PBMC-06-1,PSA05,PSA,SNG,TRUE
GCCCAGAGTCACAGAG,PBMC-06-1,PSO15,PSO,SNG,TRUE
GCCCAGAGTCCTCAGG,PBMC-06-1,PSA15,PSA,SNG,TRUE
GCCCAGAGTGGATTTC,PBMC-06-1,PSA16,PSA,DBL,FALSE
GCCCGAAAGCTGAGCA,PBMC-06-1,PSO11,PSO,SNG,TRUE
GCCCGAACACAGTGAG,PBMC-06-1,PSA05,PSA,SNG,TRUE
GCCCGAAGTAAGGTCG,PBMC-06-1,PSX04,PSX,SNG,TRUE
GCCCGAAGTCTACAGT,PBMC-06-1,PSA04,PSA,SNG,TRUE
GCCCGAAGTGAGAGGG,PBMC-06-1,PSA12,PSA,SNG,TRUE
GCCCGAAGTTGCTTGA,PBMC-06-1,PSA05,PSA,SNG,TRUE
GCCCGAAGTTGTTTGG,PBMC-06-1,PSA17,PSA,SNG,TRUE
GCCCGAAGTTTCAGAC,PBMC-06-1,PSA02,PSA,SNG,TRUE
GCCCGAAGTTTCGTGA,PBMC-06-1,PSA17,PSA,SNG,TRUE
GCCCGAATCCCTCAAC,PBMC-06-1,PSO14,PSO,SNG,TRUE
GCCCGAATCGGAATTC,PBMC-06-1,PSX01,PSX,SNG,TRUE
GCCCGAATCTCTGAGA,PBMC-06-1,PSA13,PSA,SNG,TRUE
GCCCGAATCTTTCTAG,PBMC-06-1,PSX01,PSX,SNG,TRUE
GCCGATGAGATACTGA,PBMC-06-1,PSA04,PSA,SNG,TRUE
GCCGATGAGCCTGCCA,PBMC-06-1,PSA03,PSA,SNG,TRUE
GCCGATGAGCCTGTCG,PBMC-06-1,PSO14,PSO,AMB,FALSE
GCCGATGAGGACTAAT,PBMC-06-1,PSA07,PSA,SNG,TRUE
GCCGATGAGGGTGGGA,PBMC-06-1,PSA05,PSA,SNG,TRUE
GCCGATGAGTGAACAT,PBMC-06-1,PSO15,PSO,DBL,FALSE
GCCGATGCACGCGCTA,PBMC-06-1,PSA06,PSA,SNG,FALSE
GCCGATGCACTTCTCG,PBMC-06-1,PSA07,PSA,DBL,FALSE
GCCGATGCAGGCTACC,PBMC-06-1,PSA02,PSA,SNG,TRUE
GCCGATGCATCCAATG,PBMC-06-1,PSA12,PSA,SNG,TRUE
GCCGATGGTAAGGCTG,PBMC-06-1,PSO13,PSO,AMB,FALSE
GCCGATGGTAAGTCAA,PBMC-06-1,PSA17,PSA,SNG,TRUE
GCCGATGGTCACTTAG,PBMC-06-1,PSA04,PSA,SNG,TRUE
GCCGATGGTTACGTAC,PBMC-06-1,PSO14,PSO,SNG,TRUE
GCCGATGTCAGCGTCG,PBMC-06-1,PSO15,PSO,SNG,FALSE
GCCGATGTCGAGGCAA,PBMC-06-1,PSA13,PSA,SNG,TRUE
GCCGATGTCGCTACAA,PBMC-06-1,PSX01,PSX,SNG,TRUE
GCCGATGTCGGCTCTT,PBMC-06-1,PSA02,PSA,SNG,TRUE
GCCGATGTCTACACTT,PBMC-06-1,PSX01,PSX,DBL,FALSE
GCCGATGTCTGGACCG,PBMC-06-1,PSA02,PSA,SNG,TRUE
GCCGATGTCTGTCCCA,PBMC-06-1,PSA12,PSA,SNG,TRUE
GCCGTGAAGATGATTG,PBMC-06-1,PSA12,PSA,SNG,TRUE
GCCGTGAAGATTAGTG,PBMC-06-1,PSA12,PSA,DBL,FALSE
GCCGTGAAGTGAATAC,PBMC-06-1,PSX01,PSX,DBL,FALSE
GCCGTGAAGTTTGAGA,PBMC-06-1,PSA05,PSA,SNG,TRUE
GCCGTGACAGGACAGT,PBMC-06-1,PSA04,PSA,AMB,FALSE
GCCGTGAGTCTACGTA,PBMC-06-1,PSA16,PSA,SNG,TRUE
GCCGTGAGTTATAGAG,PBMC-06-1,PSA07,PSA,DBL,FALSE
GCCGTGAGTTGTCTAG,PBMC-06-1,PSO14,PSO,DBL,FALSE
GCCGTGAGTTTGAACC,PBMC-06-1,PSA14,PSA,SNG,TRUE
GCCGTGATCATGAGTC,PBMC-06-1,PSA13,PSA,AMB,FALSE
GCCGTGATCCTAAACG,PBMC-06-1,PSA14,PSA,SNG,TRUE
GCCGTGATCGCCGATG,PBMC-06-1,PSA15,PSA,SNG,TRUE
GCCGTGATCGGCTTGG,PBMC-06-1,PSA16,PSA,SNG,TRUE
GCCGTGATCGGTCACG,PBMC-06-1,PSA12,PSA,SNG,FALSE
GCCTGTTAGACTAGAT,PBMC-06-1,PSO12,PSO,SNG,FALSE
GCCTGTTAGATAGGGA,PBMC-06-1,PSX01,PSX,DBL,FALSE
GCCTGTTAGCGATGAC,PBMC-06-1,PSA03,PSA,SNG,TRUE
GCCTGTTAGCTGACTT,PBMC-06-1,PSA06,PSA,SNG,TRUE
GCCTGTTAGGCAGCTA,PBMC-06-1,PSX01,PSX,SNG,TRUE
GCCTGTTAGGGCAGGA,PBMC-06-1,PSA07,PSA,SNG,TRUE
GCCTGTTCAAGCGCTC,PBMC-06-1,PSA05,PSA,SNG,TRUE
GCCTGTTCACGACAAG,PBMC-06-1,PSA12,PSA,SNG,TRUE
GCCTGTTCACTACGGC,PBMC-06-1,PSX01,PSX,SNG,FALSE
GCCTGTTCACTGGATT,PBMC-06-1,PSA16,PSA,DBL,FALSE
GCCTGTTCATCGCTAA,PBMC-06-1,PSO11,PSO,DBL,FALSE
GCCTGTTGTACAATAG,PBMC-06-1,PSA14,PSA,AMB,FALSE
GCCTGTTGTACGACTT,PBMC-06-1,PSO12,PSO,SNG,TRUE
GCCTGTTTCAACTGAC,PBMC-06-1,PSO12,PSO,DBL,FALSE
GCCTGTTTCCACCTGT,PBMC-06-1,PSO11,PSO,AMB,FALSE
GCCTGTTTCCTAGCGG,PBMC-06-1,PSO15,PSO,SNG,FALSE
GCCTGTTTCCTGTAAG,PBMC-06-1,PSO15,PSO,SNG,FALSE
GCCTGTTTCGGATTAC,PBMC-06-1,PSO14,PSO,SNG,FALSE
GCCTGTTTCTTAGCCC,PBMC-06-1,PSA04,PSA,SNG,TRUE
GCCTGTTTCTTCCACG,PBMC-06-1,PSO15,PSO,DBL,FALSE
GCGAGAACAAAGACGC,PBMC-06-1,PSA14,PSA,SNG,TRUE
GCGAGAACAACCGCTG,PBMC-06-1,PSA07,PSA,SNG,TRUE
GCGAGAACAAGCACAG,PBMC-06-1,PSA02,PSA,SNG,TRUE
GCGAGAACAATAGGAT,PBMC-06-1,PSA02,PSA,SNG,TRUE
GCGAGAACACATCATG,PBMC-06-1,PSA05,PSA,AMB,FALSE
GCGAGAACAGCTTTGA,PBMC-06-1,PSA17,PSA,DBL,FALSE
GCGAGAACAGTTTGGT,PBMC-06-1,PSO12,PSO,SNG,TRUE
GCGAGAAGTCCGGTGT,PBMC-06-1,PSA17,PSA,SNG,TRUE
GCGAGAAGTGAATATG,PBMC-06-1,PSO11,PSO,SNG,TRUE
GCGAGAAGTTCAGCGC,PBMC-06-1,PSA06,PSA,DBL,FALSE
GCGAGAAGTTTCGCTC,PBMC-06-1,PSA15,PSA,SNG,FALSE
GCGATCGAGACTTCCA,PBMC-06-1,PSO13,PSO,SNG,TRUE
GCGATCGAGCTGACCC,PBMC-06-1,PSA16,PSA,SNG,FALSE
GCGATCGCAACACGTT,PBMC-06-1,PSA14,PSA,SNG,TRUE
GCGATCGCAAGTACCT,PBMC-06-1,PSA03,PSA,SNG,TRUE
GCGATCGCACCAGCTG,PBMC-06-1,PSO12,PSO,SNG,TRUE
GCGATCGCACTTCAGA,PBMC-06-1,PSA16,PSA,SNG,TRUE
GCGATCGCATGACAAA,PBMC-06-1,PSA12,PSA,SNG,FALSE
GCGATCGGTACTGTTG,PBMC-06-1,PSA03,PSA,DBL,FALSE
GCGATCGGTATGAAAC,PBMC-06-1,PSO15,PSO,SNG,TRUE
GCGATCGGTATGGTAA,PBMC-06-1,PSA14,PSA,DBL,FALSE
GCGATCGGTCCAAATC,PBMC-06-1,PSO15,PSO,SNG,TRUE
GCGATCGGTGGAATGC,PBMC-06-1,PSO11,PSO,DBL,FALSE
GCGATCGTCAAGTTGC,PBMC-06-1,PSA12,PSA,SNG,FALSE
GCGATCGTCCTCTCGA,PBMC-06-1,PSO12,PSO,SNG,TRUE
GCGATCGTCGACTCCT,PBMC-06-1,PSA04,PSA,SNG,TRUE
GCGATCGTCGAGCCAC,PBMC-06-1,PSA02,PSA,DBL,FALSE
GCGATCGTCGCTCCTA,PBMC-06-1,PSA06,PSA,SNG,TRUE
GCGATCGTCTCTCGAC,PBMC-06-1,PSO12,PSO,SNG,TRUE
GCGGAAACACAATCTG,PBMC-06-1,PSA12,PSA,SNG,TRUE
GCGGAAACACACGCCA,PBMC-06-1,PSA15,PSA,SNG,FALSE
GCGGAAACATCCTTGC,PBMC-06-1,PSA16,PSA,SNG,TRUE
GCGGAAAGTAAGCAAT,PBMC-06-1,PSA17,PSA,SNG,FALSE
GCGGAAAGTAGCACGA,PBMC-06-1,PSA13,PSA,SNG,TRUE
GCGGAAAGTATCAGGG,PBMC-06-1,PSA17,PSA,SNG,TRUE
GCGGAAAGTCCCGGTA,PBMC-06-1,PSA16,PSA,AMB,FALSE
GCGGAAAGTCGCACGT,PBMC-06-1,PSO15,PSO,SNG,TRUE
GCGGAAAGTGTTCGTA,PBMC-06-1,PSA04,PSA,DBL,FALSE
GCGGAAAGTTAATCGC,PBMC-06-1,PSA14,PSA,SNG,TRUE
GCGGAAAGTTGACTGT,PBMC-06-1,PSA04,PSA,SNG,TRUE
GCGGATCAGAAGTCCG,PBMC-06-1,PSO15,PSO,SNG,TRUE
GCGGATCAGATAGGGA,PBMC-06-1,PSO15,PSO,SNG,TRUE
GCGGATCAGCCATGCC,PBMC-06-1,PSA17,PSA,SNG,TRUE
GCGGATCAGGTAAGAG,PBMC-06-1,PSA02,PSA,SNG,TRUE
GCGGATCAGTCGGGAT,PBMC-06-1,PSX01,PSX,DBL,FALSE
GCGGATCAGTTGAATG,PBMC-06-1,PSO15,PSO,SNG,FALSE
GCGGATCAGTTTGTCG,PBMC-06-1,PSO11,PSO,SNG,TRUE
GCGGATCCAAAGAACT,PBMC-06-1,PSO11,PSO,DBL,FALSE
GCGGATCCAACACAAA,PBMC-06-1,PSA16,PSA,SNG,TRUE
GCGGATCCACAAAGCG,PBMC-06-1,PSA14,PSA,SNG,TRUE
GCGGATCCACAGTACT,PBMC-06-1,PSA14,PSA,SNG,FALSE
GCGGATCCAGACGATG,PBMC-06-1,PSA02,PSA,SNG,TRUE
GCGGATCCAGCACAAG,PBMC-06-1,PSO12,PSO,SNG,TRUE
GCGGATCGTCGCATGC,PBMC-06-1,PSO15,PSO,DBL,FALSE
GCGGATCGTGACACAG,PBMC-06-1,PSA15,PSA,SNG,TRUE
GCGGATCGTGACTGAG,PBMC-06-1,PSX04,PSX,SNG,TRUE
GCGGATCGTTGGGATG,PBMC-06-1,PSA16,PSA,SNG,TRUE
GCGGATCTCAGACTGT,PBMC-06-1,PSO15,PSO,SNG,TRUE
GCGGATCTCCTCGATC,PBMC-06-1,PSA17,PSA,SNG,TRUE
GCGGATCTCTCCTACG,PBMC-06-1,PSA15,PSA,SNG,FALSE
GCGTGCAAGAACAAGG,PBMC-06-1,PSX04,PSX,SNG,TRUE
GCGTGCAAGATGTTGA,PBMC-06-1,PSA03,PSA,SNG,TRUE
GCGTGCAAGCAGGCAT,PBMC-06-1,PSX04,PSX,SNG,TRUE
GCGTGCACAAATACAG,PBMC-06-1,PSO15,PSO,SNG,TRUE
GCGTGCACAACCAACT,PBMC-06-1,PSO11,PSO,SNG,TRUE
GCGTGCACAACGACTT,PBMC-06-1,PSA17,PSA,DBL,FALSE
GCGTGCACAATGGCAG,PBMC-06-1,PSA07,PSA,DBL,FALSE
GCGTGCACACGCACCA,PBMC-06-1,PSA13,PSA,SNG,TRUE
GCGTGCACAGACCTGC,PBMC-06-1,PSA15,PSA,SNG,TRUE
GCGTGCACAGAGTTGG,PBMC-06-1,PSO15,PSO,SNG,TRUE
GCGTGCACAGCAGACA,PBMC-06-1,PSA06,PSA,SNG,FALSE
GCGTGCACAGGCGAAT,PBMC-06-1,PSA04,PSA,DBL,FALSE
GCGTGCAGTACGAAAT,PBMC-06-1,PSO15,PSO,AMB,FALSE
GCGTGCAGTAGACAGC,PBMC-06-1,PSA06,PSA,SNG,TRUE
GCGTGCAGTCTCAGGC,PBMC-06-1,PSA07,PSA,SNG,FALSE
GCGTGCAGTGGATACG,PBMC-06-1,PSA12,PSA,DBL,FALSE
GCGTGCAGTGGTCAAG,PBMC-06-1,PSA17,PSA,SNG,TRUE
GCGTGCATCATAGCAC,PBMC-06-1,PSA04,PSA,SNG,TRUE
GCGTGCATCCAGTGCG,PBMC-06-1,PSO12,PSO,DBL,FALSE
GCGTGCATCCCGAGAC,PBMC-06-1,PSX01,PSX,SNG,TRUE
GCGTGCATCCCGATCT,PBMC-06-1,PSO11,PSO,SNG,TRUE
GCGTGCATCCGTCAAA,PBMC-06-1,PSA12,PSA,SNG,FALSE
GCGTGCATCCTGTAGA,PBMC-06-1,PSO12,PSO,SNG,TRUE
GCGTGCATCGCATTGA,PBMC-06-1,PSX04,PSX,SNG,TRUE
GCGTTTCAGAAGGATG,PBMC-06-1,PSO15,PSO,SNG,FALSE
GCGTTTCAGGATCATA,PBMC-06-1,PSA14,PSA,SNG,TRUE
GCGTTTCAGGTACCTT,PBMC-06-1,PSA06,PSA,DBL,FALSE
GCGTTTCAGGTAGACC,PBMC-06-1,PSA12,PSA,SNG,TRUE
GCGTTTCAGTTGTCAC,PBMC-06-1,PSA05,PSA,AMB,FALSE
GCGTTTCCAATTGAGA,PBMC-06-1,PSO11,PSO,AMB,FALSE
GCGTTTCCACACTGGC,PBMC-06-1,PSA04,PSA,SNG,TRUE
GCGTTTCCACATCATG,PBMC-06-1,PSA17,PSA,SNG,TRUE
GCGTTTCGTAAGGCCA,PBMC-06-1,PSO11,PSO,SNG,TRUE
GCGTTTCGTAGTACGG,PBMC-06-1,PSA17,PSA,SNG,TRUE
GCGTTTCGTGCTGATT,PBMC-06-1,PSA03,PSA,SNG,TRUE
GCGTTTCTCACAATGC,PBMC-06-1,PSO14,PSO,SNG,TRUE
GCGTTTCTCGGTAACT,PBMC-06-1,PSX04,PSX,SNG,TRUE
GCGTTTCTCGTAGCTA,PBMC-06-1,PSO15,PSO,SNG,TRUE
GCGTTTCTCTGGACTA,PBMC-06-1,PSA17,PSA,SNG,TRUE
GCGTTTCTCTTGGAAC,PBMC-06-1,PSA06,PSA,SNG,TRUE
GCTACAAAGAATTGTG,PBMC-06-1,PSA02,PSA,SNG,TRUE
GCTACAAAGCGTTAGG,PBMC-06-1,PSO14,PSO,SNG,FALSE
GCTACAAAGTAACAGT,PBMC-06-1,PSA06,PSA,SNG,TRUE
GCTACAAAGTCATAGA,PBMC-06-1,PSA05,PSA,SNG,TRUE
GCTACAAAGTGCTCGC,PBMC-06-1,PSA13,PSA,SNG,TRUE
GCTACAAAGTTGCATC,PBMC-06-1,PSO15,PSO,SNG,TRUE
GCTACAACACACGGAA,PBMC-06-1,PSA16,PSA,SNG,TRUE
GCTACAACACGCTGTG,PBMC-06-1,PSX01,PSX,SNG,TRUE
GCTACAACACGTTCGG,PBMC-06-1,PSA07,PSA,SNG,FALSE
GCTACAACAGGTCTCG,PBMC-06-1,PSO15,PSO,DBL,FALSE
GCTACAAGTAATACCC,PBMC-06-1,PSA14,PSA,DBL,FALSE
GCTACAAGTAGCTGTT,PBMC-06-1,PSO12,PSO,SNG,TRUE
GCTACAAGTATCACGT,PBMC-06-1,PSA17,PSA,AMB,FALSE
GCTACAAGTATGATCC,PBMC-06-1,PSA12,PSA,SNG,FALSE
GCTACAAGTCCTGAAT,PBMC-06-1,PSX04,PSX,SNG,TRUE
GCTACAAGTCGTGTTA,PBMC-06-1,PSA15,PSA,SNG,FALSE
GCTACAATCAGAGTTC,PBMC-06-1,PSA02,PSA,DBL,FALSE
GCTACAATCATGCGGC,PBMC-06-1,PSX01,PSX,SNG,FALSE
GCTACAATCATTTGCT,PBMC-06-1,PSO15,PSO,SNG,TRUE
GCTACAATCCGCACGA,PBMC-06-1,PSA12,PSA,SNG,TRUE
GCTACAATCCTTCTGG,PBMC-06-1,PSA06,PSA,AMB,FALSE
GCTACAATCTGGACTA,PBMC-06-1,PSO15,PSO,SNG,TRUE
GCTACCTAGATGGCAC,PBMC-06-1,PSA03,PSA,SNG,TRUE
GCTACCTAGATGGTCG,PBMC-06-1,PSA02,PSA,SNG,TRUE
GCTACCTAGCCTCAAT,PBMC-06-1,PSA03,PSA,AMB,FALSE
GCTACCTAGGATACGC,PBMC-06-1,PSA07,PSA,SNG,TRUE
GCTACCTAGGGCCAAT,PBMC-06-1,PSO14,PSO,SNG,TRUE
GCTACCTAGTGATAGT,PBMC-06-1,PSA07,PSA,DBL,FALSE
GCTACCTAGTGCAGGT,PBMC-06-1,PSX01,PSX,SNG,TRUE
GCTACCTGTGTGTGGA,PBMC-06-1,PSX04,PSX,DBL,FALSE
GCTACCTGTGTTAGCT,PBMC-06-1,PSA02,PSA,SNG,TRUE
GCTACCTGTTCTTGTT,PBMC-06-1,PSA03,PSA,AMB,FALSE
GCTACCTGTTTCGATG,PBMC-06-1,PSA17,PSA,SNG,TRUE
GCTACCTGTTTCGTGA,PBMC-06-1,PSX04,PSX,SNG,TRUE
GCTACCTTCCTGTAAG,PBMC-06-1,PSA07,PSA,SNG,TRUE
GCTACCTTCGGCTCTT,PBMC-06-1,PSA17,PSA,AMB,FALSE
GCTCAAACAAAGGGTC,PBMC-06-1,PSA13,PSA,AMB,FALSE
GCTCAAACAACGACAG,PBMC-06-1,PSA06,PSA,SNG,TRUE
GCTCAAACACGGCACT,PBMC-06-1,PSA04,PSA,AMB,FALSE
GCTCAAACATTAGGAA,PBMC-06-1,PSA07,PSA,SNG,TRUE
GCTCAAACATTGAGGG,PBMC-06-1,PSA02,PSA,SNG,FALSE
GCTCAAAGTATCACCA,PBMC-06-1,PSX04,PSX,SNG,TRUE
GCTCAAAGTATGACAA,PBMC-06-1,PSA05,PSA,SNG,TRUE
GCTCAAAGTCACCACG,PBMC-06-1,PSO13,PSO,SNG,TRUE
GCTCAAAGTCCCAAAT,PBMC-06-1,PSA13,PSA,SNG,TRUE
GCTCAAAGTCCTACAA,PBMC-06-1,PSO12,PSO,DBL,FALSE
GCTCAAAGTGACCGAA,PBMC-06-1,PSA04,PSA,SNG,FALSE
GCTCAAAGTGCTCGTG,PBMC-06-1,PSO15,PSO,DBL,FALSE
GCTGAATAGAACCGCA,PBMC-06-1,PSO11,PSO,SNG,TRUE
GCTGAATAGCACTAGG,PBMC-06-1,PSA14,PSA,SNG,TRUE
GCTGAATAGCATTTGC,PBMC-06-1,PSA02,PSA,SNG,TRUE
GCTGAATAGCCGAATG,PBMC-06-1,PSO15,PSO,SNG,TRUE
GCTGAATAGCGAGTAC,PBMC-06-1,PSA07,PSA,SNG,TRUE
GCTGAATAGCTGACCC,PBMC-06-1,PSA06,PSA,SNG,TRUE
GCTGAATAGGCTTCCG,PBMC-06-1,PSA07,PSA,DBL,FALSE
GCTGAATAGGGCATGT,PBMC-06-1,PSA15,PSA,DBL,FALSE
GCTGAATAGTAAGGGA,PBMC-06-1,PSA06,PSA,SNG,TRUE
GCTGAATCACAGCGCT,PBMC-06-1,PSA04,PSA,SNG,TRUE
GCTGAATCAGCCCACA,PBMC-06-1,PSX04,PSX,DBL,FALSE
GCTGAATCAGCCTATA,PBMC-06-1,PSA04,PSA,SNG,TRUE
GCTGAATGTACCTATG,PBMC-06-1,PSA06,PSA,SNG,TRUE
GCTGAATGTAGAATAC,PBMC-06-1,PSO12,PSO,SNG,TRUE
GCTGAATGTATTTCTC,PBMC-06-1,PSX01,PSX,DBL,FALSE
GCTGAATGTTCAAAGA,PBMC-06-1,PSA15,PSA,SNG,TRUE
GCTGAATGTTGTCAGT,PBMC-06-1,PSA15,PSA,SNG,TRUE
GCTGAATTCAAGGTGG,PBMC-06-1,PSO12,PSO,DBL,FALSE
GCTGAATTCATGCTAG,PBMC-06-1,PSA17,PSA,SNG,TRUE
GCTGAATTCATTTGCT,PBMC-06-1,PSA15,PSA,SNG,FALSE
GCTGAATTCCACGGGT,PBMC-06-1,PSA05,PSA,SNG,TRUE
GCTGCAGAGCACCAGA,PBMC-06-1,PSA17,PSA,SNG,TRUE
GCTGCAGAGCAGTACG,PBMC-06-1,PSO15,PSO,SNG,TRUE
GCTGCAGAGGCGTTGA,PBMC-06-1,PSA03,PSA,SNG,FALSE
GCTGCAGAGGGCCCTT,PBMC-06-1,PSO15,PSO,SNG,TRUE
GCTGCAGCAACAGCTT,PBMC-06-1,PSA12,PSA,DBL,FALSE
GCTGCAGCAAGCCCAC,PBMC-06-1,PSA16,PSA,SNG,TRUE
GCTGCAGCAAGCGCTC,PBMC-06-1,PSA07,PSA,SNG,TRUE
GCTGCAGCACCACTGG,PBMC-06-1,PSA15,PSA,SNG,TRUE
GCTGCAGCACTTACAG,PBMC-06-1,PSA05,PSA,SNG,TRUE
GCTGCAGCAGCTATTG,PBMC-06-1,PSA16,PSA,DBL,FALSE
GCTGCAGCAGGAATCG,PBMC-06-1,PSA15,PSA,SNG,TRUE
GCTGCAGCATAAGCAA,PBMC-06-1,PSA14,PSA,SNG,TRUE
GCTGCAGCATCGCTCT,PBMC-06-1,PSA04,PSA,SNG,TRUE
GCTGCAGGTAAGGAGA,PBMC-06-1,PSO14,PSO,DBL,FALSE
GCTGCAGGTAGGACCA,PBMC-06-1,PSX04,PSX,SNG,TRUE
GCTGCAGGTGCGGCTT,PBMC-06-1,PSO12,PSO,SNG,TRUE
GCTGCAGGTGTCATTG,PBMC-06-1,PSA07,PSA,SNG,FALSE
GCTGCAGTCCGAGTGC,PBMC-06-1,PSA02,PSA,SNG,TRUE
GCTGCAGTCGTGGGTC,PBMC-06-1,PSA07,PSA,SNG,TRUE
GCTGGGTAGACATAAC,PBMC-06-1,PSO12,PSO,SNG,FALSE
GCTGGGTAGAGTGGCT,PBMC-06-1,PSA06,PSA,SNG,TRUE
GCTGGGTAGCACCTGC,PBMC-06-1,PSA02,PSA,SNG,TRUE
GCTGGGTAGCGTTGTT,PBMC-06-1,PSA02,PSA,SNG,TRUE
GCTGGGTAGGAAGTGA,PBMC-06-1,PSA16,PSA,SNG,TRUE
GCTGGGTAGTATGTAG,PBMC-06-1,PSA05,PSA,DBL,FALSE
GCTGGGTCAACCAACT,PBMC-06-1,PSX04,PSX,DBL,FALSE
GCTGGGTCAAGTGATA,PBMC-06-1,PSO13,PSO,SNG,TRUE
GCTGGGTCACACGTGC,PBMC-06-1,PSO12,PSO,SNG,TRUE
GCTGGGTCAGAAGCTG,PBMC-06-1,PSA07,PSA,SNG,TRUE
GCTGGGTCAGGTCAAG,PBMC-06-1,PSA17,PSA,SNG,TRUE
GCTGGGTCATACAGCT,PBMC-06-1,PSO12,PSO,DBL,FALSE
GCTGGGTGTAATTAGG,PBMC-06-1,PSA15,PSA,SNG,TRUE
GCTGGGTGTACATTGC,PBMC-06-1,PSA07,PSA,SNG,TRUE
GCTGGGTGTCGCAACC,PBMC-06-1,PSA02,PSA,SNG,TRUE
GCTGGGTGTTCTAACG,PBMC-06-1,PSA07,PSA,SNG,FALSE
GCTGGGTGTTTCACTT,PBMC-06-1,PSA02,PSA,AMB,FALSE
GCTGGGTTCACATACG,PBMC-06-1,PSO12,PSO,SNG,TRUE
GCTGGGTTCCCTATTA,PBMC-06-1,PSA14,PSA,SNG,TRUE
GCTGGGTTCGAACCTA,PBMC-06-1,PSA06,PSA,SNG,TRUE
GCTTCACAGAAACCCG,PBMC-06-1,PSX04,PSX,SNG,TRUE
GCTTCACAGCGAGTAC,PBMC-06-1,PSO15,PSO,SNG,TRUE
GCTTCACAGCTCGCAC,PBMC-06-1,PSO11,PSO,SNG,TRUE
GCTTCACAGGCATCAG,PBMC-06-1,PSA12,PSA,SNG,TRUE
GCTTCACAGGCCATAG,PBMC-06-1,PSO14,PSO,SNG,TRUE
GCTTCACAGGCTTAAA,PBMC-06-1,PSX04,PSX,SNG,TRUE
GCTTCACAGGGCAGGA,PBMC-06-1,PSA05,PSA,SNG,TRUE
GCTTCACAGTGAGGTC,PBMC-06-1,PSA07,PSA,SNG,TRUE
GCTTCACAGTGGTTAA,PBMC-06-1,PSA12,PSA,DBL,FALSE
GCTTCACCAACGCATT,PBMC-06-1,PSA12,PSA,SNG,TRUE
GCTTCACCAAGAGGTC,PBMC-06-1,PSA14,PSA,SNG,TRUE
GCTTCACCAGCAATTC,PBMC-06-1,PSA07,PSA,SNG,FALSE
GCTTCACCATGACACT,PBMC-06-1,PSA02,PSA,SNG,FALSE
GCTTCACGTCCCACGA,PBMC-06-1,PSX04,PSX,SNG,TRUE
GCTTCACGTCCTGGTG,PBMC-06-1,PSA12,PSA,SNG,TRUE
GCTTCACGTGTCATCA,PBMC-06-1,PSA17,PSA,SNG,TRUE
GCTTCACGTTGCGGCT,PBMC-06-1,PSA15,PSA,SNG,TRUE
GCTTCACGTTGGACTT,PBMC-06-1,PSA16,PSA,SNG,TRUE
GCTTCACTCACCTCGT,PBMC-06-1,PSA07,PSA,DBL,FALSE
GCTTCACTCACCTCTG,PBMC-06-1,PSX04,PSX,SNG,TRUE
GCTTCACTCCGAAGGA,PBMC-06-1,PSA17,PSA,DBL,FALSE
GCTTCACTCCGATTAG,PBMC-06-1,PSO15,PSO,SNG,TRUE
GCTTCACTCGAGTGGA,PBMC-06-1,PSO15,PSO,SNG,TRUE
GCTTCACTCGCAGTCG,PBMC-06-1,PSA06,PSA,DBL,FALSE
GCTTCACTCGCTCTCA,PBMC-06-1,PSA15,PSA,SNG,FALSE
GCTTCACTCTATACGG,PBMC-06-1,PSA03,PSA,SNG,FALSE
GCTTCACTCTGTGCGG,PBMC-06-1,PSA04,PSA,DBL,FALSE
GCTTGGGAGCAGCGAT,PBMC-06-1,PSA06,PSA,SNG,FALSE
GCTTGGGAGGATGTTA,PBMC-06-1,PSA17,PSA,DBL,FALSE
GCTTGGGAGGCACTCC,PBMC-06-1,PSO15,PSO,SNG,TRUE
GCTTGGGAGTAGGATT,PBMC-06-1,PSX04,PSX,SNG,TRUE
GCTTGGGAGTGAGTGC,PBMC-06-1,PSO11,PSO,SNG,TRUE
GCTTGGGCAAGGCAAC,PBMC-06-1,PSO12,PSO,SNG,TRUE
GCTTGGGCACATAGCT,PBMC-06-1,PSA04,PSA,SNG,TRUE
GCTTGGGCACTACAGT,PBMC-06-1,PSA16,PSA,DBL,FALSE
GCTTGGGCACTGTGTA,PBMC-06-1,PSO12,PSO,SNG,TRUE
GCTTGGGCAGCTGAGA,PBMC-06-1,PSO15,PSO,DBL,FALSE
GCTTGGGCATAGATGA,PBMC-06-1,PSA07,PSA,SNG,TRUE
GCTTGGGCATGGTGGA,PBMC-06-1,PSO11,PSO,SNG,FALSE
GCTTGGGCATTCAGGT,PBMC-06-1,PSA04,PSA,SNG,TRUE
GCTTGGGGTCAGTTTG,PBMC-06-1,PSA02,PSA,SNG,TRUE
GCTTGGGGTGTTATCG,PBMC-06-1,PSO11,PSO,SNG,FALSE
GCTTGGGGTTTCGTAG,PBMC-06-1,PSA14,PSA,SNG,TRUE
GCTTGGGGTTTCTTAC,PBMC-06-1,PSA03,PSA,SNG,TRUE
GCTTGGGTCGCCCAGA,PBMC-06-1,PSA04,PSA,SNG,TRUE
GCTTTCGCAACTACGT,PBMC-06-1,PSA02,PSA,SNG,TRUE
GCTTTCGCACAAGTGG,PBMC-06-1,PSO15,PSO,SNG,TRUE
GCTTTCGCACCTAAAC,PBMC-06-1,PSO15,PSO,SNG,TRUE
GCTTTCGCATTCCTAT,PBMC-06-1,PSO14,PSO,SNG,TRUE
GCTTTCGGTAAGCAAT,PBMC-06-1,PSA07,PSA,SNG,TRUE
GCTTTCGGTACCCGAC,PBMC-06-1,PSO15,PSO,SNG,TRUE
GCTTTCGGTCCCGGTA,PBMC-06-1,PSA14,PSA,SNG,FALSE
GCTTTCGGTGCAGGAT,PBMC-06-1,PSO12,PSO,SNG,FALSE
GGAACCCAGACATCAA,PBMC-06-1,PSO15,PSO,SNG,TRUE
GGAACCCAGATACTGA,PBMC-06-1,PSA07,PSA,SNG,TRUE
GGAACCCAGCCAAGCA,PBMC-06-1,PSA03,PSA,SNG,TRUE
GGAACCCAGTGGTTCT,PBMC-06-1,PSA12,PSA,SNG,TRUE
GGAACCCCACGATTCA,PBMC-06-1,PSA14,PSA,DBL,FALSE
GGAACCCCACTAACGT,PBMC-06-1,PSO15,PSO,SNG,TRUE
GGAACCCCACTGAGGA,PBMC-06-1,PSA13,PSA,SNG,TRUE
GGAACCCCACTGCACG,PBMC-06-1,PSA13,PSA,SNG,TRUE
GGAACCCCACTTACAG,PBMC-06-1,PSA02,PSA,SNG,TRUE
GGAACCCCAGCCGGTT,PBMC-06-1,PSA14,PSA,SNG,TRUE
GGAACCCCAGCTAACT,PBMC-06-1,PSX04,PSX,SNG,TRUE
GGAACCCGTAATGTGA,PBMC-06-1,PSA15,PSA,SNG,TRUE
GGAACCCGTATCCTCC,PBMC-06-1,PSA07,PSA,SNG,FALSE
GGAACCCGTCGAATTC,PBMC-06-1,PSA15,PSA,SNG,FALSE
GGAACCCGTCTCGGGT,PBMC-06-1,PSA07,PSA,SNG,TRUE
GGAACCCGTGCATGAG,PBMC-06-1,PSX01,PSX,SNG,TRUE
GGAACCCGTGCCTTCT,PBMC-06-1,PSA06,PSA,SNG,TRUE
GGAACCCGTTATGTGC,PBMC-06-1,PSA02,PSA,SNG,TRUE
GGAACCCTCAATCAGC,PBMC-06-1,PSA04,PSA,SNG,TRUE
GGAACCCTCAGACCCG,PBMC-06-1,PSX01,PSX,SNG,FALSE
GGAACCCTCCGAGATT,PBMC-06-1,PSA16,PSA,DBL,FALSE
GGAACCCTCTAACACG,PBMC-06-1,PSO11,PSO,SNG,TRUE
GGAAGTGAGACACACG,PBMC-06-1,PSA07,PSA,SNG,TRUE
GGAAGTGAGACCATTC,PBMC-06-1,PSA07,PSA,SNG,TRUE
GGAAGTGAGCATCTTG,PBMC-06-1,PSA13,PSA,SNG,TRUE
GGAAGTGAGCGGTATG,PBMC-06-1,PSA05,PSA,SNG,TRUE
GGAAGTGAGTACTGTC,PBMC-06-1,PSA06,PSA,DBL,FALSE
GGAAGTGAGTAGTCCT,PBMC-06-1,PSA14,PSA,SNG,TRUE
GGAAGTGAGTTATGGA,PBMC-06-1,PSX01,PSX,SNG,TRUE
GGAAGTGCAATGAACA,PBMC-06-1,PSO15,PSO,SNG,TRUE
GGAAGTGCACACGTGC,PBMC-06-1,PSA13,PSA,SNG,TRUE
GGAAGTGCACTGTGAT,PBMC-06-1,PSO12,PSO,SNG,TRUE
GGAAGTGCAGAGAATT,PBMC-06-1,PSA05,PSA,DBL,FALSE
GGAAGTGCAGGAACCA,PBMC-06-1,PSA02,PSA,SNG,TRUE
GGAAGTGCAGTTTGGT,PBMC-06-1,PSA16,PSA,DBL,FALSE
GGAAGTGGTAGCCAGA,PBMC-06-1,PSX01,PSX,SNG,TRUE
GGAAGTGTCCGTAATG,PBMC-06-1,PSA07,PSA,SNG,TRUE
GGAAGTGTCTTCCAGC,PBMC-06-1,PSA03,PSA,SNG,TRUE
GGAATCTAGAAGCCAC,PBMC-06-1,PSO13,PSO,SNG,TRUE
GGAATCTAGACCACGA,PBMC-06-1,PSO13,PSO,SNG,FALSE
GGAATCTAGCCTGACC,PBMC-06-1,PSA17,PSA,SNG,TRUE
GGAATCTAGGATGGCT,PBMC-06-1,PSA17,PSA,SNG,TRUE
GGAATCTAGGGATCAC,PBMC-06-1,PSO15,PSO,SNG,TRUE
GGAATCTAGGGCAACT,PBMC-06-1,PSX04,PSX,SNG,FALSE
GGAATCTAGTATGACA,PBMC-06-1,PSA05,PSA,DBL,FALSE
GGAATCTCAATGAAAC,PBMC-06-1,PSA12,PSA,DBL,FALSE
GGAATCTCAGGCAATG,PBMC-06-1,PSA17,PSA,SNG,TRUE
GGAATCTCAGTTCTAG,PBMC-06-1,PSO15,PSO,SNG,TRUE
GGAATCTCATATCGGT,PBMC-06-1,PSA04,PSA,SNG,TRUE
GGAATCTCATCTCCCA,PBMC-06-1,PSX01,PSX,SNG,FALSE
GGAATCTGTGAAAGTT,PBMC-06-1,PSO14,PSO,SNG,TRUE
GGAATCTGTGAGGATC,PBMC-06-1,PSX01,PSX,SNG,TRUE
GGAATCTGTGCCAAGA,PBMC-06-1,PSA04,PSA,SNG,TRUE
GGAATCTGTGCGTCGT,PBMC-06-1,PSX01,PSX,SNG,TRUE
GGAATCTGTGTGTGTT,PBMC-06-1,PSO11,PSO,DBL,FALSE
GGAATCTGTGTTCCTC,PBMC-06-1,PSA15,PSA,SNG,TRUE
GGAATCTGTTGACTAC,PBMC-06-1,PSX01,PSX,SNG,TRUE
GGAATCTTCACTACGA,PBMC-06-1,PSA07,PSA,SNG,TRUE
GGAATCTTCATGCCGG,PBMC-06-1,PSA13,PSA,SNG,TRUE
GGAATCTTCCATTGTT,PBMC-06-1,PSA05,PSA,SNG,TRUE
GGAATCTTCGCCAATA,PBMC-06-1,PSA17,PSA,SNG,TRUE
GGAATCTTCGCTGACG,PBMC-06-1,PSA14,PSA,SNG,FALSE
GGAATCTTCTACTGCC,PBMC-06-1,PSA13,PSA,SNG,TRUE
GGAATCTTCTAGAGCT,PBMC-06-1,PSA02,PSA,SNG,TRUE
GGAATCTTCTGAACGT,PBMC-06-1,PSO16,PSO,SNG,TRUE
GGAATGGAGACCAAAT,PBMC-06-1,PSA06,PSA,SNG,TRUE
GGAATGGAGCGACCCT,PBMC-06-1,PSX04,PSX,SNG,TRUE
GGAATGGAGCGTCTGC,PBMC-06-1,PSO15,PSO,DBL,FALSE
GGAATGGAGCTGCCTG,PBMC-06-1,PSO11,PSO,AMB,FALSE
GGAATGGAGGCCTTCG,PBMC-06-1,PSA14,PSA,SNG,TRUE
GGAATGGAGTCGAATA,PBMC-06-1,PSA02,PSA,SNG,TRUE
GGAATGGCAGACAAGC,PBMC-06-1,PSA16,PSA,SNG,FALSE
GGAATGGCAGACGCTC,PBMC-06-1,PSA03,PSA,SNG,TRUE
GGAATGGCAGATGCGA,PBMC-06-1,PSA03,PSA,SNG,TRUE
GGAATGGCAGGGAGAG,PBMC-06-1,PSA05,PSA,SNG,TRUE
GGAATGGCATCGGAAG,PBMC-06-1,PSA12,PSA,SNG,TRUE
GGAATGGGTACCTAGT,PBMC-06-1,PSA07,PSA,SNG,TRUE
GGAATGGGTTACCTGA,PBMC-06-1,PSA05,PSA,SNG,TRUE
GGAATGGGTTTGCAGT,PBMC-06-1,PSA15,PSA,SNG,TRUE
GGAATGGTCACATACG,PBMC-06-1,PSO12,PSO,SNG,TRUE
GGAATGGTCCACCTCA,PBMC-06-1,PSO14,PSO,SNG,TRUE
GGAATGGTCCTGGGTG,PBMC-06-1,PSA12,PSA,AMB,FALSE
GGAATGGTCGCAACAT,PBMC-06-1,PSO12,PSO,AMB,FALSE
GGAATGGTCTCGCAGG,PBMC-06-1,PSX04,PSX,SNG,TRUE
GGAATGGTCTGGACTA,PBMC-06-1,PSA14,PSA,DBL,FALSE
GGACGTCCACATTCGA,PBMC-06-1,PSA07,PSA,AMB,FALSE
GGACGTCCAGAGAATT,PBMC-06-1,PSA03,PSA,SNG,TRUE
GGACGTCCAGGTTCCG,PBMC-06-1,PSA17,PSA,SNG,TRUE
GGACGTCGTAATTGGA,PBMC-06-1,PSX01,PSX,SNG,TRUE
GGACGTCGTACTCCGG,PBMC-06-1,PSA05,PSA,SNG,TRUE
GGACGTCGTAGCGTAG,PBMC-06-1,PSX04,PSX,SNG,TRUE
GGACGTCGTAGGTACG,PBMC-06-1,PSO12,PSO,AMB,FALSE
GGACGTCGTCCGCAGT,PBMC-06-1,PSX01,PSX,SNG,TRUE
GGACGTCGTGCCGTAC,PBMC-06-1,PSX04,PSX,SNG,TRUE
GGAGAACAGAGGATGA,PBMC-06-1,PSA07,PSA,SNG,TRUE
GGAGAACAGCAAATGT,PBMC-06-1,PSO15,PSO,SNG,TRUE
GGAGAACAGCTTGTTG,PBMC-06-1,PSA12,PSA,SNG,TRUE
GGAGAACAGGTAGCCA,PBMC-06-1,PSA16,PSA,SNG,TRUE
GGAGAACCAATAGTCC,PBMC-06-1,PSA02,PSA,SNG,TRUE
GGAGAACCAATGCAGG,PBMC-06-1,PSA03,PSA,SNG,TRUE
GGAGAACCACAACCGC,PBMC-06-1,PSA02,PSA,SNG,TRUE
GGAGAACCACTGAATC,PBMC-06-1,PSX01,PSX,SNG,TRUE
GGAGAACCAGCTGTTA,PBMC-06-1,PSA16,PSA,SNG,TRUE
GGAGAACCATCGGAAG,PBMC-06-1,PSA16,PSA,AMB,FALSE
GGAGAACGTAGAGGAA,PBMC-06-1,PSX01,PSX,SNG,TRUE
GGAGAACGTCACATTG,PBMC-06-1,PSA05,PSA,SNG,TRUE
GGAGAACGTCGAGCAA,PBMC-06-1,PSA13,PSA,SNG,TRUE
GGAGAACGTGTCCGTG,PBMC-06-1,PSA07,PSA,DBL,FALSE
GGAGAACGTGTCGATT,PBMC-06-1,PSX04,PSX,SNG,TRUE
GGAGAACTCAAAGCCT,PBMC-06-1,PSA16,PSA,SNG,TRUE
GGAGAACTCACAGAGG,PBMC-06-1,PSA07,PSA,SNG,TRUE
GGAGAACTCACCGGTG,PBMC-06-1,PSA05,PSA,SNG,TRUE
GGAGAACTCCCTGGTT,PBMC-06-1,PSA16,PSA,DBL,FALSE
GGAGAACTCCCTTTGG,PBMC-06-1,PSA14,PSA,AMB,FALSE
GGAGAACTCGAACCAT,PBMC-06-1,PSA17,PSA,SNG,TRUE
GGAGATGAGCGTATGG,PBMC-06-1,PSA15,PSA,SNG,TRUE
GGAGATGAGCTGTTAC,PBMC-06-1,PSA16,PSA,SNG,TRUE
GGAGATGCAAGAATGT,PBMC-06-1,PSA17,PSA,SNG,TRUE
GGAGATGCACTAGGCC,PBMC-06-1,PSA16,PSA,SNG,TRUE
GGAGATGCAGCAGACA,PBMC-06-1,PSO15,PSO,SNG,TRUE
GGAGATGGTAACATAG,PBMC-06-1,PSO13,PSO,DBL,FALSE
GGAGATGGTACGGGAT,PBMC-06-1,PSA02,PSA,SNG,FALSE
GGAGATGGTATCTCTT,PBMC-06-1,PSO15,PSO,SNG,TRUE
GGAGATGGTCTCGGGT,PBMC-06-1,PSX04,PSX,SNG,TRUE
GGAGATGGTCTGGTTA,PBMC-06-1,PSX04,PSX,SNG,TRUE
GGAGATGGTGGAACAC,PBMC-06-1,PSO12,PSO,SNG,TRUE
GGAGATGGTGTACGCC,PBMC-06-1,PSA17,PSA,SNG,TRUE
GGAGATGGTGTGACCC,PBMC-06-1,PSA04,PSA,SNG,TRUE
GGAGATGGTGTTACTG,PBMC-06-1,PSA16,PSA,SNG,FALSE
GGAGATGTCAGTCAGT,PBMC-06-1,PSA04,PSA,AMB,FALSE
GGAGATGTCATAGAGA,PBMC-06-1,PSA02,PSA,SNG,TRUE
GGAGATGTCCCGTAAA,PBMC-06-1,PSA12,PSA,SNG,TRUE
GGAGATGTCGAGTGGA,PBMC-06-1,PSX04,PSX,SNG,TRUE
GGAGATGTCTTACTGT,PBMC-06-1,PSO15,PSO,SNG,TRUE
GGAGCAAAGAGGTCAC,PBMC-06-1,PSO15,PSO,SNG,TRUE
GGAGCAAAGCGGCTCT,PBMC-06-1,PSO12,PSO,SNG,TRUE
GGAGCAAAGGATTCAA,PBMC-06-1,PSA07,PSA,SNG,TRUE
GGAGCAAAGGCCTGCT,PBMC-06-1,PSA12,PSA,SNG,FALSE
GGAGCAAAGGGATCAC,PBMC-06-1,PSA14,PSA,SNG,TRUE
GGAGCAAAGGGTCAAC,PBMC-06-1,PSA07,PSA,SNG,FALSE
GGAGCAACAATAGAGT,PBMC-06-1,PSA03,PSA,SNG,TRUE
GGAGCAACACGACGCT,PBMC-06-1,PSO16,PSO,SNG,TRUE
GGAGCAACATCGGAAG,PBMC-06-1,PSX04,PSX,SNG,TRUE
GGAGCAACATGTTTGG,PBMC-06-1,PSX04,PSX,SNG,TRUE
GGAGCAAGTACAAACA,PBMC-06-1,PSA16,PSA,SNG,TRUE
GGAGCAAGTAGTCCTA,PBMC-06-1,PSA17,PSA,SNG,TRUE
GGAGCAAGTATGAGAT,PBMC-06-1,PSO11,PSO,SNG,FALSE
GGAGCAAGTTACGGAG,PBMC-06-1,PSA04,PSA,SNG,TRUE
GGAGCAAGTTGAGTCT,PBMC-06-1,PSA13,PSA,DBL,FALSE
GGAGCAAGTTTGACAC,PBMC-06-1,PSA07,PSA,SNG,TRUE
GGAGCAATCAAGAGGC,PBMC-06-1,PSA06,PSA,SNG,TRUE
GGAGCAATCGCAGTCG,PBMC-06-1,PSA12,PSA,DBL,FALSE
GGAGGATAGAAGAACG,PBMC-06-1,PSA07,PSA,SNG,TRUE
GGAGGATAGACCTTTG,PBMC-06-1,PSA06,PSA,SNG,TRUE
GGAGGATAGCGCCTTG,PBMC-06-1,PSO15,PSO,SNG,TRUE
GGAGGATAGCTGGCTC,PBMC-06-1,PSA07,PSA,DBL,FALSE
GGAGGATAGCTGTTAC,PBMC-06-1,PSA17,PSA,SNG,TRUE
GGAGGATAGTGGATAT,PBMC-06-1,PSO14,PSO,SNG,TRUE
GGAGGATCAAGCAGGT,PBMC-06-1,PSA07,PSA,SNG,TRUE
GGAGGATCACGCGTGT,PBMC-06-1,PSA05,PSA,SNG,TRUE
GGAGGATCATCGGATT,PBMC-06-1,PSA05,PSA,SNG,TRUE
GGAGGATCATGACAAA,PBMC-06-1,PSA06,PSA,DBL,FALSE
GGAGGATGTAACAAGT,PBMC-06-1,PSA07,PSA,SNG,FALSE
GGAGGATGTAGAGATT,PBMC-06-1,PSA07,PSA,SNG,TRUE
GGAGGATGTAGCTCGC,PBMC-06-1,PSA14,PSA,SNG,FALSE
GGAGGATGTCTGCATA,PBMC-06-1,PSO11,PSO,SNG,TRUE
GGAGGATGTGGTCCCA,PBMC-06-1,PSO16,PSO,AMB,FALSE
GGAGGATGTGTCTTCC,PBMC-06-1,PSX04,PSX,SNG,TRUE
GGAGGATGTTACCGTA,PBMC-06-1,PSA05,PSA,SNG,TRUE
GGAGGATGTTTGGAGG,PBMC-06-1,PSA04,PSA,DBL,FALSE
GGAGGATTCGCTACGG,PBMC-06-1,PSX04,PSX,SNG,TRUE
GGAGGATTCTCTGCCA,PBMC-06-1,PSX01,PSX,DBL,FALSE
GGAGGATTCTGGTGCG,PBMC-06-1,PSO15,PSO,DBL,FALSE
GGAGGATTCTTAGCCC,PBMC-06-1,PSA05,PSA,DBL,FALSE
GGAGGTAAGCCGATAG,PBMC-06-1,PSA13,PSA,SNG,TRUE
GGAGGTAAGCTGACAG,PBMC-06-1,PSO12,PSO,DBL,FALSE
GGAGGTAAGGATAATC,PBMC-06-1,PSX01,PSX,SNG,TRUE
GGAGGTAAGGATATAC,PBMC-06-1,PSO15,PSO,SNG,TRUE
GGAGGTAAGGATTCCT,PBMC-06-1,PSA13,PSA,SNG,FALSE
GGAGGTAAGGCGATAC,PBMC-06-1,PSO15,PSO,SNG,TRUE
GGAGGTAAGGCGCTTC,PBMC-06-1,PSX01,PSX,DBL,FALSE
GGAGGTAAGGTTACAA,PBMC-06-1,PSO15,PSO,DBL,FALSE
GGAGGTACAACAGCTT,PBMC-06-1,PSA04,PSA,SNG,TRUE
GGAGGTACAATGGGTG,PBMC-06-1,PSO11,PSO,DBL,FALSE
GGAGGTACACCGCTGA,PBMC-06-1,PSA07,PSA,SNG,TRUE
GGAGGTACACGTACAT,PBMC-06-1,PSA12,PSA,DBL,FALSE
GGAGGTACAGGTCCCA,PBMC-06-1,PSA05,PSA,SNG,TRUE
GGAGGTAGTAAGTCAA,PBMC-06-1,PSA03,PSA,SNG,FALSE
GGAGGTAGTATCGCTA,PBMC-06-1,PSA03,PSA,SNG,TRUE
GGAGGTAGTCACTAGT,PBMC-06-1,PSA06,PSA,DBL,FALSE
GGAGGTAGTTAGAAGT,PBMC-06-1,PSA15,PSA,SNG,TRUE
GGAGGTATCAACCCGG,PBMC-06-1,PSX04,PSX,SNG,TRUE
GGAGGTATCATCACAG,PBMC-06-1,PSA06,PSA,SNG,FALSE
GGAGGTATCCTTACCG,PBMC-06-1,PSX01,PSX,SNG,TRUE
GGAGGTATCGCTGCGA,PBMC-06-1,PSA07,PSA,SNG,TRUE
GGAGGTATCGGTAACT,PBMC-06-1,PSA15,PSA,SNG,TRUE
GGAGGTATCGGTAGGA,PBMC-06-1,PSA12,PSA,SNG,TRUE
GGAGGTATCGTCACCT,PBMC-06-1,PSO12,PSO,SNG,TRUE
GGAGGTATCTAGACCA,PBMC-06-1,PSA02,PSA,DBL,FALSE
GGAGGTATCTCATGGA,PBMC-06-1,PSA07,PSA,DBL,FALSE
GGAGGTATCTCCACTG,PBMC-06-1,PSX01,PSX,SNG,FALSE
GGAGGTATCTCCGATC,PBMC-06-1,PSO12,PSO,SNG,FALSE
GGATCTAAGCTCGAAG,PBMC-06-1,PSA12,PSA,SNG,TRUE
GGATCTAAGCTGACTT,PBMC-06-1,PSO12,PSO,SNG,FALSE
GGATCTAAGGAAGTAG,PBMC-06-1,PSO15,PSO,SNG,TRUE
GGATCTAAGGATGAGA,PBMC-06-1,PSA13,PSA,SNG,FALSE
GGATCTAAGGTGGCTA,PBMC-06-1,PSO14,PSO,SNG,TRUE
GGATCTAAGGTTGCCC,PBMC-06-1,PSA15,PSA,SNG,FALSE
GGATCTAAGTAAGCAT,PBMC-06-1,PSX04,PSX,SNG,TRUE
GGATCTACAACTAGAA,PBMC-06-1,PSA03,PSA,SNG,TRUE
GGATCTACACGCGCTA,PBMC-06-1,PSO13,PSO,SNG,TRUE
GGATCTACACTGGCGT,PBMC-06-1,PSX04,PSX,SNG,FALSE
GGATCTACAGACGCTC,PBMC-06-1,PSA17,PSA,SNG,TRUE
GGATCTACAGCATACT,PBMC-06-1,PSX01,PSX,SNG,TRUE
GGATCTACAGGCTATT,PBMC-06-1,PSA05,PSA,SNG,TRUE
GGATCTACAGGGTCTC,PBMC-06-1,PSA12,PSA,DBL,FALSE
GGATCTACAGTTAAAG,PBMC-06-1,PSA03,PSA,SNG,TRUE
GGATCTACATGCCGCA,PBMC-06-1,PSA02,PSA,DBL,FALSE
GGATCTAGTATGGAGC,PBMC-06-1,PSA15,PSA,SNG,TRUE
GGATCTAGTATTTCGG,PBMC-06-1,PSO14,PSO,SNG,TRUE
GGATCTAGTGATACTC,PBMC-06-1,PSA04,PSA,SNG,TRUE
GGATCTAGTGCATGTT,PBMC-06-1,PSO15,PSO,SNG,TRUE
GGATCTAGTGGCTGAA,PBMC-06-1,PSA07,PSA,SNG,TRUE
GGATCTATCAGCCCAG,PBMC-06-1,PSA05,PSA,SNG,TRUE
GGATCTATCGGCTATA,PBMC-06-1,PSA06,PSA,SNG,TRUE
GGATCTATCGGTCTAA,PBMC-06-1,PSA12,PSA,SNG,TRUE
GGATCTATCGGTGCAC,PBMC-06-1,PSA05,PSA,SNG,TRUE
GGATCTATCTCAATCT,PBMC-06-1,PSX01,PSX,SNG,TRUE
GGATCTATCTCATTTG,PBMC-06-1,PSO15,PSO,AMB,FALSE
GGATGTTAGCACTTTG,PBMC-06-1,PSA06,PSA,DBL,FALSE
GGATGTTAGTGCGCTC,PBMC-06-1,PSA17,PSA,SNG,TRUE
GGATGTTAGTGGCAGT,PBMC-06-1,PSA02,PSA,SNG,TRUE
GGATGTTAGTGGGAAA,PBMC-06-1,PSO12,PSO,DBL,FALSE
GGATGTTAGTGTTCAC,PBMC-06-1,PSA02,PSA,SNG,TRUE
GGATGTTCACATTGTG,PBMC-06-1,PSO14,PSO,SNG,TRUE
GGATGTTCACCAGCCA,PBMC-06-1,PSO12,PSO,SNG,TRUE
GGATGTTCAGATACTC,PBMC-06-1,PSO15,PSO,DBL,FALSE
GGATGTTCATAATGAG,PBMC-06-1,PSO11,PSO,SNG,TRUE
GGATGTTCATCCGGTG,PBMC-06-1,PSA13,PSA,SNG,TRUE
GGATGTTGTACCGGAA,PBMC-06-1,PSO15,PSO,SNG,TRUE
GGATGTTGTAGAGATT,PBMC-06-1,PSX04,PSX,SNG,TRUE
GGATGTTGTATGCTTG,PBMC-06-1,PSA16,PSA,SNG,FALSE
GGATGTTGTTTAGAGA,PBMC-06-1,PSO12,PSO,SNG,FALSE
GGATGTTGTTTCCCAC,PBMC-06-1,PSA05,PSA,SNG,TRUE
GGATGTTGTTTCGGCG,PBMC-06-1,PSA04,PSA,SNG,TRUE
GGATGTTGTTTGATCG,PBMC-06-1,PSX01,PSX,SNG,TRUE
GGATGTTTCACGGACC,PBMC-06-1,PSO11,PSO,SNG,TRUE
GGATGTTTCAGAGCAG,PBMC-06-1,PSA12,PSA,SNG,FALSE
GGATGTTTCCACACCT,PBMC-06-1,PSA05,PSA,SNG,TRUE
GGATGTTTCCCTAGGG,PBMC-06-1,PSA12,PSA,SNG,TRUE
GGATGTTTCCCTCTCC,PBMC-06-1,PSA06,PSA,SNG,TRUE
GGATGTTTCCGAGCTG,PBMC-06-1,PSX04,PSX,SNG,TRUE
GGATGTTTCCGATTAG,PBMC-06-1,PSA02,PSA,SNG,TRUE
GGATGTTTCCTCTAAT,PBMC-06-1,PSA04,PSA,SNG,TRUE
GGATGTTTCGATGCTA,PBMC-06-1,PSA07,PSA,SNG,TRUE
GGATGTTTCGCAAGAG,PBMC-06-1,PSX04,PSX,SNG,TRUE
GGATGTTTCGCTCCTA,PBMC-06-1,PSO12,PSO,SNG,TRUE
GGATGTTTCTACACAG,PBMC-06-1,PSA15,PSA,SNG,TRUE
GGATGTTTCTATTTCG,PBMC-06-1,PSO12,PSO,SNG,TRUE
GGATGTTTCTCACCCA,PBMC-06-1,PSA07,PSA,SNG,TRUE
GGATGTTTCTCGGGAC,PBMC-06-1,PSO15,PSO,SNG,TRUE
GGCACGTAGGAGGGTG,PBMC-06-1,PSA15,PSA,SNG,TRUE
GGCACGTAGGTCATAA,PBMC-06-1,PSA17,PSA,SNG,TRUE
GGCACGTAGTAGAGTT,PBMC-06-1,PSA14,PSA,SNG,TRUE
GGCACGTAGTGGATAT,PBMC-06-1,PSA12,PSA,SNG,TRUE
GGCACGTAGTTGGCGA,PBMC-06-1,PSA07,PSA,SNG,TRUE
GGCACGTCACCACATA,PBMC-06-1,PSA15,PSA,SNG,TRUE
GGCACGTCATTCCTCG,PBMC-06-1,PSA07,PSA,SNG,FALSE
GGCACGTGTAGCTTTG,PBMC-06-1,PSA07,PSA,DBL,FALSE
GGCACGTGTCAATCTG,PBMC-06-1,PSA17,PSA,SNG,TRUE
GGCACGTGTCCTGTCT,PBMC-06-1,PSO14,PSO,SNG,TRUE
GGCACGTGTCTTTATC,PBMC-06-1,PSX01,PSX,SNG,TRUE
GGCACGTTCCCGGTAG,PBMC-06-1,PSA04,PSA,SNG,TRUE
GGCACGTTCGTGACTA,PBMC-06-1,PSA15,PSA,SNG,TRUE
GGCAGTCAGACTCTTG,PBMC-06-1,PSA07,PSA,SNG,TRUE
GGCAGTCAGAGTCCGA,PBMC-06-1,PSO11,PSO,DBL,FALSE
GGCAGTCAGCGGATCA,PBMC-06-1,PSA03,PSA,SNG,TRUE
GGCAGTCAGGCGTTGA,PBMC-06-1,PSA02,PSA,SNG,TRUE
GGCAGTCAGTACTCGT,PBMC-06-1,PSA13,PSA,SNG,TRUE
GGCAGTCCAGGACTTT,PBMC-06-1,PSA02,PSA,DBL,FALSE
GGCAGTCGTCCCACGA,PBMC-06-1,PSA17,PSA,SNG,FALSE
GGCAGTCGTCCCTGAG,PBMC-06-1,PSA17,PSA,SNG,TRUE
GGCAGTCGTTGCATGT,PBMC-06-1,PSX04,PSX,SNG,FALSE
GGCAGTCTCACTGCTC,PBMC-06-1,PSA13,PSA,SNG,TRUE
GGCAGTCTCTGAGGTT,PBMC-06-1,PSO11,PSO,SNG,TRUE
GGCGTCAAGCAAACAT,PBMC-06-1,PSA17,PSA,SNG,TRUE
GGCGTCAAGGCGATAC,PBMC-06-1,PSA14,PSA,SNG,TRUE
GGCGTCAAGTGAGCCA,PBMC-06-1,PSO12,PSO,SNG,TRUE
GGCGTCAAGTTCTCTT,PBMC-06-1,PSA06,PSA,SNG,TRUE
GGCGTCACAACGTATC,PBMC-06-1,PSA15,PSA,SNG,TRUE
GGCGTCACAAGACGGT,PBMC-06-1,PSA05,PSA,SNG,FALSE
GGCGTCACAATTTCTC,PBMC-06-1,PSA02,PSA,SNG,TRUE
GGCGTCACACAGCCAC,PBMC-06-1,PSX04,PSX,DBL,FALSE
GGCGTCACAGGTTCGC,PBMC-06-1,PSA02,PSA,DBL,FALSE
GGCGTCACATCACAGT,PBMC-06-1,PSA05,PSA,DBL,FALSE
GGCGTCACATGGGAAC,PBMC-06-1,PSO11,PSO,SNG,TRUE
GGCGTCAGTGGAACCA,PBMC-06-1,PSA16,PSA,SNG,TRUE
GGCGTCAGTTCCTACC,PBMC-06-1,PSO11,PSO,AMB,FALSE
GGCGTCAGTTCTCCCA,PBMC-06-1,PSA03,PSA,SNG,TRUE
GGCGTCATCACAACCA,PBMC-06-1,PSA05,PSA,DBL,FALSE
GGCGTCATCAGTCAGT,PBMC-06-1,PSA03,PSA,SNG,TRUE
GGCGTCATCCGTTGAA,PBMC-06-1,PSA14,PSA,AMB,FALSE
GGCGTCATCGCCTAGG,PBMC-06-1,PSA17,PSA,SNG,FALSE
GGCGTCATCGCTGCGA,PBMC-06-1,PSA12,PSA,SNG,TRUE
GGCGTCATCTATCGGA,PBMC-06-1,PSA05,PSA,SNG,TRUE
GGCGTCATCTGCCCTA,PBMC-06-1,PSA02,PSA,SNG,TRUE
GGCTGTGAGAAGTGTT,PBMC-06-1,PSX04,PSX,AMB,FALSE
GGCTGTGAGACTCATC,PBMC-06-1,PSA02,PSA,SNG,TRUE
GGCTGTGAGAGCTGCA,PBMC-06-1,PSA04,PSA,SNG,TRUE
GGCTGTGAGAGTCAAT,PBMC-06-1,PSA07,PSA,AMB,FALSE
GGCTGTGAGCACTCGC,PBMC-06-1,PSA02,PSA,SNG,TRUE
GGCTGTGAGCCAAGGT,PBMC-06-1,PSA14,PSA,DBL,FALSE
GGCTGTGAGCCGTAAG,PBMC-06-1,PSA07,PSA,SNG,TRUE
GGCTGTGAGCCTCATA,PBMC-06-1,PSA04,PSA,SNG,TRUE
GGCTGTGAGTACTGTC,PBMC-06-1,PSA17,PSA,DBL,FALSE
GGCTGTGCAAAGCAAT,PBMC-06-1,PSO11,PSO,AMB,FALSE
GGCTGTGCAATAGAGT,PBMC-06-1,PSA05,PSA,SNG,TRUE
GGCTGTGCATCTATCT,PBMC-06-1,PSA12,PSA,SNG,TRUE
GGCTGTGCATGGCCCA,PBMC-06-1,PSO15,PSO,SNG,TRUE
GGCTGTGCATTGGATC,PBMC-06-1,PSA03,PSA,DBL,FALSE
GGCTGTGGTATCGAGG,PBMC-06-1,PSX01,PSX,SNG,TRUE
GGCTGTGGTCATCGGC,PBMC-06-1,PSX04,PSX,DBL,FALSE
GGCTGTGGTCGTTCAA,PBMC-06-1,PSA06,PSA,SNG,FALSE
GGCTGTGGTCTCACAA,PBMC-06-1,PSA04,PSA,SNG,TRUE
GGCTGTGGTGACACAG,PBMC-06-1,PSA16,PSA,SNG,TRUE
GGCTGTGGTGGTCAAG,PBMC-06-1,PSA13,PSA,AMB,FALSE
GGCTGTGGTGTAACGG,PBMC-06-1,PSX01,PSX,SNG,TRUE
GGCTGTGGTTCCACGG,PBMC-06-1,PSO12,PSO,SNG,FALSE
GGCTGTGGTTGCCATA,PBMC-06-1,PSA17,PSA,SNG,TRUE
GGCTTGGAGAAACCCG,PBMC-06-1,PSO15,PSO,SNG,TRUE
GGCTTGGAGAAACTGT,PBMC-06-1,PSA04,PSA,SNG,TRUE
GGCTTGGAGGTCACCC,PBMC-06-1,PSX01,PSX,SNG,TRUE
GGCTTGGAGGTTGAGC,PBMC-06-1,PSA17,PSA,SNG,FALSE
GGCTTGGAGTAACCGG,PBMC-06-1,PSA15,PSA,SNG,TRUE
GGCTTGGAGTCGCGAA,PBMC-06-1,PSX04,PSX,SNG,TRUE
GGCTTGGAGTCTCTGA,PBMC-06-1,PSO15,PSO,SNG,TRUE
GGCTTGGAGTTCACTG,PBMC-06-1,PSA16,PSA,SNG,TRUE
GGCTTGGCAAACGTGG,PBMC-06-1,PSA02,PSA,SNG,TRUE
GGCTTGGCAAAGGTTA,PBMC-06-1,PSX01,PSX,DBL,FALSE
GGCTTGGCAAATGAAC,PBMC-06-1,PSO16,PSO,SNG,TRUE
GGCTTGGCAGAGTTCT,PBMC-06-1,PSX01,PSX,SNG,TRUE
GGCTTGGCATCGGAGA,PBMC-06-1,PSO12,PSO,SNG,TRUE
GGCTTGGGTATCGCTA,PBMC-06-1,PSX01,PSX,DBL,FALSE
GGCTTGGGTCCACAGC,PBMC-06-1,PSA15,PSA,SNG,TRUE
GGCTTGGGTCCGGATC,PBMC-06-1,PSO11,PSO,SNG,FALSE
GGCTTGGTCAGAATAG,PBMC-06-1,PSA07,PSA,SNG,TRUE
GGCTTGGTCCACTTCG,PBMC-06-1,PSA16,PSA,DBL,FALSE
GGCTTGGTCCATTCAT,PBMC-06-1,PSA02,PSA,SNG,TRUE
GGCTTGGTCGACGTCG,PBMC-06-1,PSA16,PSA,SNG,FALSE
GGCTTGGTCGCGCCAA,PBMC-06-1,PSX01,PSX,SNG,TRUE
GGCTTTCAGACAGCTG,PBMC-06-1,PSA12,PSA,SNG,TRUE
GGCTTTCAGACCTTTG,PBMC-06-1,PSA12,PSA,DBL,FALSE
GGCTTTCAGCTCGACC,PBMC-06-1,PSO11,PSO,SNG,TRUE
GGCTTTCAGGAATGTT,PBMC-06-1,PSA04,PSA,SNG,TRUE
GGCTTTCAGGCAATGC,PBMC-06-1,PSO13,PSO,SNG,TRUE
GGCTTTCAGGCATCGA,PBMC-06-1,PSX04,PSX,SNG,TRUE
GGCTTTCAGGTACTGG,PBMC-06-1,PSO11,PSO,AMB,FALSE
GGCTTTCAGTCCTGCG,PBMC-06-1,PSA05,PSA,SNG,TRUE
GGCTTTCAGTTAGAAC,PBMC-06-1,PSA14,PSA,DBL,FALSE
GGCTTTCCAAATTGCC,PBMC-06-1,PSO14,PSO,SNG,TRUE
GGCTTTCCACTGTTCC,PBMC-06-1,PSA05,PSA,DBL,FALSE
GGCTTTCCAGTGCCTG,PBMC-06-1,PSX01,PSX,DBL,FALSE
GGCTTTCCATTGAGGG,PBMC-06-1,PSA12,PSA,SNG,TRUE
GGCTTTCGTAGCCAGA,PBMC-06-1,PSA13,PSA,SNG,TRUE
GGCTTTCGTATTCCTT,PBMC-06-1,PSO15,PSO,SNG,FALSE
GGCTTTCGTCAAGTTC,PBMC-06-1,PSX04,PSX,SNG,FALSE
GGCTTTCGTTTACCAG,PBMC-06-1,PSA16,PSA,SNG,TRUE
GGCTTTCGTTTGAAAG,PBMC-06-1,PSA05,PSA,SNG,TRUE
GGCTTTCTCGGCTTGG,PBMC-06-1,PSX04,PSX,SNG,TRUE
GGCTTTCTCTACGGTA,PBMC-06-1,PSX04,PSX,SNG,TRUE
GGGAAGTAGACTAAGT,PBMC-06-1,PSO12,PSO,AMB,FALSE
GGGAAGTAGATTCGAA,PBMC-06-1,PSO15,PSO,DBL,FALSE
GGGAAGTAGCAGCGAT,PBMC-06-1,PSA14,PSA,SNG,TRUE
GGGAAGTAGCCGCACT,PBMC-06-1,PSA16,PSA,SNG,TRUE
GGGAAGTAGCGCAATG,PBMC-06-1,PSA12,PSA,SNG,TRUE
GGGAAGTAGCTGAAGC,PBMC-06-1,PSA12,PSA,SNG,TRUE
GGGAAGTAGGACAGTC,PBMC-06-1,PSX01,PSX,SNG,TRUE
GGGAAGTAGGATCATA,PBMC-06-1,PSA03,PSA,SNG,TRUE
GGGAAGTAGTCGCGAA,PBMC-06-1,PSO15,PSO,SNG,TRUE
GGGAAGTCAATCAAGA,PBMC-06-1,PSO11,PSO,SNG,TRUE
GGGAAGTCAATGAACA,PBMC-06-1,PSX01,PSX,DBL,FALSE
GGGAAGTCAATGACCT,PBMC-06-1,PSX01,PSX,SNG,TRUE
GGGAAGTCAGCTGTGC,PBMC-06-1,PSA03,PSA,SNG,FALSE
GGGAAGTGTACAAACA,PBMC-06-1,PSX01,PSX,SNG,TRUE
GGGAAGTGTAGCGCCT,PBMC-06-1,PSX01,PSX,AMB,FALSE
GGGAAGTGTATCACGT,PBMC-06-1,PSA14,PSA,SNG,TRUE
GGGAAGTGTTCGTAAC,PBMC-06-1,PSA05,PSA,SNG,TRUE
GGGAAGTTCTTTGATC,PBMC-06-1,PSA05,PSA,SNG,TRUE
GGGACAAAGACTCATC,PBMC-06-1,PSO16,PSO,SNG,TRUE
GGGACAAAGAGTTCGG,PBMC-06-1,PSA07,PSA,DBL,FALSE
GGGACAAAGGGCTAAC,PBMC-06-1,PSA17,PSA,DBL,FALSE
GGGACAAAGGGTATAT,PBMC-06-1,PSA13,PSA,SNG,TRUE
GGGACAAAGTCAGCGA,PBMC-06-1,PSA05,PSA,SNG,TRUE
GGGACAAAGTTGCTGT,PBMC-06-1,PSA03,PSA,DBL,FALSE
GGGACAACAAGACCTT,PBMC-06-1,PSA06,PSA,SNG,TRUE
GGGACAACAAGCTGCC,PBMC-06-1,PSA02,PSA,SNG,TRUE
GGGACAACAATGACCT,PBMC-06-1,PSA17,PSA,SNG,TRUE
GGGACAACACAATGTC,PBMC-06-1,PSA03,PSA,SNG,TRUE
GGGACAACACCAGCTG,PBMC-06-1,PSA16,PSA,SNG,TRUE
GGGACAACATGAGAAT,PBMC-06-1,PSA05,PSA,SNG,TRUE
GGGACAACATTCAGCA,PBMC-06-1,PSA05,PSA,SNG,TRUE
GGGACAAGTAGACGTG,PBMC-06-1,PSA06,PSA,DBL,FALSE
GGGACAAGTATCGGTT,PBMC-06-1,PSO12,PSO,SNG,TRUE
GGGACAAGTCCACTCT,PBMC-06-1,PSA03,PSA,SNG,TRUE
GGGACAAGTGCTGCAC,PBMC-06-1,PSA06,PSA,SNG,TRUE
GGGACAAGTTAGTTCG,PBMC-06-1,PSA17,PSA,SNG,TRUE
GGGACAAGTTTCTATC,PBMC-06-1,PSX01,PSX,AMB,FALSE
GGGACAATCAAAGAAC,PBMC-06-1,PSA04,PSA,SNG,FALSE
GGGACAATCCGTGGCA,PBMC-06-1,PSA17,PSA,SNG,TRUE
GGGACAATCTTCACGC,PBMC-06-1,PSO13,PSO,DBL,FALSE
GGGACCTAGGCCTGCT,PBMC-06-1,PSA15,PSA,SNG,FALSE
GGGACCTAGGTAAGTT,PBMC-06-1,PSO12,PSO,DBL,FALSE
GGGACCTAGGTGCAGT,PBMC-06-1,PSO14,PSO,SNG,FALSE
GGGACCTAGTAAGGGA,PBMC-06-1,PSO11,PSO,SNG,TRUE
GGGACCTAGTGACCTT,PBMC-06-1,PSO15,PSO,SNG,TRUE
GGGACCTAGTGCGCTC,PBMC-06-1,PSO11,PSO,AMB,FALSE
GGGACCTCAACCGCCA,PBMC-06-1,PSA04,PSA,DBL,FALSE
GGGACCTCAATTAGGA,PBMC-06-1,PSO15,PSO,SNG,TRUE
GGGACCTCACGAGAAC,PBMC-06-1,PSO15,PSO,SNG,TRUE
GGGACCTCACGTCGTG,PBMC-06-1,PSA17,PSA,SNG,TRUE
GGGACCTCAGTCTGGC,PBMC-06-1,PSA02,PSA,SNG,TRUE
GGGACCTCATCCGATA,PBMC-06-1,PSO12,PSO,SNG,TRUE
GGGACCTGTACCACGC,PBMC-06-1,PSO16,PSO,SNG,TRUE
GGGACCTGTGTATTGC,PBMC-06-1,PSA14,PSA,SNG,TRUE
GGGACCTGTTCCCACT,PBMC-06-1,PSO14,PSO,DBL,FALSE
GGGACCTGTTGATCGT,PBMC-06-1,PSA07,PSA,SNG,TRUE
GGGACCTGTTGTACGT,PBMC-06-1,PSA15,PSA,SNG,TRUE
GGGACCTTCACTCGAA,PBMC-06-1,PSO14,PSO,DBL,FALSE
GGGACCTTCCGAGGCT,PBMC-06-1,PSA02,PSA,SNG,TRUE
GGGACCTTCGGATAAA,PBMC-06-1,PSA03,PSA,SNG,TRUE
GGGACCTTCGTTGTTT,PBMC-06-1,PSA12,PSA,SNG,TRUE
GGGACCTTCTCGTGAA,PBMC-06-1,PSA12,PSA,SNG,TRUE
GGGACTCAGAGTTGAT,PBMC-06-1,PSO15,PSO,SNG,TRUE
GGGACTCAGCTACGTT,PBMC-06-1,PSA12,PSA,AMB,FALSE
GGGACTCAGGGTACGT,PBMC-06-1,PSO15,PSO,SNG,TRUE
GGGACTCAGGTTGGTG,PBMC-06-1,PSX04,PSX,AMB,FALSE
GGGACTCAGTGAGGCT,PBMC-06-1,PSA07,PSA,SNG,TRUE
GGGACTCAGTTCTACG,PBMC-06-1,PSA12,PSA,SNG,FALSE
GGGACTCCAACTGCCG,PBMC-06-1,PSO11,PSO,SNG,TRUE
GGGACTCCAAGAGTAT,PBMC-06-1,PSA17,PSA,DBL,FALSE
GGGACTCCAATTGCAC,PBMC-06-1,PSX01,PSX,SNG,TRUE
GGGACTCCACATCATG,PBMC-06-1,PSA13,PSA,SNG,TRUE
GGGACTCCACGGTGAA,PBMC-06-1,PSX04,PSX,SNG,TRUE
GGGACTCCACTTTAGG,PBMC-06-1,PSA14,PSA,SNG,TRUE
GGGACTCCAGAGAAAG,PBMC-06-1,PSA03,PSA,SNG,TRUE
GGGACTCCATGCGGTC,PBMC-06-1,PSX01,PSX,DBL,FALSE
GGGACTCGTCATGGCC,PBMC-06-1,PSA02,PSA,SNG,TRUE
GGGACTCGTTGCACGC,PBMC-06-1,PSO14,PSO,SNG,TRUE
GGGACTCTCACTTTGT,PBMC-06-1,PSA16,PSA,DBL,FALSE
GGGACTCTCTCATGGA,PBMC-06-1,PSX04,PSX,SNG,TRUE
GGGACTCTCTTTGGAG,PBMC-06-1,PSA14,PSA,SNG,FALSE
GGGAGATAGAAATGGG,PBMC-06-1,PSA07,PSA,SNG,TRUE
GGGAGATAGCCACAAG,PBMC-06-1,PSA16,PSA,SNG,TRUE
GGGAGATAGGAACATT,PBMC-06-1,PSA07,PSA,SNG,TRUE
GGGAGATAGTAAGGGA,PBMC-06-1,PSA13,PSA,AMB,FALSE
GGGAGATAGTATGACA,PBMC-06-1,PSA14,PSA,SNG,TRUE
GGGAGATAGTCTGCGC,PBMC-06-1,PSA16,PSA,SNG,FALSE
GGGAGATCAAAGGATT,PBMC-06-1,PSO15,PSO,SNG,TRUE
GGGAGATCACACCTGG,PBMC-06-1,PSA05,PSA,DBL,FALSE
GGGAGATCACCAGTAT,PBMC-06-1,PSA05,PSA,SNG,TRUE
GGGAGATCAGCACAAG,PBMC-06-1,PSA13,PSA,DBL,FALSE
GGGAGATCATCGTTCC,PBMC-06-1,PSO12,PSO,SNG,FALSE
GGGAGATGTACGCGTC,PBMC-06-1,PSA05,PSA,SNG,TRUE
GGGAGATGTAGGCTGA,PBMC-06-1,PSX01,PSX,SNG,TRUE
GGGAGATGTATGAGGC,PBMC-06-1,PSA16,PSA,SNG,TRUE
GGGAGATGTCACCCTT,PBMC-06-1,PSX01,PSX,SNG,TRUE
GGGAGATGTCGGCCTA,PBMC-06-1,PSA14,PSA,SNG,TRUE
GGGAGATGTGCGGCTT,PBMC-06-1,PSA13,PSA,DBL,FALSE
GGGAGATGTGGCCTCA,PBMC-06-1,PSO13,PSO,SNG,TRUE
GGGAGATGTGTGTCCG,PBMC-06-1,PSO13,PSO,SNG,TRUE
GGGAGATTCAGAGCAG,PBMC-06-1,PSA17,PSA,SNG,TRUE
GGGAGATTCAGAGTTC,PBMC-06-1,PSO11,PSO,SNG,TRUE
GGGAGATTCCACGGGT,PBMC-06-1,PSO15,PSO,SNG,FALSE
GGGAGATTCTCGTTTA,PBMC-06-1,PSA14,PSA,SNG,TRUE
GGGAGATTCTGACCCT,PBMC-06-1,PSA14,PSA,SNG,TRUE
GGGAGTAAGAAACTGT,PBMC-06-1,PSA17,PSA,SNG,FALSE
GGGAGTAAGAATGTTG,PBMC-06-1,PSA12,PSA,SNG,TRUE
GGGAGTAAGAGGTGCT,PBMC-06-1,PSO15,PSO,SNG,TRUE
GGGAGTAAGCTCCGAC,PBMC-06-1,PSO12,PSO,SNG,TRUE
GGGAGTAAGCTGACTT,PBMC-06-1,PSA03,PSA,SNG,TRUE
GGGAGTAAGGAAAGAC,PBMC-06-1,PSA13,PSA,SNG,FALSE
GGGAGTAAGGATACAT,PBMC-06-1,PSA17,PSA,SNG,TRUE
GGGAGTAAGGCATGGT,PBMC-06-1,PSA04,PSA,SNG,TRUE
GGGAGTAAGGGCCAAT,PBMC-06-1,PSA16,PSA,SNG,TRUE
GGGAGTAAGTGGGAAA,PBMC-06-1,PSA15,PSA,SNG,TRUE
GGGAGTACACTTACAG,PBMC-06-1,PSX04,PSX,SNG,TRUE
GGGAGTACAGCATCTA,PBMC-06-1,PSO15,PSO,SNG,TRUE
GGGAGTACAGGGAGAG,PBMC-06-1,PSA02,PSA,SNG,TRUE
GGGAGTACAGGTGACA,PBMC-06-1,PSO11,PSO,SNG,TRUE
GGGAGTACATTGGCAT,PBMC-06-1,PSA14,PSA,SNG,TRUE
GGGAGTAGTCACCACG,PBMC-06-1,PSX04,PSX,SNG,FALSE
GGGAGTAGTCCTTAAG,PBMC-06-1,PSA02,PSA,SNG,TRUE
GGGAGTAGTCGCCACA,PBMC-06-1,PSO11,PSO,SNG,TRUE
GGGAGTAGTGCTATTG,PBMC-06-1,PSA15,PSA,DBL,FALSE
GGGAGTAGTTCGTGCG,PBMC-06-1,PSA06,PSA,SNG,TRUE
GGGAGTATCAAAGGTA,PBMC-06-1,PSA03,PSA,SNG,TRUE
GGGAGTATCACCGGTG,PBMC-06-1,PSA03,PSA,SNG,TRUE
GGGAGTATCACCTGTC,PBMC-06-1,PSA14,PSA,SNG,TRUE
GGGAGTATCGCTGTTC,PBMC-06-1,PSA06,PSA,SNG,TRUE
GGGAGTATCGGCTGGT,PBMC-06-1,PSA03,PSA,SNG,TRUE
GGGAGTATCTATTTCG,PBMC-06-1,PSA15,PSA,SNG,TRUE
GGGATCCAGAACAGGA,PBMC-06-1,PSA03,PSA,SNG,TRUE
GGGATCCAGACCCGCT,PBMC-06-1,PSA02,PSA,SNG,TRUE
GGGATCCAGATCGCCC,PBMC-06-1,PSA05,PSA,SNG,TRUE
GGGATCCAGCCTGAGA,PBMC-06-1,PSA17,PSA,SNG,TRUE
GGGATCCAGCGGACAT,PBMC-06-1,PSA14,PSA,DBL,FALSE
GGGATCCAGGTCGTGA,PBMC-06-1,PSA12,PSA,SNG,TRUE
GGGATCCAGGTTGTTC,PBMC-06-1,PSA02,PSA,DBL,FALSE
GGGATCCAGTACCCTA,PBMC-06-1,PSA06,PSA,SNG,TRUE
GGGATCCAGTATCTGC,PBMC-06-1,PSA12,PSA,SNG,TRUE
GGGATCCAGTCACTGT,PBMC-06-1,PSA17,PSA,SNG,TRUE
GGGATCCAGTGGAAAG,PBMC-06-1,PSA04,PSA,SNG,TRUE
GGGATCCCAACGATCT,PBMC-06-1,PSA16,PSA,SNG,FALSE
GGGATCCCAAGTGTCT,PBMC-06-1,PSA02,PSA,SNG,TRUE
GGGATCCCAATGCAGG,PBMC-06-1,PSA07,PSA,SNG,TRUE
GGGATCCCAATTTCGG,PBMC-06-1,PSO11,PSO,SNG,TRUE
GGGATCCCACATACTG,PBMC-06-1,PSA16,PSA,SNG,TRUE
GGGATCCCACGTCTCT,PBMC-06-1,PSO12,PSO,DBL,FALSE
GGGATCCCAGCTACCG,PBMC-06-1,PSA14,PSA,AMB,FALSE
GGGATCCCAGGAATCG,PBMC-06-1,PSX01,PSX,SNG,TRUE
GGGATCCCATCAGTGT,PBMC-06-1,PSA04,PSA,SNG,TRUE
GGGATCCCATGAAGCG,PBMC-06-1,PSA05,PSA,SNG,TRUE
GGGATCCCATGTGGTT,PBMC-06-1,PSA17,PSA,SNG,TRUE
GGGATCCCATTCTTCA,PBMC-06-1,PSA14,PSA,SNG,TRUE
GGGATCCGTAACATCC,PBMC-06-1,PSA17,PSA,SNG,TRUE
GGGATCCGTCAAGCCC,PBMC-06-1,PSA07,PSA,SNG,TRUE
GGGATCCGTGGATCAG,PBMC-06-1,PSA05,PSA,AMB,FALSE
GGGATCCGTTCGAACT,PBMC-06-1,PSO12,PSO,SNG,TRUE
GGGATCCTCATTCTTG,PBMC-06-1,PSA02,PSA,SNG,TRUE
GGGATCCTCATTGTGG,PBMC-06-1,PSA06,PSA,AMB,FALSE
GGGATCCTCGGATACT,PBMC-06-1,PSA15,PSA,SNG,FALSE
GGGATCCTCGTTGCCT,PBMC-06-1,PSO12,PSO,SNG,TRUE
GGGATCCTCTCATTTG,PBMC-06-1,PSA15,PSA,SNG,TRUE
GGGATCCTCTGAGATC,PBMC-06-1,PSA04,PSA,SNG,TRUE
GGGATCCTCTTCGTGC,PBMC-06-1,PSA02,PSA,SNG,TRUE
GGGATGAAGCACAAAT,PBMC-06-1,PSA04,PSA,SNG,TRUE
GGGATGAAGCAGGTCA,PBMC-06-1,PSO15,PSO,DBL,FALSE
GGGATGAAGTCAATCC,PBMC-06-1,PSA02,PSA,SNG,TRUE
GGGATGACACACGTGC,PBMC-06-1,PSA02,PSA,DBL,FALSE
GGGATGACACTGCATA,PBMC-06-1,PSA02,PSA,SNG,TRUE
GGGATGACAGCTCATA,PBMC-06-1,PSA16,PSA,SNG,TRUE
GGGATGACATCTCAAG,PBMC-06-1,PSO15,PSO,SNG,TRUE
GGGATGACATGCTGCG,PBMC-06-1,PSA02,PSA,SNG,TRUE
GGGATGACATTCCTAT,PBMC-06-1,PSA03,PSA,SNG,TRUE
GGGATGAGTACGACAG,PBMC-06-1,PSO12,PSO,AMB,FALSE
GGGATGAGTCTCTCTG,PBMC-06-1,PSA07,PSA,SNG,TRUE
GGGATGAGTGCATCTA,PBMC-06-1,PSX01,PSX,SNG,TRUE
GGGATGAGTGGAACCA,PBMC-06-1,PSX04,PSX,DBL,FALSE
GGGATGAGTGGAGGTT,PBMC-06-1,PSA17,PSA,SNG,TRUE
GGGATGAGTTCGGACC,PBMC-06-1,PSA07,PSA,SNG,TRUE
GGGATGAGTTTATGCG,PBMC-06-1,PSA03,PSA,DBL,FALSE
GGGATGATCAAAGGAT,PBMC-06-1,PSA16,PSA,SNG,TRUE
GGGATGATCGGTGTTA,PBMC-06-1,PSA17,PSA,SNG,TRUE
GGGCCATAGAGTTGAT,PBMC-06-1,PSA05,PSA,SNG,TRUE
GGGCCATAGCCTTTCC,PBMC-06-1,PSO12,PSO,SNG,TRUE
GGGCCATAGCTCGACC,PBMC-06-1,PSA02,PSA,SNG,TRUE
GGGCCATCAATAGGAT,PBMC-06-1,PSA12,PSA,SNG,TRUE
GGGCCATCAGTTTCGA,PBMC-06-1,PSO12,PSO,SNG,FALSE
GGGCCATGTCACGACC,PBMC-06-1,PSX01,PSX,SNG,TRUE
GGGCCATGTCGGTACC,PBMC-06-1,PSA14,PSA,SNG,TRUE
GGGCCATGTGCATTTG,PBMC-06-1,PSA02,PSA,SNG,TRUE
GGGCCATGTGGATCGA,PBMC-06-1,PSO12,PSO,DBL,FALSE
GGGCCATGTGTAGGAC,PBMC-06-1,PSX04,PSX,SNG,TRUE
GGGCCATGTTTGAAAG,PBMC-06-1,PSA17,PSA,SNG,TRUE
GGGCCATTCCTTCTTC,PBMC-06-1,PSA03,PSA,AMB,FALSE
GGGCCATTCGAGCTGC,PBMC-06-1,PSA13,PSA,DBL,FALSE
GGGCCATTCGGTAGGA,PBMC-06-1,PSA12,PSA,SNG,TRUE
GGGCGTTAGACCGCCT,PBMC-06-1,PSA04,PSA,SNG,TRUE
GGGCGTTAGTACGTCT,PBMC-06-1,PSA12,PSA,SNG,FALSE
GGGCGTTCACCAAAGG,PBMC-06-1,PSO14,PSO,SNG,FALSE
GGGCGTTCAGTGCCTG,PBMC-06-1,PSA06,PSA,SNG,TRUE
GGGCGTTCATTCACAG,PBMC-06-1,PSA17,PSA,SNG,FALSE
GGGCGTTGTAGGAGGG,PBMC-06-1,PSO15,PSO,SNG,TRUE
GGGCGTTGTCCTCAGG,PBMC-06-1,PSA04,PSA,SNG,TRUE
GGGCGTTGTCGTCATA,PBMC-06-1,PSA16,PSA,SNG,TRUE
GGGCGTTGTGCTCGTG,PBMC-06-1,PSA13,PSA,SNG,TRUE
GGGCGTTGTGGCCACT,PBMC-06-1,PSA15,PSA,SNG,TRUE
GGGCGTTGTTTAAGGA,PBMC-06-1,PSA15,PSA,SNG,TRUE
GGGCGTTTCAAGCCCG,PBMC-06-1,PSA04,PSA,SNG,TRUE
GGGCGTTTCATCGCCT,PBMC-06-1,PSA04,PSA,SNG,FALSE
GGGCGTTTCATTACTC,PBMC-06-1,PSO15,PSO,SNG,TRUE
GGGCGTTTCCAGCTCT,PBMC-06-1,PSO11,PSO,DBL,FALSE
GGGCTACAGAAGTGTT,PBMC-06-1,PSA13,PSA,SNG,TRUE
GGGCTACAGAGGGCGA,PBMC-06-1,PSA06,PSA,SNG,TRUE
GGGCTACAGAGTCTGG,PBMC-06-1,PSA17,PSA,DBL,FALSE
GGGCTACAGTCATGAA,PBMC-06-1,PSA16,PSA,AMB,FALSE
GGGCTACCAACCAACT,PBMC-06-1,PSO15,PSO,DBL,FALSE
GGGCTACCAACCGACC,PBMC-06-1,PSA03,PSA,SNG,TRUE
GGGCTACCACAATGAA,PBMC-06-1,PSA16,PSA,SNG,TRUE
GGGCTACGTACCTTCC,PBMC-06-1,PSA14,PSA,SNG,TRUE
GGGCTACGTCGAGTTT,PBMC-06-1,PSA07,PSA,SNG,TRUE
GGGCTACGTCGTCGGT,PBMC-06-1,PSA14,PSA,SNG,FALSE
GGGCTACGTTTGGGAG,PBMC-06-1,PSA06,PSA,SNG,TRUE
GGGCTACTCAAGATAG,PBMC-06-1,PSA02,PSA,DBL,FALSE
GGGCTACTCCCAATAG,PBMC-06-1,PSA03,PSA,SNG,FALSE
GGGCTACTCGCAAGAG,PBMC-06-1,PSA02,PSA,DBL,FALSE
GGGCTACTCGGCCTTT,PBMC-06-1,PSX04,PSX,SNG,FALSE
GGGCTACTCTGTCAGA,PBMC-06-1,PSA15,PSA,SNG,FALSE
GGGCTCAAGAAGCGAA,PBMC-06-1,PSA15,PSA,SNG,TRUE
GGGCTCAAGCGAACTG,PBMC-06-1,PSX01,PSX,SNG,FALSE
GGGCTCAAGGACTGGT,PBMC-06-1,PSA15,PSA,SNG,TRUE
GGGCTCAAGGTTGACG,PBMC-06-1,PSA12,PSA,DBL,FALSE
GGGCTCAAGTAACGTA,PBMC-06-1,PSA03,PSA,SNG,TRUE
GGGCTCAAGTCGAAAT,PBMC-06-1,PSO12,PSO,DBL,FALSE
GGGCTCAAGTGCGACA,PBMC-06-1,PSA05,PSA,SNG,TRUE
GGGCTCACAATAACCC,PBMC-06-1,PSX04,PSX,SNG,TRUE
GGGCTCACACATATCG,PBMC-06-1,PSA05,PSA,SNG,TRUE
GGGCTCACAGCTATAC,PBMC-06-1,PSO15,PSO,SNG,FALSE
GGGCTCAGTGTTAACC,PBMC-06-1,PSA04,PSA,SNG,TRUE
GGGCTCAGTGTTCATG,PBMC-06-1,PSO15,PSO,SNG,FALSE
GGGCTCATCCATCACC,PBMC-06-1,PSA02,PSA,SNG,TRUE
GGGCTCATCCATTCGC,PBMC-06-1,PSO14,PSO,SNG,FALSE
GGGCTCATCGCAGTCG,PBMC-06-1,PSO15,PSO,SNG,TRUE
GGGCTCATCGCCTTGT,PBMC-06-1,PSO15,PSO,SNG,TRUE
GGGCTCATCTCGACGG,PBMC-06-1,PSA12,PSA,DBL,FALSE
GGGTAGAAGACGTCCC,PBMC-06-1,PSA13,PSA,SNG,TRUE
GGGTAGAAGCACGTCC,PBMC-06-1,PSA17,PSA,SNG,TRUE
GGGTAGAAGCTCCCTT,PBMC-06-1,PSA17,PSA,DBL,FALSE
GGGTAGAAGGCCTAGA,PBMC-06-1,PSA05,PSA,DBL,FALSE
GGGTAGACAAATAAGC,PBMC-06-1,PSA05,PSA,SNG,TRUE
GGGTAGACAGTCGTTA,PBMC-06-1,PSA02,PSA,SNG,TRUE
GGGTAGACAGTTTCGA,PBMC-06-1,PSA17,PSA,SNG,TRUE
GGGTAGAGTCAGATTC,PBMC-06-1,PSO15,PSO,SNG,TRUE
GGGTAGAGTCATAAAG,PBMC-06-1,PSA06,PSA,DBL,FALSE
GGGTAGAGTCTTTCAT,PBMC-06-1,PSX04,PSX,SNG,TRUE
GGGTAGATCAGGAACG,PBMC-06-1,PSO15,PSO,SNG,TRUE
GGGTAGATCAGGACGA,PBMC-06-1,PSO14,PSO,SNG,TRUE
GGGTAGATCCCGAGTG,PBMC-06-1,PSA17,PSA,SNG,TRUE
GGGTAGATCGATGGAG,PBMC-06-1,PSA17,PSA,SNG,TRUE
GGGTAGATCGCATGAT,PBMC-06-1,PSA12,PSA,SNG,TRUE
GGGTAGATCGTTCTCG,PBMC-06-1,PSA14,PSA,DBL,FALSE
GGGTAGATCTTTGCGC,PBMC-06-1,PSA16,PSA,SNG,TRUE
GGGTATTAGAAGCCTG,PBMC-06-1,PSA07,PSA,SNG,TRUE
GGGTATTAGATTAGCA,PBMC-06-1,PSO15,PSO,SNG,FALSE
GGGTATTAGCGATTCT,PBMC-06-1,PSO15,PSO,SNG,FALSE
GGGTATTAGGGCCAAT,PBMC-06-1,PSX04,PSX,SNG,TRUE
GGGTATTAGTAAACAC,PBMC-06-1,PSA12,PSA,SNG,TRUE
GGGTATTCACCTCGTT,PBMC-06-1,PSA17,PSA,SNG,TRUE
GGGTATTCACGGGTAA,PBMC-06-1,PSA13,PSA,SNG,TRUE
GGGTATTCAGAGACTG,PBMC-06-1,PSA05,PSA,SNG,TRUE
GGGTATTCAGGCTACC,PBMC-06-1,PSX04,PSX,SNG,TRUE
GGGTATTCAGGTGAGT,PBMC-06-1,PSA14,PSA,SNG,TRUE
GGGTATTCATAGAGGC,PBMC-06-1,PSO11,PSO,SNG,TRUE
GGGTATTGTGAGAGGG,PBMC-06-1,PSA13,PSA,SNG,TRUE
GGGTATTGTGGACCAA,PBMC-06-1,PSO14,PSO,SNG,TRUE
GGGTATTGTTGGGCCT,PBMC-06-1,PSA03,PSA,DBL,FALSE
GGGTATTGTTGGTGTT,PBMC-06-1,PSA17,PSA,SNG,TRUE
GGGTATTGTTGTGTTG,PBMC-06-1,PSA17,PSA,SNG,TRUE
GGGTATTTCAAGTCTG,PBMC-06-1,PSA06,PSA,SNG,TRUE
GGGTATTTCCGAGAAG,PBMC-06-1,PSA17,PSA,SNG,TRUE
GGGTATTTCTCCACTG,PBMC-06-1,PSA06,PSA,SNG,FALSE
GGGTATTTCTGTGCAA,PBMC-06-1,PSA02,PSA,SNG,TRUE
GGGTCACAGCGTTAGG,PBMC-06-1,PSX01,PSX,SNG,TRUE
GGGTCACAGGCTCCCA,PBMC-06-1,PSX01,PSX,SNG,TRUE
GGGTCACAGGTGCAGT,PBMC-06-1,PSA02,PSA,SNG,TRUE
GGGTCACCAAGAGGTC,PBMC-06-1,PSA05,PSA,DBL,FALSE
GGGTCACCAAGTTGGG,PBMC-06-1,PSA04,PSA,AMB,FALSE
GGGTCACCACCTCTAC,PBMC-06-1,PSO16,PSO,SNG,TRUE
GGGTCACCACTACTTT,PBMC-06-1,PSX04,PSX,SNG,TRUE
GGGTCACCACTTCAGA,PBMC-06-1,PSO13,PSO,DBL,FALSE
GGGTCACCAGGAGGTT,PBMC-06-1,PSO11,PSO,SNG,TRUE
GGGTCACGTGATCATC,PBMC-06-1,PSA05,PSA,SNG,FALSE
GGGTCACTCAGGTAAA,PBMC-06-1,PSA02,PSA,DBL,FALSE
GGGTCACTCTCAGAAC,PBMC-06-1,PSA04,PSA,SNG,TRUE
GGGTCACTCTTCGCTG,PBMC-06-1,PSX04,PSX,SNG,TRUE
GGGTCTGAGCTCTATG,PBMC-06-1,PSA12,PSA,SNG,TRUE
GGGTCTGAGGCTCTCG,PBMC-06-1,PSX01,PSX,DBL,FALSE
GGGTCTGAGGTGTGAC,PBMC-06-1,PSO15,PSO,SNG,TRUE
GGGTCTGAGTCGTTAC,PBMC-06-1,PSA14,PSA,SNG,TRUE
GGGTCTGAGTCTAGAA,PBMC-06-1,PSA05,PSA,SNG,TRUE
GGGTCTGCAAATAGCA,PBMC-06-1,PSA07,PSA,AMB,FALSE
GGGTCTGCAGACGGAT,PBMC-06-1,PSA06,PSA,SNG,FALSE
GGGTCTGCAGATACTC,PBMC-06-1,PSO15,PSO,SNG,TRUE
GGGTCTGCAGCGTTGC,PBMC-06-1,PSA06,PSA,SNG,TRUE
GGGTCTGGTACGTGAG,PBMC-06-1,PSA16,PSA,SNG,TRUE
GGGTCTGGTACTTCCC,PBMC-06-1,PSA17,PSA,SNG,TRUE
GGGTCTGGTCGAATGG,PBMC-06-1,PSA13,PSA,SNG,TRUE
GGGTCTGGTCGCACAC,PBMC-06-1,PSA05,PSA,SNG,TRUE
GGGTCTGGTCTAATCG,PBMC-06-1,PSA13,PSA,SNG,TRUE
GGGTCTGGTGCATTTG,PBMC-06-1,PSA17,PSA,SNG,TRUE
GGGTCTGGTGTGTCCG,PBMC-06-1,PSA02,PSA,SNG,TRUE
GGGTCTGGTTTACCAG,PBMC-06-1,PSO12,PSO,SNG,TRUE
GGGTCTGGTTTGACAC,PBMC-06-1,PSX01,PSX,DBL,FALSE
GGGTCTGTCAACTTTC,PBMC-06-1,PSA05,PSA,SNG,TRUE
GGGTCTGTCAATCGGT,PBMC-06-1,PSA02,PSA,SNG,TRUE
GGGTCTGTCAGTGTTG,PBMC-06-1,PSA02,PSA,SNG,TRUE
GGGTCTGTCGCATAGT,PBMC-06-1,PSX01,PSX,SNG,TRUE
GGGTCTGTCGCTCTAC,PBMC-06-1,PSO15,PSO,SNG,TRUE
GGGTCTGTCGTGAGAG,PBMC-06-1,PSA17,PSA,SNG,TRUE
GGGTCTGTCGTGGACC,PBMC-06-1,PSO12,PSO,DBL,FALSE
GGGTGAAAGAATACAC,PBMC-06-1,PSA15,PSA,SNG,TRUE
GGGTGAAAGTGAACAT,PBMC-06-1,PSA02,PSA,SNG,TRUE
GGGTGAACAATAGTAG,PBMC-06-1,PSA17,PSA,SNG,TRUE
GGGTGAACAATTAGGA,PBMC-06-1,PSA14,PSA,DBL,FALSE
GGGTGAACACCCTAGG,PBMC-06-1,PSA02,PSA,DBL,FALSE
GGGTGAACACGTTCGG,PBMC-06-1,PSA14,PSA,SNG,TRUE
GGGTGAACATCTAACG,PBMC-06-1,PSA05,PSA,SNG,TRUE
GGGTGAAGTATGACAA,PBMC-06-1,PSA14,PSA,SNG,FALSE
GGGTGAAGTCCCACGA,PBMC-06-1,PSO15,PSO,SNG,TRUE
GGGTGAAGTCTTGTCC,PBMC-06-1,PSA17,PSA,DBL,FALSE
GGGTGAAGTGCATACT,PBMC-06-1,PSO12,PSO,SNG,TRUE
GGGTGAATCATGCCCT,PBMC-06-1,PSA02,PSA,SNG,FALSE
GGGTGAATCGGCACTG,PBMC-06-1,PSA05,PSA,SNG,TRUE
GGGTGAATCTAGACCA,PBMC-06-1,PSA02,PSA,SNG,TRUE
GGGTGAATCTCTAAGG,PBMC-06-1,PSA17,PSA,SNG,TRUE
GGGTGAATCTTCACAT,PBMC-06-1,PSA17,PSA,SNG,TRUE
GGGTGTCAGAGTTGCG,PBMC-06-1,PSA06,PSA,SNG,TRUE
GGGTGTCAGCACTAAA,PBMC-06-1,PSA16,PSA,DBL,FALSE
GGGTGTCAGCGACTTT,PBMC-06-1,PSO12,PSO,SNG,TRUE
GGGTGTCAGGCAATGC,PBMC-06-1,PSA02,PSA,SNG,TRUE
GGGTGTCAGTGCGACA,PBMC-06-1,PSA07,PSA,SNG,TRUE
GGGTGTCCAACAGAGC,PBMC-06-1,PSA07,PSA,SNG,FALSE
GGGTGTCCACGAGAAC,PBMC-06-1,PSA06,PSA,DBL,FALSE
GGGTGTCCAGCGACAA,PBMC-06-1,PSA05,PSA,SNG,TRUE
GGGTGTCCAGCGCGTT,PBMC-06-1,PSA16,PSA,SNG,TRUE
GGGTGTCCAGTCTGGC,PBMC-06-1,PSA02,PSA,SNG,TRUE
GGGTGTCCATCGATCA,PBMC-06-1,PSA15,PSA,DBL,FALSE
GGGTGTCGTACGTACT,PBMC-06-1,PSA12,PSA,SNG,TRUE
GGGTGTCGTATGTGTC,PBMC-06-1,PSA02,PSA,SNG,TRUE
GGGTGTCGTCTTCAAG,PBMC-06-1,PSX01,PSX,SNG,FALSE
GGGTGTCGTGGCATCC,PBMC-06-1,PSA05,PSA,SNG,FALSE
GGGTGTCGTTCTGAGT,PBMC-06-1,PSX01,PSX,SNG,TRUE
GGGTGTCTCAACACCA,PBMC-06-1,PSO15,PSO,SNG,TRUE
GGGTGTCTCAAGTTGC,PBMC-06-1,PSA12,PSA,DBL,FALSE
GGGTGTCTCACGGGAA,PBMC-06-1,PSA02,PSA,SNG,TRUE
GGGTGTCTCCGTAGTA,PBMC-06-1,PSX01,PSX,SNG,TRUE
GGGTGTCTCGAACACT,PBMC-06-1,PSA15,PSA,DBL,FALSE
GGGTGTCTCGGACCAC,PBMC-06-1,PSA12,PSA,SNG,TRUE
GGGTGTCTCTATCGCC,PBMC-06-1,PSA04,PSA,SNG,FALSE
GGGTTATAGAGTAACT,PBMC-06-1,PSA15,PSA,SNG,FALSE
GGGTTATAGCTTGTTG,PBMC-06-1,PSA04,PSA,DBL,FALSE
GGGTTATAGGACTGGT,PBMC-06-1,PSA02,PSA,SNG,TRUE
GGGTTATAGGGCAATC,PBMC-06-1,PSO12,PSO,SNG,TRUE
GGGTTATCATCATGAC,PBMC-06-1,PSA16,PSA,SNG,TRUE
GGGTTATCATTGGCAT,PBMC-06-1,PSA12,PSA,SNG,TRUE
GGGTTATGTACATACC,PBMC-06-1,PSA05,PSA,SNG,TRUE
GGGTTATGTATGCTAC,PBMC-06-1,PSA12,PSA,SNG,FALSE
GGGTTATGTGGAAGTC,PBMC-06-1,PSA12,PSA,SNG,TRUE
GGGTTATGTTGGACTT,PBMC-06-1,PSA04,PSA,SNG,TRUE
GGGTTATTCAAGCCTA,PBMC-06-1,PSO16,PSO,DBL,FALSE
GGGTTATTCAATCTTC,PBMC-06-1,PSA07,PSA,SNG,TRUE
GGGTTATTCGAAGTGG,PBMC-06-1,PSX01,PSX,SNG,TRUE
GGGTTATTCTGAGGTT,PBMC-06-1,PSA05,PSA,SNG,TRUE
GGGTTTAAGGTAAGAG,PBMC-06-1,PSO11,PSO,DBL,FALSE
GGGTTTACAATAGTGA,PBMC-06-1,PSA16,PSA,SNG,TRUE
GGGTTTACACCATTCC,PBMC-06-1,PSA16,PSA,SNG,TRUE
GGGTTTACAGGGCTTC,PBMC-06-1,PSO12,PSO,SNG,TRUE
GGGTTTACAGTACTAC,PBMC-06-1,PSA05,PSA,SNG,TRUE
GGGTTTACATTCTCTA,PBMC-06-1,PSO13,PSO,SNG,FALSE
GGGTTTAGTATACCCA,PBMC-06-1,PSA17,PSA,SNG,TRUE
GGGTTTAGTATGGAAT,PBMC-06-1,PSA16,PSA,SNG,TRUE
GGGTTTAGTGCCCAGT,PBMC-06-1,PSA17,PSA,SNG,TRUE
GGGTTTAGTGGTTTAC,PBMC-06-1,PSO15,PSO,SNG,TRUE
GGGTTTAGTGTTTGCA,PBMC-06-1,PSO14,PSO,DBL,FALSE
GGGTTTAGTTACGGAG,PBMC-06-1,PSA16,PSA,SNG,TRUE
GGGTTTAGTTGCTCGG,PBMC-06-1,PSA04,PSA,SNG,TRUE
GGGTTTATCACTACGA,PBMC-06-1,PSA06,PSA,DBL,FALSE
GGGTTTATCAGAACCT,PBMC-06-1,PSA02,PSA,SNG,FALSE
GGGTTTATCCCAACTC,PBMC-06-1,PSO15,PSO,DBL,FALSE
GGGTTTATCGTGAGAG,PBMC-06-1,PSA15,PSA,DBL,FALSE
GGTAACTAGCATCAGG,PBMC-06-1,PSO15,PSO,SNG,TRUE
GGTAACTAGCGATGGT,PBMC-06-1,PSA16,PSA,SNG,FALSE
GGTAACTAGCTCAGAG,PBMC-06-1,PSO11,PSO,SNG,TRUE
GGTAACTAGGTATAGT,PBMC-06-1,PSA02,PSA,SNG,TRUE
GGTAACTAGTAGCATA,PBMC-06-1,PSA17,PSA,SNG,FALSE
GGTAACTCAACGGCCT,PBMC-06-1,PSA06,PSA,AMB,FALSE
GGTAACTCAGGCTTGC,PBMC-06-1,PSA13,PSA,SNG,TRUE
GGTAACTCATTCTCTA,PBMC-06-1,PSX04,PSX,SNG,TRUE
GGTAACTGTGCCCAGT,PBMC-06-1,PSO12,PSO,SNG,TRUE
GGTAACTGTGGTTTGT,PBMC-06-1,PSA14,PSA,SNG,TRUE
GGTAACTTCTGTGCAA,PBMC-06-1,PSO12,PSO,SNG,TRUE
GGTAACTTCTTGGGCG,PBMC-06-1,PSA14,PSA,SNG,TRUE
GGTAATCAGAATACAC,PBMC-06-1,PSO15,PSO,SNG,TRUE
GGTAATCAGACTGTTC,PBMC-06-1,PSA15,PSA,SNG,TRUE
GGTAATCAGGGCAATC,PBMC-06-1,PSO14,PSO,DBL,FALSE
GGTAATCAGGGCAGTT,PBMC-06-1,PSA14,PSA,SNG,TRUE
GGTAATCAGGTAAGGA,PBMC-06-1,PSA14,PSA,SNG,FALSE
GGTAATCAGTAGGAAG,PBMC-06-1,PSA14,PSA,DBL,FALSE
GGTAATCCAACCCTAA,PBMC-06-1,PSA07,PSA,SNG,FALSE
GGTAATCCAACTCGAT,PBMC-06-1,PSA07,PSA,SNG,TRUE
GGTAATCCACGGCGTT,PBMC-06-1,PSA16,PSA,SNG,TRUE
GGTAATCCAGAATCGG,PBMC-06-1,PSA07,PSA,SNG,FALSE
GGTAATCCATACGCAT,PBMC-06-1,PSX04,PSX,SNG,TRUE
GGTAATCCATGTCGTA,PBMC-06-1,PSX01,PSX,SNG,TRUE
GGTAATCGTAGGACCA,PBMC-06-1,PSO14,PSO,DBL,FALSE
GGTAATCGTCACTCGG,PBMC-06-1,PSA05,PSA,AMB,FALSE
GGTAATCGTGAGATAT,PBMC-06-1,PSX01,PSX,SNG,TRUE
GGTAATCGTTTCGACA,PBMC-06-1,PSA03,PSA,SNG,TRUE
GGTAATCTCAACCTCC,PBMC-06-1,PSA12,PSA,SNG,TRUE
GGTAATCTCAACCTTT,PBMC-06-1,PSO15,PSO,SNG,FALSE
GGTAATCTCCACACAA,PBMC-06-1,PSA14,PSA,SNG,TRUE
GGTAATCTCTGTGCTC,PBMC-06-1,PSA12,PSA,SNG,TRUE
GGTAGAGCAGCCTACG,PBMC-06-1,PSX04,PSX,SNG,TRUE
GGTAGAGGTACTCCCT,PBMC-06-1,PSA13,PSA,SNG,TRUE
GGTAGAGGTATAGGAT,PBMC-06-1,PSA02,PSA,AMB,FALSE
GGTAGAGGTCTGCGCA,PBMC-06-1,PSA17,PSA,DBL,FALSE
GGTAGAGGTGTAAACA,PBMC-06-1,PSO15,PSO,SNG,TRUE
GGTCACGAGATAACAC,PBMC-06-1,PSA07,PSA,SNG,TRUE
GGTCACGAGATGGTCG,PBMC-06-1,PSA04,PSA,SNG,TRUE
GGTCACGAGCTAATGA,PBMC-06-1,PSO16,PSO,SNG,TRUE
GGTCACGAGGGCCTCT,PBMC-06-1,PSA12,PSA,SNG,TRUE
GGTCACGAGTACTGTC,PBMC-06-1,PSO13,PSO,SNG,TRUE
GGTCACGAGTGCGACA,PBMC-06-1,PSO15,PSO,SNG,TRUE
GGTCACGCAAATGGTA,PBMC-06-1,PSA03,PSA,SNG,TRUE
GGTCACGCAAGCACAG,PBMC-06-1,PSA15,PSA,SNG,FALSE
GGTCACGCAATGAAAC,PBMC-06-1,PSA06,PSA,SNG,TRUE
GGTCACGCACAGTATC,PBMC-06-1,PSA16,PSA,SNG,TRUE
GGTCACGCACCTGCGA,PBMC-06-1,PSA04,PSA,SNG,TRUE
GGTCACGCACGCTATA,PBMC-06-1,PSA02,PSA,SNG,TRUE
GGTCACGCACTGAGTT,PBMC-06-1,PSO14,PSO,SNG,TRUE
GGTCACGCAGATTCGT,PBMC-06-1,PSA12,PSA,SNG,FALSE
GGTCACGCAGGCCTGT,PBMC-06-1,PSO16,PSO,SNG,FALSE
GGTCACGCAGTGGTGA,PBMC-06-1,PSO12,PSO,SNG,FALSE
GGTCACGCATCGGAAG,PBMC-06-1,PSA02,PSA,DBL,FALSE
GGTCACGGTAACTTCG,PBMC-06-1,PSA14,PSA,DBL,FALSE
GGTCACGGTAGCGATG,PBMC-06-1,PSA04,PSA,DBL,FALSE
GGTCACGGTAGCTAAA,PBMC-06-1,PSA16,PSA,SNG,TRUE
GGTCACGGTGTAAATG,PBMC-06-1,PSX04,PSX,SNG,FALSE
GGTCACGGTTGAGGAC,PBMC-06-1,PSA15,PSA,DBL,FALSE
GGTCACGTCAATCAGC,PBMC-06-1,PSO16,PSO,SNG,TRUE
GGTCACGTCATGAGTC,PBMC-06-1,PSA15,PSA,SNG,TRUE
GGTCACGTCTGAACGT,PBMC-06-1,PSA02,PSA,SNG,TRUE
GGTCACGTCTTGGAAC,PBMC-06-1,PSA07,PSA,SNG,FALSE
GGTCTGGAGCAGGTCA,PBMC-06-1,PSX01,PSX,SNG,TRUE
GGTCTGGAGGTGCAGT,PBMC-06-1,PSA17,PSA,SNG,TRUE
GGTCTGGCAAGCTACT,PBMC-06-1,PSA04,PSA,SNG,FALSE
GGTCTGGCACAACGAG,PBMC-06-1,PSA12,PSA,SNG,FALSE
GGTCTGGCACAACGCC,PBMC-06-1,PSX01,PSX,AMB,FALSE
GGTCTGGCACATTCTT,PBMC-06-1,PSA15,PSA,SNG,TRUE
GGTCTGGCACGGGTAA,PBMC-06-1,PSA02,PSA,SNG,TRUE
GGTCTGGCACTTGGCG,PBMC-06-1,PSA17,PSA,DBL,FALSE
GGTCTGGCAGTGCGCT,PBMC-06-1,PSA13,PSA,SNG,TRUE
GGTCTGGCATAGGCGA,PBMC-06-1,PSO16,PSO,SNG,FALSE
GGTCTGGCATGACAGG,PBMC-06-1,PSA02,PSA,SNG,FALSE
GGTCTGGCATGGCCAC,PBMC-06-1,PSA02,PSA,SNG,TRUE
GGTCTGGCATTGAAAG,PBMC-06-1,PSO15,PSO,SNG,FALSE
GGTCTGGTCCAACTAG,PBMC-06-1,PSA15,PSA,SNG,TRUE
GGTCTGGTCGCCAACG,PBMC-06-1,PSX04,PSX,AMB,FALSE
GGTCTGGTCGGTCACG,PBMC-06-1,PSA15,PSA,SNG,TRUE
GGTCTGGTCTCGCGTT,PBMC-06-1,PSA05,PSA,SNG,FALSE
GGTGAAGAGACCATTC,PBMC-06-1,PSA14,PSA,SNG,TRUE
GGTGAAGAGCGACTAG,PBMC-06-1,PSO13,PSO,SNG,TRUE
GGTGAAGAGCTCCATA,PBMC-06-1,PSA15,PSA,SNG,TRUE
GGTGAAGAGTCTGGTT,PBMC-06-1,PSO15,PSO,DBL,FALSE
GGTGAAGCAAGAGTGC,PBMC-06-1,PSA02,PSA,SNG,TRUE
GGTGAAGCAATGTGGG,PBMC-06-1,PSA13,PSA,SNG,TRUE
GGTGAAGCATAGAAAC,PBMC-06-1,PSA16,PSA,SNG,TRUE
GGTGAAGGTAAGCTCT,PBMC-06-1,PSX01,PSX,SNG,TRUE
GGTGAAGGTACTAGCT,PBMC-06-1,PSA07,PSA,SNG,TRUE
GGTGAAGGTATGCTAC,PBMC-06-1,PSA16,PSA,SNG,TRUE
GGTGAAGGTCTACGTA,PBMC-06-1,PSA16,PSA,SNG,FALSE
GGTGAAGGTCTTCATT,PBMC-06-1,PSA13,PSA,SNG,TRUE
GGTGAAGGTGTCTTGA,PBMC-06-1,PSA16,PSA,SNG,TRUE
GGTGAAGTCCAGCACG,PBMC-06-1,PSA14,PSA,SNG,TRUE
GGTGAAGTCCCTTGTG,PBMC-06-1,PSO12,PSO,SNG,TRUE
GGTGAAGTCGTGCAGC,PBMC-06-1,PSA07,PSA,SNG,TRUE
GGTGAAGTCGTGCTCT,PBMC-06-1,PSA16,PSA,AMB,FALSE
GGTGAAGTCGTTTACT,PBMC-06-1,PSA07,PSA,SNG,TRUE
GGTGAAGTCTACGCAA,PBMC-06-1,PSA16,PSA,SNG,TRUE
GGTGAAGTCTGGAAGG,PBMC-06-1,PSA12,PSA,DBL,FALSE
GGTGAAGTCTTCGATT,PBMC-06-1,PSO12,PSO,DBL,FALSE
GGTGATTAGACGCATG,PBMC-06-1,PSA05,PSA,SNG,TRUE
GGTGATTAGTGCACCC,PBMC-06-1,PSA02,PSA,SNG,TRUE
GGTGATTAGTTATGGA,PBMC-06-1,PSA06,PSA,SNG,TRUE
GGTGATTCACAAGCCC,PBMC-06-1,PSX01,PSX,SNG,TRUE
GGTGATTCACACCGAC,PBMC-06-1,PSA12,PSA,SNG,TRUE
GGTGATTCACGTGAGA,PBMC-06-1,PSX04,PSX,SNG,TRUE
GGTGATTCAGTGGGTA,PBMC-06-1,PSA04,PSA,DBL,FALSE
GGTGATTGTACAGCGA,PBMC-06-1,PSA03,PSA,AMB,FALSE
GGTGATTGTACGACTT,PBMC-06-1,PSX01,PSX,SNG,FALSE
GGTGATTGTCAGGTAG,PBMC-06-1,PSA05,PSA,AMB,FALSE
GGTGATTGTGACCGAA,PBMC-06-1,PSO11,PSO,AMB,FALSE
GGTGATTGTGGATTTC,PBMC-06-1,PSX01,PSX,DBL,FALSE
GGTGATTGTGGTTCTA,PBMC-06-1,PSO15,PSO,SNG,TRUE
GGTGATTGTTCTAACG,PBMC-06-1,PSO15,PSO,SNG,TRUE
GGTGATTGTTTCAGAC,PBMC-06-1,PSA12,PSA,SNG,TRUE
GGTGATTTCAAGCGTT,PBMC-06-1,PSA07,PSA,SNG,TRUE
GGTGATTTCCACAGCG,PBMC-06-1,PSX01,PSX,SNG,TRUE
GGTGATTTCCTGTTAT,PBMC-06-1,PSA05,PSA,SNG,TRUE
GGTGGCTAGGAGAGGC,PBMC-06-1,PSA15,PSA,SNG,TRUE
GGTGGCTAGGCACAAC,PBMC-06-1,PSA13,PSA,SNG,TRUE
GGTGGCTAGGCTAACG,PBMC-06-1,PSA05,PSA,DBL,FALSE
GGTGGCTAGTCAGCCC,PBMC-06-1,PSA03,PSA,SNG,TRUE
GGTGGCTAGTTACGTC,PBMC-06-1,PSA16,PSA,SNG,TRUE
GGTGGCTCATCTGCGG,PBMC-06-1,PSA05,PSA,SNG,TRUE
GGTGGCTGTACTCGAT,PBMC-06-1,PSX01,PSX,SNG,TRUE
GGTGGCTGTAGTCTTG,PBMC-06-1,PSA17,PSA,SNG,TRUE
GGTGGCTGTGCCTGAC,PBMC-06-1,PSO16,PSO,SNG,TRUE
GGTGGCTGTTATGTCG,PBMC-06-1,PSO15,PSO,SNG,TRUE
GGTGGCTTCCGACGGT,PBMC-06-1,PSA15,PSA,DBL,FALSE
GGTGGCTTCCTACACC,PBMC-06-1,PSA07,PSA,SNG,FALSE
GGTGGCTTCGACGCTG,PBMC-06-1,PSX04,PSX,SNG,TRUE
GGTGTCGAGAGGATGA,PBMC-06-1,PSA06,PSA,SNG,TRUE
GGTGTCGAGATGCAGC,PBMC-06-1,PSA15,PSA,SNG,TRUE
GGTGTCGAGTAACGTA,PBMC-06-1,PSA04,PSA,SNG,TRUE
GGTGTCGAGTTCCGTA,PBMC-06-1,PSA04,PSA,SNG,FALSE
GGTGTCGCAATGGCCC,PBMC-06-1,PSA02,PSA,SNG,TRUE
GGTGTCGCAATTGCTG,PBMC-06-1,PSA04,PSA,SNG,FALSE
GGTGTCGCACGACGTC,PBMC-06-1,PSA13,PSA,DBL,FALSE
GGTGTCGCAGAGATTA,PBMC-06-1,PSA07,PSA,SNG,TRUE
GGTGTCGCAGAGTGAC,PBMC-06-1,PSA03,PSA,DBL,FALSE
GGTGTCGGTAACATGA,PBMC-06-1,PSO12,PSO,SNG,TRUE
GGTGTCGGTACCACGC,PBMC-06-1,PSA02,PSA,SNG,TRUE
GGTGTCGGTCAACCAT,PBMC-06-1,PSA03,PSA,SNG,TRUE
GGTGTCGGTCGGTGAA,PBMC-06-1,PSA05,PSA,SNG,TRUE
GGTGTCGGTGAGTAAT,PBMC-06-1,PSA07,PSA,SNG,TRUE
GGTGTCGGTTCTTAGG,PBMC-06-1,PSO12,PSO,SNG,TRUE
GGTGTCGGTTGCGGAA,PBMC-06-1,PSA16,PSA,SNG,TRUE
GGTGTCGTCAAGGTGG,PBMC-06-1,PSA14,PSA,SNG,TRUE
GGTGTCGTCCCAGTGG,PBMC-06-1,PSA07,PSA,SNG,TRUE
GGTGTCGTCGGACTGC,PBMC-06-1,PSA04,PSA,SNG,TRUE
GGTGTCGTCGGTAGGA,PBMC-06-1,PSA06,PSA,SNG,FALSE
GGTGTCGTCGTTCGCT,PBMC-06-1,PSA17,PSA,DBL,FALSE
GGTGTCGTCTCTCCGA,PBMC-06-1,PSA12,PSA,DBL,FALSE
GGTGTTAAGAAGTCTA,PBMC-06-1,PSA02,PSA,SNG,TRUE
GGTGTTAAGAGTGTGC,PBMC-06-1,PSO15,PSO,SNG,TRUE
GGTGTTAAGCCACTCG,PBMC-06-1,PSA02,PSA,AMB,FALSE
GGTGTTAAGTCTAGCT,PBMC-06-1,PSO11,PSO,SNG,TRUE
GGTGTTACATCACAGT,PBMC-06-1,PSA05,PSA,SNG,TRUE
GGTGTTAGTCAAGTTC,PBMC-06-1,PSA06,PSA,SNG,FALSE
GGTGTTAGTCACTAGT,PBMC-06-1,PSA06,PSA,SNG,TRUE
GGTGTTAGTCAGCTTA,PBMC-06-1,PSO15,PSO,SNG,TRUE
GGTGTTAGTCATGCAT,PBMC-06-1,PSA14,PSA,SNG,TRUE
GGTGTTAGTCTGATAC,PBMC-06-1,PSA02,PSA,SNG,TRUE
GGTGTTAGTTAAGACA,PBMC-06-1,PSA02,PSA,SNG,TRUE
GGTGTTATCCGCAGTG,PBMC-06-1,PSA17,PSA,SNG,TRUE
GGTGTTATCGCCAATA,PBMC-06-1,PSX04,PSX,SNG,FALSE
GGTGTTATCGTTGTAG,PBMC-06-1,PSA14,PSA,SNG,TRUE
GGTTAACAGACAACAT,PBMC-06-1,PSA17,PSA,SNG,TRUE
GGTTAACAGCGAATGC,PBMC-06-1,PSA05,PSA,AMB,FALSE
GGTTAACAGGATAATC,PBMC-06-1,PSO16,PSO,DBL,FALSE
GGTTAACAGTCGGCCT,PBMC-06-1,PSA17,PSA,SNG,TRUE
GGTTAACCAATAAGGT,PBMC-06-1,PSA15,PSA,SNG,TRUE
GGTTAACCAGAACCGA,PBMC-06-1,PSA14,PSA,SNG,TRUE
GGTTAACCAGGTCCGT,PBMC-06-1,PSA03,PSA,DBL,FALSE
GGTTAACGTACGATTC,PBMC-06-1,PSO12,PSO,DBL,FALSE
GGTTAACGTACTGAGG,PBMC-06-1,PSA02,PSA,SNG,TRUE
GGTTAACGTCCTGTCT,PBMC-06-1,PSA02,PSA,SNG,TRUE
GGTTAACGTGCCTGCA,PBMC-06-1,PSO15,PSO,SNG,TRUE
GGTTAACGTTCAGGTT,PBMC-06-1,PSA16,PSA,SNG,TRUE
GGTTAACTCCCGGTAG,PBMC-06-1,PSO15,PSO,SNG,TRUE
GGTTAACTCTATTCGT,PBMC-06-1,PSA17,PSA,SNG,TRUE
GGTTCTCAGAAAGTCT,PBMC-06-1,PSA07,PSA,SNG,TRUE
GGTTCTCAGACTCTAC,PBMC-06-1,PSO15,PSO,SNG,TRUE
GGTTCTCAGCAGCGAT,PBMC-06-1,PSA14,PSA,SNG,TRUE
GGTTCTCAGCCGGATA,PBMC-06-1,PSO14,PSO,SNG,TRUE
GGTTCTCAGGATCACG,PBMC-06-1,PSA03,PSA,DBL,FALSE
GGTTCTCAGGCACTAG,PBMC-06-1,PSA07,PSA,DBL,FALSE
GGTTCTCAGGCCTGCT,PBMC-06-1,PSO15,PSO,SNG,TRUE
GGTTCTCCAACATACC,PBMC-06-1,PSA14,PSA,SNG,TRUE
GGTTCTCCAAGTTCGT,PBMC-06-1,PSX04,PSX,SNG,TRUE
GGTTCTCCACAAGCCC,PBMC-06-1,PSX01,PSX,SNG,TRUE
GGTTCTCCACCCTATC,PBMC-06-1,PSO11,PSO,SNG,FALSE
GGTTCTCCATGAGGGT,PBMC-06-1,PSO12,PSO,AMB,FALSE
GGTTCTCGTAATACCC,PBMC-06-1,PSA06,PSA,DBL,FALSE
GGTTCTCGTCTAATCG,PBMC-06-1,PSA15,PSA,SNG,TRUE
GGTTCTCGTGAATATG,PBMC-06-1,PSA02,PSA,SNG,TRUE
GGTTCTCGTTCGGCTG,PBMC-06-1,PSA02,PSA,SNG,TRUE
GGTTCTCTCCGAGCTG,PBMC-06-1,PSA17,PSA,DBL,FALSE
GGTTCTCTCGAATCCA,PBMC-06-1,PSA03,PSA,SNG,FALSE
GGTTCTCTCGGCATAT,PBMC-06-1,PSA02,PSA,SNG,FALSE
GGTTCTCTCGTAGAGG,PBMC-06-1,PSA12,PSA,AMB,FALSE
GGTTCTCTCTAGCAAC,PBMC-06-1,PSA15,PSA,SNG,TRUE
GGTTCTCTCTAGCCAA,PBMC-06-1,PSA17,PSA,SNG,FALSE
GGTTCTCTCTCATTAC,PBMC-06-1,PSA16,PSA,SNG,TRUE
GGTTCTCTCTGGGCCA,PBMC-06-1,PSX01,PSX,SNG,FALSE
GGTTGTAAGACTTCCA,PBMC-06-1,PSX01,PSX,SNG,TRUE
GGTTGTAAGGAGCTGT,PBMC-06-1,PSO15,PSO,DBL,FALSE
GGTTGTAAGGCCCACT,PBMC-06-1,PSA05,PSA,SNG,TRUE
GGTTGTAAGGCGACAT,PBMC-06-1,PSO15,PSO,SNG,TRUE
GGTTGTAAGGGCAAGG,PBMC-06-1,PSO16,PSO,SNG,TRUE
GGTTGTAAGTTAACGA,PBMC-06-1,PSA12,PSA,AMB,FALSE
GGTTGTACAAGTGACG,PBMC-06-1,PSO15,PSO,SNG,TRUE
GGTTGTACACAAACGG,PBMC-06-1,PSO15,PSO,DBL,FALSE
GGTTGTACATGAGTAA,PBMC-06-1,PSA04,PSA,DBL,FALSE
GGTTGTAGTACCCGCA,PBMC-06-1,PSO15,PSO,DBL,FALSE
GGTTGTAGTATGAAGT,PBMC-06-1,PSA14,PSA,DBL,FALSE
GGTTGTAGTCCAGGTC,PBMC-06-1,PSA16,PSA,SNG,FALSE
GGTTGTAGTCGAAACG,PBMC-06-1,PSX01,PSX,SNG,TRUE
GGTTGTAGTCTTGCGG,PBMC-06-1,PSO15,PSO,SNG,TRUE
GGTTGTAGTGTGAATA,PBMC-06-1,PSA15,PSA,SNG,TRUE
GGTTGTATCACCATGA,PBMC-06-1,PSA06,PSA,DBL,FALSE
GGTTGTATCCCGAGTG,PBMC-06-1,PSA16,PSA,SNG,TRUE
GGTTGTATCCGCCTAT,PBMC-06-1,PSA06,PSA,SNG,TRUE
GGTTGTATCGTTAGTG,PBMC-06-1,PSA07,PSA,SNG,TRUE
GTAACACCAAATGAAC,PBMC-06-1,PSA05,PSA,SNG,TRUE
GTAACACCAATGGCAG,PBMC-06-1,PSA02,PSA,SNG,TRUE
GTAACACCACCGTCTT,PBMC-06-1,PSA12,PSA,DBL,FALSE
GTAACACGTAACGCGA,PBMC-06-1,PSO16,PSO,SNG,TRUE
GTAACACGTAGGCAGT,PBMC-06-1,PSA13,PSA,SNG,TRUE
GTAACACGTATGGGAC,PBMC-06-1,PSX01,PSX,SNG,FALSE
GTAACACGTCTTTCAT,PBMC-06-1,PSA13,PSA,SNG,TRUE
GTAACACGTGATACCT,PBMC-06-1,PSO12,PSO,DBL,FALSE
GTAACACGTGCACGCT,PBMC-06-1,PSA02,PSA,SNG,TRUE
GTAACACGTGGCACTC,PBMC-06-1,PSO12,PSO,SNG,TRUE
GTAACACGTTAGAAGT,PBMC-06-1,PSA06,PSA,SNG,FALSE
GTAACACGTTAGGGAC,PBMC-06-1,PSX01,PSX,SNG,TRUE
GTAACACGTTCTCTCG,PBMC-06-1,PSA05,PSA,SNG,TRUE
GTAACCAAGATAGCTA,PBMC-06-1,PSA02,PSA,SNG,TRUE
GTAACCAAGCGGACAT,PBMC-06-1,PSO15,PSO,SNG,TRUE
GTAACCAAGGGAGTTC,PBMC-06-1,PSX01,PSX,SNG,TRUE
GTAACCACATGGCGCT,PBMC-06-1,PSA17,PSA,SNG,TRUE
GTAACCAGTAACCCGC,PBMC-06-1,PSA07,PSA,SNG,TRUE
GTAACCAGTAGCGTTT,PBMC-06-1,PSO15,PSO,SNG,TRUE
GTAACCAGTGTCGATT,PBMC-06-1,PSO15,PSO,SNG,TRUE
GTAACCAGTTCGTAAC,PBMC-06-1,PSA15,PSA,SNG,TRUE
GTAACCATCCACACCT,PBMC-06-1,PSA04,PSA,SNG,TRUE
GTAACCATCCTGATAG,PBMC-06-1,PSA02,PSA,SNG,TRUE
GTAACCATCGCTGCGA,PBMC-06-1,PSO15,PSO,SNG,TRUE
GTAACCATCGGTCATA,PBMC-06-1,PSA16,PSA,DBL,FALSE
GTAACCATCGTGCATA,PBMC-06-1,PSA05,PSA,SNG,FALSE
GTAAGTCAGAGGCTGT,PBMC-06-1,PSA16,PSA,SNG,TRUE
GTAAGTCAGCGCTGCT,PBMC-06-1,PSA17,PSA,SNG,TRUE
GTAAGTCAGGAGTACC,PBMC-06-1,PSA16,PSA,SNG,TRUE
GTAAGTCAGGCAATGC,PBMC-06-1,PSA02,PSA,SNG,TRUE
GTAAGTCAGGCCGCTT,PBMC-06-1,PSA14,PSA,SNG,TRUE
GTAAGTCAGGTCTTTG,PBMC-06-1,PSA07,PSA,SNG,FALSE
GTAAGTCCAACACACT,PBMC-06-1,PSO15,PSO,SNG,TRUE
GTAAGTCCAATAGAGT,PBMC-06-1,PSA14,PSA,SNG,TRUE
GTAAGTCCAATAGTGA,PBMC-06-1,PSA15,PSA,SNG,TRUE
GTAAGTCCACATCCCT,PBMC-06-1,PSO11,PSO,SNG,TRUE
GTAAGTCCACCGTGGT,PBMC-06-1,PSA13,PSA,SNG,TRUE
GTAAGTCCATGGGAAC,PBMC-06-1,PSO11,PSO,SNG,TRUE
GTAAGTCGTATTGGCT,PBMC-06-1,PSA07,PSA,SNG,TRUE
GTAAGTCGTGAGTAAT,PBMC-06-1,PSO12,PSO,DBL,FALSE
GTAAGTCGTTGGCCGT,PBMC-06-1,PSA16,PSA,DBL,FALSE
GTAAGTCTCAAGGTGG,PBMC-06-1,PSA17,PSA,SNG,TRUE
GTAAGTCTCCATTTAC,PBMC-06-1,PSO12,PSO,SNG,TRUE
GTAAGTCTCCCTAGGG,PBMC-06-1,PSA17,PSA,DBL,FALSE
GTAAGTCTCCTCTTTC,PBMC-06-1,PSA07,PSA,SNG,TRUE
GTAAGTCTCGCTACGG,PBMC-06-1,PSA16,PSA,AMB,FALSE
GTAATCGAGAAGCCAC,PBMC-06-1,PSA02,PSA,SNG,TRUE
GTAATCGAGATAGGGA,PBMC-06-1,PSO15,PSO,SNG,FALSE
GTAATCGAGATCCCAT,PBMC-06-1,PSX04,PSX,SNG,TRUE
GTAATCGAGTGCGCTC,PBMC-06-1,PSA02,PSA,SNG,TRUE
GTAATCGAGTGTTGAA,PBMC-06-1,PSA14,PSA,DBL,FALSE
GTAATCGCAACTAGAA,PBMC-06-1,PSA14,PSA,SNG,FALSE
GTAATCGCAAGAGTGC,PBMC-06-1,PSA15,PSA,SNG,TRUE
GTAATCGCAATACCCA,PBMC-06-1,PSA04,PSA,SNG,TRUE
GTAATCGCACTCCGAG,PBMC-06-1,PSA05,PSA,SNG,TRUE
GTAATCGCACTTCATT,PBMC-06-1,PSA04,PSA,SNG,TRUE
GTAATCGCAGAAGTTA,PBMC-06-1,PSA07,PSA,SNG,TRUE
GTAATCGCAGTCAACT,PBMC-06-1,PSA07,PSA,DBL,FALSE
GTAATCGCATACTTTC,PBMC-06-1,PSA02,PSA,SNG,FALSE
GTAATCGCATCGTTCC,PBMC-06-1,PSA07,PSA,SNG,TRUE
GTAATCGCATGTACGT,PBMC-06-1,PSA14,PSA,SNG,TRUE
GTAATCGGTACGAAAT,PBMC-06-1,PSA12,PSA,AMB,FALSE
GTAATCGGTAGCTCGC,PBMC-06-1,PSA14,PSA,SNG,TRUE
GTAATCGGTAGTATAG,PBMC-06-1,PSA03,PSA,SNG,TRUE
GTAATCGGTATGAGAT,PBMC-06-1,PSA05,PSA,SNG,TRUE
GTAATCGGTCCTGGTG,PBMC-06-1,PSA16,PSA,SNG,TRUE
GTAATCGGTCCTTAAG,PBMC-06-1,PSA04,PSA,SNG,TRUE
GTAATCGGTCTTGCGG,PBMC-06-1,PSX04,PSX,SNG,TRUE
GTAATCGGTGACATCT,PBMC-06-1,PSA04,PSA,SNG,TRUE
GTAATCGGTTGTCCCT,PBMC-06-1,PSA05,PSA,AMB,FALSE
GTAATCGTCAGCGCGT,PBMC-06-1,PSO15,PSO,SNG,TRUE
GTAATCGTCCGAGATT,PBMC-06-1,PSA07,PSA,DBL,FALSE
GTAATCGTCGAGATGG,PBMC-06-1,PSX01,PSX,SNG,TRUE
GTAATCGTCGCTGATA,PBMC-06-1,PSA12,PSA,SNG,FALSE
GTAATCGTCTCCTACG,PBMC-06-1,PSA03,PSA,SNG,TRUE
GTAATGCAGAAAGCGA,PBMC-06-1,PSA02,PSA,SNG,TRUE
GTAATGCAGAACTCCT,PBMC-06-1,PSA05,PSA,SNG,TRUE
GTAATGCAGAGGCGGA,PBMC-06-1,PSA12,PSA,SNG,TRUE
GTAATGCAGATCGCCC,PBMC-06-1,PSA16,PSA,SNG,TRUE
GTAATGCAGCACTTTG,PBMC-06-1,PSA03,PSA,DBL,FALSE
GTAATGCAGCGAATGC,PBMC-06-1,PSA05,PSA,SNG,TRUE
GTAATGCAGGAGGTTC,PBMC-06-1,PSO15,PSO,SNG,TRUE
GTAATGCAGGGAACAA,PBMC-06-1,PSA02,PSA,SNG,TRUE
GTAATGCAGGTAAACT,PBMC-06-1,PSA05,PSA,DBL,FALSE
GTAATGCAGGTGCGAT,PBMC-06-1,PSA12,PSA,DBL,FALSE
GTAATGCAGTCAACAA,PBMC-06-1,PSA12,PSA,SNG,TRUE
GTAATGCAGTGTTCCA,PBMC-06-1,PSO15,PSO,SNG,TRUE
GTAATGCCACATACGT,PBMC-06-1,PSA05,PSA,SNG,TRUE
GTAATGCCACCGTGAC,PBMC-06-1,PSO11,PSO,SNG,TRUE
GTAATGCCACTACTTT,PBMC-06-1,PSA03,PSA,SNG,TRUE
GTAATGCCACTCCTTG,PBMC-06-1,PSA07,PSA,DBL,FALSE
GTAATGCCACTGGACC,PBMC-06-1,PSO15,PSO,SNG,FALSE
GTAATGCGTAACGCGA,PBMC-06-1,PSO13,PSO,SNG,TRUE
GTAATGCGTCCTCCAT,PBMC-06-1,PSA07,PSA,SNG,TRUE
GTAATGCGTTACGCCG,PBMC-06-1,PSA17,PSA,SNG,TRUE
GTAATGCGTTCGATTG,PBMC-06-1,PSA12,PSA,DBL,FALSE
GTAATGCGTTGTGTAC,PBMC-06-1,PSA14,PSA,SNG,TRUE
GTAATGCGTTTCTATC,PBMC-06-1,PSA07,PSA,SNG,TRUE
GTAATGCTCATTCGTT,PBMC-06-1,PSA14,PSA,DBL,FALSE
GTAATGCTCCCATGGG,PBMC-06-1,PSX04,PSX,DBL,FALSE
GTAATGCTCGTAGGGA,PBMC-06-1,PSX04,PSX,SNG,TRUE
GTACAACAGCAATTAG,PBMC-06-1,PSO12,PSO,DBL,FALSE
GTACAACAGCATCGAG,PBMC-06-1,PSX01,PSX,SNG,FALSE
GTACAACAGCTCATAC,PBMC-06-1,PSA03,PSA,SNG,FALSE
GTACAACAGCTGGCCT,PBMC-06-1,PSA16,PSA,SNG,TRUE
GTACAACAGGCCCAAA,PBMC-06-1,PSA05,PSA,DBL,FALSE
GTACAACAGGGTGAAA,PBMC-06-1,PSA02,PSA,SNG,FALSE
GTACAACAGTTAGTGA,PBMC-06-1,PSA12,PSA,SNG,TRUE
GTACAACCAACTCGAT,PBMC-06-1,PSA07,PSA,SNG,TRUE
GTACAACCAGAGTTGG,PBMC-06-1,PSA17,PSA,SNG,TRUE
GTACAACCATTCTCTA,PBMC-06-1,PSA13,PSA,SNG,TRUE
GTACAACCATTGCCTC,PBMC-06-1,PSX01,PSX,SNG,TRUE
GTACAACGTAATCAGA,PBMC-06-1,PSA02,PSA,SNG,FALSE
GTACAACGTACCTTCC,PBMC-06-1,PSA16,PSA,SNG,FALSE
GTACAACGTCTGATAC,PBMC-06-1,PSX04,PSX,SNG,FALSE
GTACAACGTCTGCGCA,PBMC-06-1,PSO12,PSO,SNG,TRUE
GTACAACGTGTACGCC,PBMC-06-1,PSA15,PSA,SNG,TRUE
GTACAACGTGTCCCTT,PBMC-06-1,PSA02,PSA,SNG,TRUE
GTACAACGTTCCCACT,PBMC-06-1,PSO12,PSO,SNG,FALSE
GTACAACGTTGGTAGG,PBMC-06-1,PSA12,PSA,SNG,TRUE
GTACAACTCAGGTGTT,PBMC-06-1,PSX01,PSX,DBL,FALSE
GTACAACTCCTTCGAC,PBMC-06-1,PSA14,PSA,SNG,TRUE
GTACAACTCGAAATCC,PBMC-06-1,PSA12,PSA,AMB,FALSE
GTACAACTCGATCCAA,PBMC-06-1,PSA04,PSA,SNG,TRUE
GTACAACTCTAGCCAA,PBMC-06-1,PSO12,PSO,SNG,FALSE
GTACAGTAGAGCTTTC,PBMC-06-1,PSA06,PSA,SNG,TRUE
GTACAGTAGATTAGAC,PBMC-06-1,PSO12,PSO,SNG,TRUE
GTACAGTAGCAGCCCT,PBMC-06-1,PSA07,PSA,SNG,TRUE
GTACAGTAGTTACTCG,PBMC-06-1,PSO15,PSO,SNG,TRUE
GTACAGTCAAATCCCA,PBMC-06-1,PSA02,PSA,SNG,TRUE
GTACAGTCAAGTGGAC,PBMC-06-1,PSX01,PSX,SNG,TRUE
GTACAGTCAATCCAGT,PBMC-06-1,PSO15,PSO,SNG,TRUE
GTACAGTCACCTGTCT,PBMC-06-1,PSA06,PSA,DBL,FALSE
GTACAGTCACGCTGTG,PBMC-06-1,PSA17,PSA,SNG,TRUE
GTACAGTCAGATCATC,PBMC-06-1,PSA16,PSA,SNG,FALSE
GTACAGTCAGCAGTGA,PBMC-06-1,PSA14,PSA,SNG,TRUE
GTACAGTCAGCTGTTA,PBMC-06-1,PSA02,PSA,SNG,TRUE
GTACAGTCAGGTCCCA,PBMC-06-1,PSA14,PSA,SNG,TRUE
GTACAGTCAGTCCCGA,PBMC-06-1,PSO11,PSO,DBL,FALSE
GTACAGTCAGTCTCTC,PBMC-06-1,PSA13,PSA,DBL,FALSE
GTACAGTCAGTTCACA,PBMC-06-1,PSO11,PSO,SNG,TRUE
GTACAGTCATCTGTTT,PBMC-06-1,PSA06,PSA,SNG,TRUE
GTACAGTCATTGAGCT,PBMC-06-1,PSA16,PSA,SNG,TRUE
GTACAGTGTACGCGTC,PBMC-06-1,PSA07,PSA,SNG,TRUE
GTACAGTGTCACATTG,PBMC-06-1,PSO15,PSO,SNG,TRUE
GTACAGTGTCATCAGT,PBMC-06-1,PSO13,PSO,SNG,TRUE
GTACAGTGTCGTGATT,PBMC-06-1,PSX01,PSX,DBL,FALSE
GTACAGTGTCTAGGTT,PBMC-06-1,PSA14,PSA,SNG,TRUE
GTACAGTGTGAATATG,PBMC-06-1,PSA05,PSA,DBL,FALSE
GTACAGTGTGACTGAG,PBMC-06-1,PSA16,PSA,SNG,FALSE
GTACAGTGTGGCGTAA,PBMC-06-1,PSA07,PSA,SNG,TRUE
GTACAGTGTTACGGAG,PBMC-06-1,PSO15,PSO,SNG,TRUE
GTACAGTGTTTCACAG,PBMC-06-1,PSA12,PSA,DBL,FALSE
GTACAGTTCAAGAGTA,PBMC-06-1,PSO15,PSO,SNG,TRUE
GTACAGTTCAGAACCT,PBMC-06-1,PSO15,PSO,SNG,TRUE
GTACAGTTCCCTCAAC,PBMC-06-1,PSA14,PSA,SNG,TRUE
GTACAGTTCCCTCGAT,PBMC-06-1,PSA07,PSA,AMB,FALSE
GTAGAAAAGTCGTTAC,PBMC-06-1,PSX01,PSX,SNG,TRUE
GTAGAAAAGTCTGGTT,PBMC-06-1,PSA05,PSA,SNG,TRUE
GTAGAAACAACCCTAA,PBMC-06-1,PSA15,PSA,SNG,TRUE
GTAGAAACAATGTCAC,PBMC-06-1,PSO12,PSO,SNG,FALSE
GTAGAAACACTACGGC,PBMC-06-1,PSA02,PSA,SNG,TRUE
GTAGAAACACTAGTAC,PBMC-06-1,PSA14,PSA,DBL,FALSE
GTAGAAAGTCATCTAG,PBMC-06-1,PSX01,PSX,SNG,FALSE
GTAGAAAGTCCACAGC,PBMC-06-1,PSX01,PSX,SNG,TRUE
GTAGAAAGTCTTGAGT,PBMC-06-1,PSA07,PSA,SNG,TRUE
GTAGAAAGTGTATTGC,PBMC-06-1,PSA07,PSA,SNG,TRUE
GTAGAAAGTGTCGATT,PBMC-06-1,PSX04,PSX,SNG,TRUE
GTAGAAAGTTCTCTCG,PBMC-06-1,PSO11,PSO,SNG,TRUE
GTAGAAATCAGCCCAG,PBMC-06-1,PSA12,PSA,SNG,FALSE
GTAGAAATCCCTCTTT,PBMC-06-1,PSA06,PSA,SNG,TRUE
GTAGAGGAGGATTTGA,PBMC-06-1,PSA16,PSA,SNG,TRUE
GTAGAGGAGGCATCTT,PBMC-06-1,PSA16,PSA,SNG,TRUE
GTAGAGGAGGGAGGGT,PBMC-06-1,PSO15,PSO,AMB,FALSE
GTAGAGGAGGTTATAG,PBMC-06-1,PSA07,PSA,SNG,FALSE
GTAGAGGAGTCTTGGT,PBMC-06-1,PSO14,PSO,DBL,FALSE
GTAGAGGAGTTAGAAC,PBMC-06-1,PSO15,PSO,SNG,TRUE
GTAGAGGCAAGAGTGC,PBMC-06-1,PSX04,PSX,SNG,TRUE
GTAGAGGCAGTTTCAG,PBMC-06-1,PSA17,PSA,SNG,TRUE
GTAGAGGGTAGATGTA,PBMC-06-1,PSA16,PSA,SNG,TRUE
GTAGAGGGTAGGTACG,PBMC-06-1,PSA02,PSA,SNG,TRUE
GTAGAGGGTCCGGACT,PBMC-06-1,PSO12,PSO,SNG,TRUE
GTAGAGGGTCGCTTGG,PBMC-06-1,PSA07,PSA,DBL,FALSE
GTAGAGGGTCTACAGT,PBMC-06-1,PSO15,PSO,SNG,TRUE
GTAGAGGGTGCAGGAT,PBMC-06-1,PSA17,PSA,SNG,TRUE
GTAGAGGGTTCGGACC,PBMC-06-1,PSA16,PSA,SNG,FALSE
GTAGAGGTCACTGGGC,PBMC-06-1,PSA15,PSA,SNG,TRUE
GTAGAGGTCCGAGAAG,PBMC-06-1,PSO13,PSO,SNG,TRUE
GTAGAGGTCCGTGTGG,PBMC-06-1,PSO13,PSO,SNG,TRUE
GTAGAGGTCCTCAGGG,PBMC-06-1,PSA16,PSA,SNG,TRUE
GTAGAGGTCTCTAAGG,PBMC-06-1,PSA17,PSA,SNG,TRUE
GTAGATCAGAAGCGGG,PBMC-06-1,PSX04,PSX,SNG,TRUE
GTAGATCAGAGATCGC,PBMC-06-1,PSA07,PSA,SNG,TRUE
GTAGATCAGCGCGTTC,PBMC-06-1,PSO16,PSO,SNG,TRUE
GTAGATCAGTGCTCGC,PBMC-06-1,PSA04,PSA,SNG,TRUE
GTAGATCCAAAGGTTA,PBMC-06-1,PSO15,PSO,SNG,TRUE
GTAGATCCACACCTTC,PBMC-06-1,PSA14,PSA,SNG,TRUE
GTAGATCCACAGCTGC,PBMC-06-1,PSA02,PSA,SNG,TRUE
GTAGATCCACAGTCCG,PBMC-06-1,PSA04,PSA,SNG,FALSE
GTAGATCCACCAGTTA,PBMC-06-1,PSA04,PSA,SNG,TRUE
GTAGATCCACTCTGCT,PBMC-06-1,PSA16,PSA,SNG,FALSE
GTAGATCCAGCCCACA,PBMC-06-1,PSA02,PSA,DBL,FALSE
GTAGATCCAGGAGACT,PBMC-06-1,PSX01,PSX,SNG,TRUE
GTAGATCCAGGCGTTC,PBMC-06-1,PSX04,PSX,SNG,FALSE
GTAGATCCATGATGCT,PBMC-06-1,PSA16,PSA,DBL,FALSE
GTAGATCGTAACACGG,PBMC-06-1,PSO13,PSO,SNG,TRUE
GTAGATCGTATGAAGT,PBMC-06-1,PSO15,PSO,DBL,FALSE
GTAGATCGTCCTGTCT,PBMC-06-1,PSX04,PSX,SNG,TRUE
GTAGATCGTCGTACTA,PBMC-06-1,PSA17,PSA,AMB,FALSE
GTAGATCGTCTCAGAT,PBMC-06-1,PSA04,PSA,SNG,TRUE
GTAGATCGTCTCGACG,PBMC-06-1,PSA06,PSA,SNG,TRUE
GTAGATCGTTGACTGT,PBMC-06-1,PSA16,PSA,SNG,TRUE
GTAGATCTCAAAGGTA,PBMC-06-1,PSA13,PSA,SNG,FALSE
GTAGATCTCAACTACG,PBMC-06-1,PSA16,PSA,SNG,TRUE
GTAGATCTCCTGGGAC,PBMC-06-1,PSA17,PSA,SNG,TRUE
GTAGCTACAAACTGCT,PBMC-06-1,PSO14,PSO,DBL,FALSE
GTAGCTACAAGAGCTG,PBMC-06-1,PSA15,PSA,SNG,FALSE
GTAGCTACAGTAGGAC,PBMC-06-1,PSO12,PSO,SNG,TRUE
GTAGCTAGTAGCGTTT,PBMC-06-1,PSA12,PSA,SNG,TRUE
GTAGCTAGTCCTATAG,PBMC-06-1,PSO14,PSO,DBL,FALSE
GTAGCTAGTGCTCGTG,PBMC-06-1,PSA05,PSA,SNG,TRUE
GTAGCTAGTGGATTTC,PBMC-06-1,PSA15,PSA,SNG,TRUE
GTAGCTAGTTCGGCTG,PBMC-06-1,PSX01,PSX,SNG,TRUE
GTAGCTAGTTCTAAGC,PBMC-06-1,PSA03,PSA,SNG,FALSE
GTAGCTAGTTGTTGCA,PBMC-06-1,PSA12,PSA,SNG,FALSE
GTAGGAGAGCATCCTA,PBMC-06-1,PSA17,PSA,SNG,TRUE
GTAGGAGAGCCATTCA,PBMC-06-1,PSO12,PSO,DBL,FALSE
GTAGGAGAGCCGAACA,PBMC-06-1,PSA15,PSA,SNG,TRUE
GTAGGAGAGCCTAGGA,PBMC-06-1,PSA14,PSA,DBL,FALSE
GTAGGAGAGCTTAAGA,PBMC-06-1,PSO13,PSO,SNG,TRUE
GTAGGAGAGTCTACCA,PBMC-06-1,PSA06,PSA,DBL,FALSE
GTAGGAGCAAGCGAAC,PBMC-06-1,PSA04,PSA,SNG,TRUE
GTAGGAGCAATAGTAG,PBMC-06-1,PSA07,PSA,SNG,TRUE
GTAGGAGCACGATTCA,PBMC-06-1,PSA16,PSA,SNG,FALSE
GTAGGAGCACGCCAGT,PBMC-06-1,PSA17,PSA,SNG,FALSE
GTAGGAGCATCATCCC,PBMC-06-1,PSO12,PSO,DBL,FALSE
GTAGGAGCATCGGAGA,PBMC-06-1,PSA15,PSA,DBL,FALSE
GTAGGAGCATCTCGTC,PBMC-06-1,PSX01,PSX,AMB,FALSE
GTAGGAGCATGACTTG,PBMC-06-1,PSX04,PSX,DBL,FALSE
GTAGGAGCATGCAGGA,PBMC-06-1,PSA17,PSA,SNG,TRUE
GTAGGAGGTAGGCTCC,PBMC-06-1,PSA02,PSA,SNG,FALSE
GTAGGAGGTCCTTTGC,PBMC-06-1,PSA12,PSA,SNG,TRUE
GTAGGAGGTGAGAACC,PBMC-06-1,PSA05,PSA,SNG,TRUE
GTAGGAGGTGCCTGCA,PBMC-06-1,PSA15,PSA,SNG,TRUE
GTAGGAGGTTAATGAG,PBMC-06-1,PSO15,PSO,SNG,TRUE
GTAGGAGGTTCTGAGT,PBMC-06-1,PSA17,PSA,SNG,TRUE
GTAGGAGTCCACTTCG,PBMC-06-1,PSX04,PSX,SNG,TRUE
GTAGGAGTCCGCAAAT,PBMC-06-1,PSA05,PSA,SNG,TRUE
GTAGGAGTCCGGCAGT,PBMC-06-1,PSA14,PSA,SNG,TRUE
GTAGGAGTCTCGCGTT,PBMC-06-1,PSO14,PSO,SNG,TRUE
GTAGGTTAGAGCCGAT,PBMC-06-1,PSA07,PSA,DBL,FALSE
GTAGGTTAGCACGGAT,PBMC-06-1,PSA12,PSA,SNG,TRUE
GTAGGTTAGGTCACAG,PBMC-06-1,PSA02,PSA,SNG,TRUE
GTAGGTTAGTGGTGAC,PBMC-06-1,PSA04,PSA,SNG,TRUE
GTAGGTTCACTCAGAT,PBMC-06-1,PSO15,PSO,SNG,TRUE
GTAGGTTCAGCGACCT,PBMC-06-1,PSO12,PSO,SNG,TRUE
GTAGGTTGTACAACGG,PBMC-06-1,PSA14,PSA,SNG,TRUE
GTAGGTTGTAGATGTA,PBMC-06-1,PSA17,PSA,SNG,TRUE
GTAGGTTGTCCTCAGG,PBMC-06-1,PSX04,PSX,SNG,FALSE
GTAGGTTGTGTCTTCC,PBMC-06-1,PSA17,PSA,SNG,TRUE
GTAGGTTGTTCGGTTA,PBMC-06-1,PSA12,PSA,DBL,FALSE
GTAGGTTGTTGACTAC,PBMC-06-1,PSX04,PSX,SNG,TRUE
GTAGGTTTCCACCTGT,PBMC-06-1,PSO16,PSO,SNG,FALSE
GTAGGTTTCCCTTGTG,PBMC-06-1,PSO15,PSO,SNG,TRUE
GTAGGTTTCCGTGTAA,PBMC-06-1,PSA02,PSA,SNG,FALSE
GTAGGTTTCTCTAGGA,PBMC-06-1,PSA16,PSA,SNG,FALSE
GTAGGTTTCTGTTGGA,PBMC-06-1,PSO14,PSO,AMB,FALSE
GTAGTACAGAGTACCG,PBMC-06-1,PSX04,PSX,SNG,TRUE
GTAGTACAGTTTCGGT,PBMC-06-1,PSX04,PSX,SNG,FALSE
GTAGTACCACATGTTG,PBMC-06-1,PSX04,PSX,DBL,FALSE
GTAGTACCACCTCGTT,PBMC-06-1,PSX01,PSX,SNG,TRUE
GTAGTACCACCTGTCT,PBMC-06-1,PSA16,PSA,DBL,FALSE
GTAGTACCAGCGTTGC,PBMC-06-1,PSA15,PSA,DBL,FALSE
GTAGTACCAGGTCTCG,PBMC-06-1,PSA07,PSA,SNG,TRUE
GTAGTACGTAGAGATT,PBMC-06-1,PSA04,PSA,SNG,TRUE
GTAGTACGTCATGGCC,PBMC-06-1,PSO15,PSO,SNG,TRUE
GTAGTACGTCTGCGCA,PBMC-06-1,PSA13,PSA,SNG,TRUE
GTAGTACTCAACCTTT,PBMC-06-1,PSO12,PSO,SNG,TRUE
GTAGTACTCAGGGTAG,PBMC-06-1,PSA12,PSA,SNG,FALSE
GTAGTACTCGAACGCC,PBMC-06-1,PSA04,PSA,SNG,TRUE
GTAGTACTCGCGCCAA,PBMC-06-1,PSX01,PSX,DBL,FALSE
GTAGTACTCGCTCCTA,PBMC-06-1,PSA07,PSA,SNG,FALSE
GTAGTACTCTGAACGT,PBMC-06-1,PSO11,PSO,DBL,FALSE
GTATTGGAGATCCCAT,PBMC-06-1,PSO15,PSO,SNG,FALSE
GTATTGGAGATCCTAC,PBMC-06-1,PSA14,PSA,SNG,TRUE
GTATTGGAGGCATGGT,PBMC-06-1,PSO15,PSO,SNG,TRUE
GTATTGGAGGGAGATA,PBMC-06-1,PSX04,PSX,SNG,TRUE
GTATTGGAGGGCTGAT,PBMC-06-1,PSX01,PSX,SNG,TRUE
GTATTGGAGTGGACTG,PBMC-06-1,PSA14,PSA,SNG,TRUE
GTATTGGAGTTGCGCC,PBMC-06-1,PSX01,PSX,SNG,TRUE
GTATTGGCACTGGACC,PBMC-06-1,PSA13,PSA,DBL,FALSE
GTATTGGCAGAATTCC,PBMC-06-1,PSA15,PSA,SNG,TRUE
GTATTGGCAGTCTTCC,PBMC-06-1,PSO12,PSO,SNG,TRUE
GTATTGGCATAATCGC,PBMC-06-1,PSO15,PSO,SNG,TRUE
GTATTGGCATCATGAC,PBMC-06-1,PSX04,PSX,SNG,TRUE
GTATTGGCATCGGAGA,PBMC-06-1,PSO15,PSO,SNG,TRUE
GTATTGGCATGACGGA,PBMC-06-1,PSX04,PSX,SNG,TRUE
GTATTGGGTAACTTCG,PBMC-06-1,PSA06,PSA,SNG,TRUE
GTATTGGGTATGACAA,PBMC-06-1,PSX04,PSX,SNG,TRUE
GTATTGGGTCATGGCC,PBMC-06-1,PSA13,PSA,SNG,FALSE
GTATTGGGTGCAACGA,PBMC-06-1,PSA17,PSA,SNG,FALSE
GTATTGGGTGCCAAGA,PBMC-06-1,PSA05,PSA,SNG,TRUE
GTATTGGGTGCCTGCA,PBMC-06-1,PSA15,PSA,SNG,TRUE
GTATTGGGTTGCACGC,PBMC-06-1,PSA12,PSA,SNG,FALSE
GTATTGGTCCAGTGTA,PBMC-06-1,PSA14,PSA,SNG,TRUE
GTATTGGTCCCAATAG,PBMC-06-1,PSA16,PSA,SNG,FALSE
GTATTTCAGACATATG,PBMC-06-1,PSA06,PSA,SNG,TRUE
GTATTTCAGATGCCGA,PBMC-06-1,PSA14,PSA,SNG,TRUE
GTATTTCAGATTGTGA,PBMC-06-1,PSO15,PSO,SNG,TRUE
GTATTTCAGCGCATCC,PBMC-06-1,PSO11,PSO,SNG,TRUE
GTATTTCAGGACTATA,PBMC-06-1,PSA04,PSA,AMB,FALSE
GTATTTCAGGTCTGGA,PBMC-06-1,PSA07,PSA,SNG,TRUE
GTATTTCCAAGCTGCC,PBMC-06-1,PSA07,PSA,SNG,FALSE
GTATTTCCACAGAAGC,PBMC-06-1,PSA06,PSA,SNG,TRUE
GTATTTCCAGCTCGGT,PBMC-06-1,PSA17,PSA,SNG,TRUE
GTATTTCCATATAGCC,PBMC-06-1,PSX01,PSX,SNG,FALSE
GTATTTCGTACAGAAT,PBMC-06-1,PSA06,PSA,DBL,FALSE
GTATTTCGTAGCGCCT,PBMC-06-1,PSX01,PSX,SNG,TRUE
GTATTTCGTAGCTGCC,PBMC-06-1,PSA02,PSA,SNG,TRUE
GTATTTCGTAGGCTCC,PBMC-06-1,PSX01,PSX,DBL,FALSE
GTATTTCGTATACCCA,PBMC-06-1,PSA05,PSA,SNG,TRUE
GTATTTCGTCGTGCCA,PBMC-06-1,PSA15,PSA,SNG,TRUE
GTATTTCGTGGAACCA,PBMC-06-1,PSA04,PSA,SNG,TRUE
GTATTTCGTGTAAATG,PBMC-06-1,PSX01,PSX,SNG,FALSE
GTATTTCTCCTCGATC,PBMC-06-1,PSA04,PSA,SNG,TRUE
GTATTTCTCTCCGATC,PBMC-06-1,PSX01,PSX,SNG,TRUE
GTATTTCTCTTCTGTA,PBMC-06-1,PSO15,PSO,SNG,TRUE
GTCAAACCAAATCGTC,PBMC-06-1,PSA07,PSA,SNG,FALSE
GTCAAACCACATTCGA,PBMC-06-1,PSA02,PSA,SNG,FALSE
GTCAAACCACGTAGAG,PBMC-06-1,PSA06,PSA,SNG,TRUE
GTCAAACCAGAACTAA,PBMC-06-1,PSA05,PSA,SNG,TRUE
GTCAAACCAGTCGCAC,PBMC-06-1,PSA07,PSA,SNG,TRUE
GTCAAACGTAAGGCCA,PBMC-06-1,PSO12,PSO,SNG,TRUE
GTCAAACGTCAATCTG,PBMC-06-1,PSA05,PSA,DBL,FALSE
GTCAAACGTCCACACG,PBMC-06-1,PSO13,PSO,SNG,FALSE
GTCAAACGTCTAGATC,PBMC-06-1,PSO11,PSO,SNG,FALSE
GTCAAACGTCTCAAGT,PBMC-06-1,PSO16,PSO,SNG,TRUE
GTCAAACGTCTGCATA,PBMC-06-1,PSA03,PSA,SNG,TRUE
GTCAAGTAGAATGTTG,PBMC-06-1,PSA07,PSA,SNG,FALSE
GTCAAGTAGATGTTCC,PBMC-06-1,PSA02,PSA,SNG,TRUE
GTCAAGTAGGAGGCAG,PBMC-06-1,PSA07,PSA,SNG,TRUE
GTCAAGTAGGCACGAT,PBMC-06-1,PSA14,PSA,SNG,TRUE
GTCAAGTAGGGAGTGG,PBMC-06-1,PSA04,PSA,SNG,TRUE
GTCAAGTAGGTCATTC,PBMC-06-1,PSX01,PSX,DBL,FALSE
GTCAAGTAGTAGTCTC,PBMC-06-1,PSA07,PSA,SNG,TRUE
GTCAAGTAGTGCAAAT,PBMC-06-1,PSA15,PSA,SNG,TRUE
GTCAAGTCAATGCTCA,PBMC-06-1,PSA12,PSA,DBL,FALSE
GTCAAGTCACATGGTT,PBMC-06-1,PSO12,PSO,SNG,FALSE
GTCAAGTCATCCGTTC,PBMC-06-1,PSO12,PSO,SNG,TRUE
GTCAAGTCATGGGATG,PBMC-06-1,PSO12,PSO,SNG,TRUE
GTCAAGTGTAGCGTTT,PBMC-06-1,PSA07,PSA,SNG,TRUE
GTCAAGTGTAGTACGG,PBMC-06-1,PSA02,PSA,SNG,TRUE
GTCAAGTGTATCCCTC,PBMC-06-1,PSA02,PSA,DBL,FALSE
GTCAAGTGTCCAAGAG,PBMC-06-1,PSO15,PSO,SNG,TRUE
GTCAAGTGTCTGCAAT,PBMC-06-1,PSA16,PSA,SNG,TRUE
GTCAAGTGTGGGCTTC,PBMC-06-1,PSO15,PSO,SNG,TRUE
GTCAAGTGTTATTCTC,PBMC-06-1,PSO15,PSO,SNG,TRUE
GTCAAGTGTTCTTCAT,PBMC-06-1,PSA07,PSA,SNG,TRUE
GTCAAGTTCAGTGTGT,PBMC-06-1,PSO12,PSO,SNG,TRUE
GTCAAGTTCCGGTAAT,PBMC-06-1,PSX04,PSX,SNG,TRUE
GTCAAGTTCGCCAGTG,PBMC-06-1,PSA17,PSA,SNG,TRUE
GTCAAGTTCGCCGAGT,PBMC-06-1,PSX04,PSX,SNG,TRUE
GTCAAGTTCGTCTAAG,PBMC-06-1,PSA02,PSA,DBL,FALSE
GTCAAGTTCTCGCAGG,PBMC-06-1,PSA17,PSA,SNG,TRUE
GTCACGGAGAATTCAG,PBMC-06-1,PSA07,PSA,SNG,TRUE
GTCACGGAGACATACA,PBMC-06-1,PSO15,PSO,DBL,FALSE
GTCACGGAGCCTCAGC,PBMC-06-1,PSX04,PSX,SNG,TRUE
GTCACGGAGCGGATCA,PBMC-06-1,PSO12,PSO,SNG,TRUE
GTCACGGAGGATGCGT,PBMC-06-1,PSA07,PSA,SNG,TRUE
GTCACGGAGTGAGTTA,PBMC-06-1,PSA02,PSA,SNG,TRUE
GTCACGGAGTTCCGTA,PBMC-06-1,PSA07,PSA,SNG,TRUE
GTCACGGCACAAGCTT,PBMC-06-1,PSX01,PSX,SNG,TRUE
GTCACGGCACACTTAG,PBMC-06-1,PSA02,PSA,SNG,TRUE
GTCACGGCATCGGATT,PBMC-06-1,PSA13,PSA,SNG,TRUE
GTCACGGCATGCAGCC,PBMC-06-1,PSA05,PSA,DBL,FALSE
GTCACGGGTAAGACCG,PBMC-06-1,PSO12,PSO,SNG,TRUE
GTCACGGGTAAGTTGA,PBMC-06-1,PSX04,PSX,SNG,TRUE
GTCACGGGTACAGCGA,PBMC-06-1,PSA02,PSA,SNG,TRUE
GTCACGGGTAGCTTAC,PBMC-06-1,PSA12,PSA,SNG,TRUE
GTCACGGGTAGTTACC,PBMC-06-1,PSA04,PSA,DBL,FALSE
GTCACGGGTCAGGAGT,PBMC-06-1,PSO15,PSO,SNG,TRUE
GTCACGGGTCAGTCCG,PBMC-06-1,PSA02,PSA,SNG,TRUE
GTCACGGGTCCACTCT,PBMC-06-1,PSA14,PSA,SNG,TRUE
GTCACGGGTTCGGGTC,PBMC-06-1,PSA05,PSA,SNG,TRUE
GTCACGGGTTGGGACA,PBMC-06-1,PSA14,PSA,SNG,TRUE
GTCACGGTCAGAACCT,PBMC-06-1,PSA05,PSA,SNG,TRUE
GTCACGGTCCGCACGA,PBMC-06-1,PSA17,PSA,SNG,TRUE
GTCACGGTCGGCACTG,PBMC-06-1,PSA02,PSA,SNG,FALSE
GTCACGGTCTTCCCGA,PBMC-06-1,PSA13,PSA,SNG,TRUE
GTCACTCAGCCATGCC,PBMC-06-1,PSA06,PSA,SNG,TRUE
GTCACTCAGGAGCTGT,PBMC-06-1,PSA12,PSA,SNG,TRUE
GTCACTCAGGCGCTTC,PBMC-06-1,PSA14,PSA,SNG,TRUE
GTCACTCAGGTTACAA,PBMC-06-1,PSO12,PSO,SNG,FALSE
GTCACTCCAACGTAAA,PBMC-06-1,PSA17,PSA,SNG,TRUE
GTCACTCCAATACCTG,PBMC-06-1,PSA17,PSA,SNG,TRUE
GTCACTCCACCTCTGT,PBMC-06-1,PSA02,PSA,SNG,TRUE
GTCACTCCAGTCTACA,PBMC-06-1,PSA14,PSA,SNG,TRUE
GTCACTCCATAAGCGG,PBMC-06-1,PSA13,PSA,SNG,TRUE
GTCACTCCATCGAAGG,PBMC-06-1,PSO14,PSO,SNG,TRUE
GTCACTCGTAACAGTA,PBMC-06-1,PSA07,PSA,DBL,FALSE
GTCACTCGTATAGGGC,PBMC-06-1,PSO15,PSO,SNG,TRUE
GTCACTCGTCCCGTGA,PBMC-06-1,PSA07,PSA,SNG,TRUE
GTCACTCGTGTTAACC,PBMC-06-1,PSA06,PSA,SNG,TRUE
GTCACTCGTTGGGTAG,PBMC-06-1,PSA17,PSA,SNG,FALSE
GTCACTCTCGGTGCAC,PBMC-06-1,PSA07,PSA,SNG,TRUE
GTCACTCTCTGTTCAT,PBMC-06-1,PSA07,PSA,DBL,FALSE
GTCAGCGAGAGTTCGG,PBMC-06-1,PSO11,PSO,SNG,TRUE
GTCAGCGAGCAAACAT,PBMC-06-1,PSA05,PSA,SNG,TRUE
GTCAGCGAGCACACAG,PBMC-06-1,PSX04,PSX,SNG,TRUE
GTCAGCGAGGCTCAAG,PBMC-06-1,PSA03,PSA,DBL,FALSE
GTCAGCGAGGTAGACC,PBMC-06-1,PSA06,PSA,AMB,FALSE
GTCAGCGAGTTATGGA,PBMC-06-1,PSO11,PSO,SNG,FALSE
GTCAGCGCAAACACCT,PBMC-06-1,PSA07,PSA,SNG,TRUE
GTCAGCGCACCTAAAC,PBMC-06-1,PSA15,PSA,DBL,FALSE
GTCAGCGCACTGGAAG,PBMC-06-1,PSA04,PSA,SNG,TRUE
GTCAGCGCAGCTGTGC,PBMC-06-1,PSA13,PSA,SNG,TRUE
GTCAGCGGTAATCAAG,PBMC-06-1,PSO15,PSO,SNG,TRUE
GTCAGCGGTAATTGGA,PBMC-06-1,PSO15,PSO,DBL,FALSE
GTCAGCGGTAGGAGTC,PBMC-06-1,PSA04,PSA,SNG,TRUE
GTCAGCGGTAGGTCAG,PBMC-06-1,PSA17,PSA,SNG,FALSE
GTCAGCGGTCAACATC,PBMC-06-1,PSO12,PSO,SNG,TRUE
GTCAGCGGTCAAGCCC,PBMC-06-1,PSA04,PSA,SNG,TRUE
GTCAGCGGTGACTATC,PBMC-06-1,PSX01,PSX,DBL,FALSE
GTCAGCGGTGTTACAC,PBMC-06-1,PSA06,PSA,SNG,TRUE
GTCAGCGGTGTTCATG,PBMC-06-1,PSO15,PSO,DBL,FALSE
GTCAGCGTCAAGAGTA,PBMC-06-1,PSA02,PSA,DBL,FALSE
GTCAGCGTCCTGGGAC,PBMC-06-1,PSO16,PSO,SNG,FALSE
GTCAGCGTCGACGCGT,PBMC-06-1,PSA07,PSA,SNG,TRUE
GTCAGCGTCGAGAAGC,PBMC-06-1,PSA07,PSA,AMB,FALSE
GTCAGCGTCGCTGATA,PBMC-06-1,PSA05,PSA,DBL,FALSE
GTCAGCGTCGTCGGGT,PBMC-06-1,PSO15,PSO,SNG,TRUE
GTCATCCAGCCGTTGC,PBMC-06-1,PSA14,PSA,SNG,TRUE
GTCATCCAGGGAGTGG,PBMC-06-1,PSA16,PSA,SNG,TRUE
GTCATCCAGTTTGTCG,PBMC-06-1,PSA04,PSA,DBL,FALSE
GTCATCCCACCCGTAG,PBMC-06-1,PSA07,PSA,AMB,FALSE
GTCATCCCAGCGCTTG,PBMC-06-1,PSO14,PSO,DBL,FALSE
GTCATCCCAGCTCTGG,PBMC-06-1,PSA07,PSA,SNG,TRUE
GTCATCCCAGTAACCT,PBMC-06-1,PSA17,PSA,SNG,TRUE
GTCATCCGTAAGGCTG,PBMC-06-1,PSA06,PSA,SNG,TRUE
GTCATCCGTAGTCACT,PBMC-06-1,PSA02,PSA,SNG,TRUE
GTCATCCGTCAGGCAA,PBMC-06-1,PSA03,PSA,SNG,TRUE
GTCATCCGTCATAGTC,PBMC-06-1,PSA02,PSA,SNG,TRUE
GTCATCCGTCGGCACT,PBMC-06-1,PSX04,PSX,SNG,TRUE
GTCATCCGTCGGCCTA,PBMC-06-1,PSA14,PSA,SNG,TRUE
GTCATCCGTCTTCAAG,PBMC-06-1,PSA06,PSA,SNG,TRUE
GTCATCCGTGAGTAAT,PBMC-06-1,PSA14,PSA,SNG,TRUE
GTCATCCGTGTAACGG,PBMC-06-1,PSA13,PSA,SNG,TRUE
GTCATCCGTTGCGAAG,PBMC-06-1,PSA07,PSA,SNG,FALSE
GTCATCCTCAAGAATG,PBMC-06-1,PSO15,PSO,SNG,FALSE
GTCATCCTCAAGGCTT,PBMC-06-1,PSA07,PSA,DBL,FALSE
GTCATCCTCAGAGTTC,PBMC-06-1,PSA06,PSA,SNG,FALSE
GTCATCCTCAGGAAGC,PBMC-06-1,PSA06,PSA,SNG,TRUE
GTCATCCTCATTGTTC,PBMC-06-1,PSO12,PSO,SNG,TRUE
GTCATCCTCGACATAC,PBMC-06-1,PSA07,PSA,SNG,TRUE
GTCATCCTCTGAGCAT,PBMC-06-1,PSA16,PSA,DBL,FALSE
GTCATCCTCTTTCAGT,PBMC-06-1,PSA12,PSA,SNG,TRUE
GTCATGAAGTGAGTTA,PBMC-06-1,PSA05,PSA,SNG,TRUE
GTCATGACAGGCTCTG,PBMC-06-1,PSO12,PSO,DBL,FALSE
GTCATGACAGTATTCG,PBMC-06-1,PSA17,PSA,SNG,FALSE
GTCATGAGTATCTCTT,PBMC-06-1,PSO15,PSO,SNG,TRUE
GTCATGAGTGGCTAGA,PBMC-06-1,PSO15,PSO,SNG,FALSE
GTCATGAGTTGTGGAG,PBMC-06-1,PSO11,PSO,SNG,TRUE
GTCATGATCACTGATG,PBMC-06-1,PSX01,PSX,SNG,FALSE
GTCATGATCGATTGGT,PBMC-06-1,PSA13,PSA,SNG,TRUE
GTCATGATCTGGTGCG,PBMC-06-1,PSO12,PSO,DBL,FALSE
GTCATGATCTTGCAAG,PBMC-06-1,PSA14,PSA,DBL,FALSE
GTCATTTAGATGCGAC,PBMC-06-1,PSA14,PSA,SNG,TRUE
GTCATTTAGCACTCCG,PBMC-06-1,PSA07,PSA,SNG,FALSE
GTCATTTAGCAGTACG,PBMC-06-1,PSA14,PSA,SNG,TRUE
GTCATTTAGTGGATAT,PBMC-06-1,PSA15,PSA,SNG,TRUE
GTCATTTAGTGTTCAC,PBMC-06-1,PSA17,PSA,SNG,TRUE
GTCATTTCAAGACTGG,PBMC-06-1,PSA07,PSA,SNG,TRUE
GTCATTTCAATTCTCT,PBMC-06-1,PSA03,PSA,SNG,FALSE
GTCATTTCAATTGAAG,PBMC-06-1,PSA05,PSA,SNG,TRUE
GTCATTTCAGTCTACA,PBMC-06-1,PSA15,PSA,DBL,FALSE
GTCATTTGTAGACGTG,PBMC-06-1,PSA17,PSA,SNG,TRUE
GTCATTTGTGCATTAC,PBMC-06-1,PSX01,PSX,SNG,TRUE
GTCATTTGTGCGAACA,PBMC-06-1,PSX01,PSX,SNG,TRUE
GTCATTTGTGGACAGT,PBMC-06-1,PSA07,PSA,SNG,FALSE
GTCATTTGTGGCAGAT,PBMC-06-1,PSA14,PSA,SNG,TRUE
GTCATTTTCCAACTGA,PBMC-06-1,PSA14,PSA,AMB,FALSE
GTCATTTTCGAGTACT,PBMC-06-1,PSA14,PSA,DBL,FALSE
GTCATTTTCGCTGTTC,PBMC-06-1,PSO11,PSO,SNG,TRUE
GTCATTTTCTGCGGAC,PBMC-06-1,PSA14,PSA,DBL,FALSE
GTCCACTAGAAGCCTG,PBMC-06-1,PSA05,PSA,DBL,FALSE
GTCCACTAGAGCAAGA,PBMC-06-1,PSA15,PSA,SNG,FALSE
GTCCACTAGCTAATCC,PBMC-06-1,PSA12,PSA,SNG,TRUE
GTCCACTAGGGAGATA,PBMC-06-1,PSO12,PSO,SNG,TRUE
GTCCACTAGGTAAGGA,PBMC-06-1,PSO15,PSO,DBL,FALSE
GTCCACTCAAGCTGTT,PBMC-06-1,PSA04,PSA,DBL,FALSE
GTCCACTCATTGTACG,PBMC-06-1,PSO15,PSO,DBL,FALSE
GTCCACTGTAATGTGA,PBMC-06-1,PSO15,PSO,DBL,FALSE
GTCCACTGTACCATAC,PBMC-06-1,PSA16,PSA,AMB,FALSE
GTCCACTGTATCGAAA,PBMC-06-1,PSA15,PSA,SNG,TRUE
GTCCACTGTGACAGCA,PBMC-06-1,PSO15,PSO,SNG,TRUE
GTCCACTGTGCCTTCT,PBMC-06-1,PSA04,PSA,SNG,TRUE
GTCCACTGTGCGGATA,PBMC-06-1,PSA14,PSA,SNG,TRUE
GTCCACTGTGTTAGCT,PBMC-06-1,PSO13,PSO,AMB,FALSE
GTCCACTGTTCAGCGC,PBMC-06-1,PSA03,PSA,SNG,TRUE
GTCCACTTCACCGGGT,PBMC-06-1,PSA03,PSA,SNG,TRUE
GTCCACTTCCTATTGT,PBMC-06-1,PSA16,PSA,SNG,FALSE
GTCCACTTCCTGTAAG,PBMC-06-1,PSA17,PSA,SNG,TRUE
GTCCACTTCTCTATAC,PBMC-06-1,PSA12,PSA,SNG,TRUE
GTCCCATAGAAACACT,PBMC-06-1,PSA06,PSA,SNG,TRUE
GTCCCATAGCTACAAA,PBMC-06-1,PSA17,PSA,SNG,TRUE
GTCCCATAGGTCTACT,PBMC-06-1,PSA16,PSA,SNG,TRUE
GTCCCATAGTCTGGAG,PBMC-06-1,PSA03,PSA,SNG,TRUE
GTCCCATCAACGTTAC,PBMC-06-1,PSA06,PSA,SNG,TRUE
GTCCCATCAGAGGAAA,PBMC-06-1,PSO11,PSO,SNG,TRUE
GTCCCATCATCACAGT,PBMC-06-1,PSA05,PSA,AMB,FALSE
GTCCCATGTAGGAGTC,PBMC-06-1,PSA02,PSA,DBL,FALSE
GTCCCATGTTTCGTGA,PBMC-06-1,PSA13,PSA,SNG,TRUE
GTCCCATTCAAGAATG,PBMC-06-1,PSA13,PSA,SNG,TRUE
GTCCCATTCACGTAGT,PBMC-06-1,PSA12,PSA,SNG,FALSE
GTCCCATTCGGCATAT,PBMC-06-1,PSA07,PSA,SNG,TRUE
GTCCCATTCGTCAAAC,PBMC-06-1,PSX04,PSX,SNG,TRUE
GTCCCATTCTCTCAAT,PBMC-06-1,PSA07,PSA,SNG,TRUE
GTCCCATTCTGTACAG,PBMC-06-1,PSA06,PSA,SNG,TRUE
GTCCCATTCTTCGACC,PBMC-06-1,PSA07,PSA,SNG,TRUE
GTCCTCACAATTGAAG,PBMC-06-1,PSX01,PSX,SNG,TRUE
GTCCTCACATACTGTG,PBMC-06-1,PSA06,PSA,DBL,FALSE
GTCCTCAGTAGGCTGA,PBMC-06-1,PSO12,PSO,SNG,FALSE
GTCCTCAGTCCAGCCA,PBMC-06-1,PSO15,PSO,DBL,FALSE
GTCCTCAGTGCCCAGT,PBMC-06-1,PSO15,PSO,SNG,FALSE
GTCCTCAGTGCTCGTG,PBMC-06-1,PSX04,PSX,SNG,TRUE
GTCCTCAGTGGCTTGC,PBMC-06-1,PSA12,PSA,SNG,FALSE
GTCGAATAGAAGCGCT,PBMC-06-1,PSA12,PSA,SNG,TRUE
GTCGAATAGCATCTTG,PBMC-06-1,PSX01,PSX,SNG,FALSE
GTCGAATAGGATCATA,PBMC-06-1,PSX04,PSX,SNG,TRUE
GTCGAATAGTGCACTT,PBMC-06-1,PSA14,PSA,SNG,TRUE
GTCGAATCACTGGCCA,PBMC-06-1,PSA14,PSA,SNG,TRUE
GTCGAATCACTTCATT,PBMC-06-1,PSA15,PSA,AMB,FALSE
GTCGAATCAGCTGCCA,PBMC-06-1,PSA12,PSA,SNG,TRUE
GTCGAATCATCATGAC,PBMC-06-1,PSO15,PSO,SNG,TRUE
GTCGAATGTGAGCGAT,PBMC-06-1,PSA05,PSA,SNG,TRUE
GTCGAATGTTCAAAGA,PBMC-06-1,PSA07,PSA,SNG,TRUE
GTCGAATTCAAACGAA,PBMC-06-1,PSA14,PSA,SNG,TRUE
GTCGAATTCCACGTCT,PBMC-06-1,PSX04,PSX,DBL,FALSE
GTCGCGAAGCGTTACT,PBMC-06-1,PSA12,PSA,DBL,FALSE
GTCGCGAAGGCGTTAG,PBMC-06-1,PSA07,PSA,SNG,FALSE
GTCGCGAAGGGCTTCC,PBMC-06-1,PSA15,PSA,SNG,FALSE
GTCGCGAAGGGTACAC,PBMC-06-1,PSO11,PSO,SNG,TRUE
GTCGCGAAGTATGGAT,PBMC-06-1,PSA16,PSA,SNG,FALSE
GTCGCGAAGTCACTCA,PBMC-06-1,PSO15,PSO,SNG,TRUE
GTCGCGAAGTCGTCTA,PBMC-06-1,PSA06,PSA,SNG,FALSE
GTCGCGACAATGACCT,PBMC-06-1,PSA06,PSA,AMB,FALSE
GTCGCGACACTCGATA,PBMC-06-1,PSO15,PSO,SNG,TRUE
GTCGCGACAGCTACTA,PBMC-06-1,PSA05,PSA,SNG,FALSE
GTCGCGACAGCTATAC,PBMC-06-1,PSA14,PSA,SNG,TRUE
GTCGCGACATTGGCAT,PBMC-06-1,PSO12,PSO,AMB,FALSE
GTCGCGAGTCAGCTTA,PBMC-06-1,PSA06,PSA,SNG,FALSE
GTCGCGAGTGAATGAT,PBMC-06-1,PSA12,PSA,SNG,TRUE
GTCGCGAGTGAGAGGG,PBMC-06-1,PSX01,PSX,SNG,FALSE
GTCGCGAGTGGGTTGA,PBMC-06-1,PSA15,PSA,SNG,TRUE
GTCGCGAGTTACCGTA,PBMC-06-1,PSO15,PSO,SNG,TRUE
GTCGCGAGTTAGGAGC,PBMC-06-1,PSA12,PSA,SNG,FALSE
GTCGCGATCAGATTGC,PBMC-06-1,PSA04,PSA,SNG,FALSE
GTCGCGATCATCCCGT,PBMC-06-1,PSA12,PSA,SNG,TRUE
GTCGCGATCATCTATC,PBMC-06-1,PSA06,PSA,AMB,FALSE
GTCGCGATCCCTTGGT,PBMC-06-1,PSA07,PSA,SNG,TRUE
GTCGCGATCCTACGAA,PBMC-06-1,PSA12,PSA,SNG,FALSE
GTCGCGATCGACGAGA,PBMC-06-1,PSA12,PSA,SNG,TRUE
GTCGCGATCGGCTATA,PBMC-06-1,PSO11,PSO,SNG,TRUE
GTCGTAACAACGATTC,PBMC-06-1,PSA15,PSA,SNG,TRUE
GTCGTAACAAGAGTGC,PBMC-06-1,PSA12,PSA,SNG,TRUE
GTCGTAACAATGGCCC,PBMC-06-1,PSO15,PSO,SNG,TRUE
GTCGTAACACTCTAGA,PBMC-06-1,PSA12,PSA,SNG,FALSE
GTCGTAACAGGGCTTC,PBMC-06-1,PSA13,PSA,SNG,TRUE
GTCGTAACATCATCTT,PBMC-06-1,PSA16,PSA,SNG,TRUE
GTCGTAACATGTGCCG,PBMC-06-1,PSX01,PSX,DBL,FALSE
GTCGTAAGTAAGGCTG,PBMC-06-1,PSA07,PSA,SNG,TRUE
GTCGTAAGTCGTGTTA,PBMC-06-1,PSA16,PSA,SNG,TRUE
GTCGTAAGTGCAATAA,PBMC-06-1,PSA07,PSA,SNG,FALSE
GTCGTAAGTTGAATCC,PBMC-06-1,PSO14,PSO,SNG,TRUE
GTCGTAATCATGAAAG,PBMC-06-1,PSX04,PSX,SNG,TRUE
GTCGTAATCCGCTAGG,PBMC-06-1,PSA17,PSA,SNG,TRUE
GTCGTAATCGATACGT,PBMC-06-1,PSO12,PSO,AMB,FALSE
GTCGTAATCTGCATAG,PBMC-06-1,PSX01,PSX,SNG,TRUE
GTCGTAATCTTAGTTC,PBMC-06-1,PSA03,PSA,DBL,FALSE
GTCGTTCAGATACCAA,PBMC-06-1,PSX01,PSX,SNG,TRUE
GTCGTTCAGATAGTGT,PBMC-06-1,PSA02,PSA,SNG,TRUE
GTCGTTCAGCACTCTA,PBMC-06-1,PSA13,PSA,SNG,TRUE
GTCGTTCAGCGTGAAC,PBMC-06-1,PSO15,PSO,SNG,FALSE
GTCGTTCAGGCATCAG,PBMC-06-1,PSA02,PSA,SNG,TRUE
GTCGTTCAGGCATGGT,PBMC-06-1,PSO14,PSO,SNG,FALSE
GTCGTTCAGGTTAAAC,PBMC-06-1,PSA17,PSA,DBL,FALSE
GTCGTTCAGTCTGCGC,PBMC-06-1,PSA02,PSA,SNG,FALSE
GTCGTTCCAAGCTGCC,PBMC-06-1,PSX01,PSX,DBL,FALSE
GTCGTTCCACGTCGGT,PBMC-06-1,PSA06,PSA,SNG,TRUE
GTCGTTCGTATCGAGG,PBMC-06-1,PSA16,PSA,AMB,FALSE
GTCGTTCGTCTAACGT,PBMC-06-1,PSA07,PSA,SNG,FALSE
GTCGTTCGTCTCCTGT,PBMC-06-1,PSO12,PSO,DBL,FALSE
GTCGTTCGTGAATATG,PBMC-06-1,PSA14,PSA,DBL,FALSE
GTCGTTCTCCGCATAA,PBMC-06-1,PSO12,PSO,AMB,FALSE
GTCGTTCTCCGTGGCA,PBMC-06-1,PSA07,PSA,SNG,TRUE
GTCGTTCTCGGAGTAG,PBMC-06-1,PSA16,PSA,SNG,FALSE
GTCGTTCTCTCACGAA,PBMC-06-1,PSA14,PSA,SNG,TRUE
GTCGTTCTCTGTCCCA,PBMC-06-1,PSX01,PSX,SNG,TRUE
GTCTACCAGACCAGCA,PBMC-06-1,PSA06,PSA,SNG,TRUE
GTCTACCAGCCTCAAT,PBMC-06-1,PSX01,PSX,SNG,TRUE
GTCTACCAGCGGACAT,PBMC-06-1,PSA06,PSA,SNG,TRUE
GTCTACCAGCTGTACT,PBMC-06-1,PSO15,PSO,SNG,TRUE
GTCTACCAGGAGAATG,PBMC-06-1,PSA04,PSA,SNG,TRUE
GTCTACCAGGCAGTCA,PBMC-06-1,PSO14,PSO,SNG,TRUE
GTCTACCAGGTCGTAG,PBMC-06-1,PSO12,PSO,SNG,FALSE
GTCTACCAGTGTAGTA,PBMC-06-1,PSA07,PSA,SNG,TRUE
GTCTACCAGTTTGAGA,PBMC-06-1,PSA07,PSA,SNG,TRUE
GTCTACCCAAAGGCTG,PBMC-06-1,PSO15,PSO,SNG,TRUE
GTCTACCCAACTCGAT,PBMC-06-1,PSA02,PSA,SNG,TRUE
GTCTACCCACAGTATC,PBMC-06-1,PSX04,PSX,SNG,TRUE
GTCTACCCAGACCCGT,PBMC-06-1,PSO11,PSO,SNG,FALSE
GTCTACCCAGCTAACT,PBMC-06-1,PSA17,PSA,SNG,TRUE
GTCTACCCAGGACGAT,PBMC-06-1,PSO12,PSO,SNG,FALSE
GTCTACCCATCATGAC,PBMC-06-1,PSA12,PSA,SNG,TRUE
GTCTACCGTAGAGCTG,PBMC-06-1,PSO12,PSO,SNG,TRUE
GTCTACCGTTAGCTAC,PBMC-06-1,PSO14,PSO,SNG,TRUE
GTCTACCGTTCCACGG,PBMC-06-1,PSA02,PSA,SNG,TRUE
GTCTACCGTTCGTACA,PBMC-06-1,PSA12,PSA,DBL,FALSE
GTCTACCGTTGCATTG,PBMC-06-1,PSA14,PSA,SNG,TRUE
GTCTACCTCAGCTGTA,PBMC-06-1,PSA07,PSA,SNG,TRUE
GTCTACCTCCCAATAG,PBMC-06-1,PSO11,PSO,SNG,TRUE
GTCTACCTCGGTAGGA,PBMC-06-1,PSA07,PSA,SNG,TRUE
GTCTAGAAGACTAAGT,PBMC-06-1,PSA05,PSA,SNG,TRUE
GTCTAGAAGATCGCCC,PBMC-06-1,PSA05,PSA,SNG,TRUE
GTCTAGAAGATGACAT,PBMC-06-1,PSO12,PSO,SNG,TRUE
GTCTAGAAGGCAGTCA,PBMC-06-1,PSO12,PSO,SNG,TRUE
GTCTAGAAGGCTGGAT,PBMC-06-1,PSA16,PSA,SNG,TRUE
GTCTAGAAGGGCGAGA,PBMC-06-1,PSA05,PSA,SNG,TRUE
GTCTAGAAGGTTCCGC,PBMC-06-1,PSA04,PSA,SNG,FALSE
GTCTAGACAACCCTAA,PBMC-06-1,PSA15,PSA,SNG,TRUE
GTCTAGACAAGTATCC,PBMC-06-1,PSA02,PSA,SNG,TRUE
GTCTAGACAAGTCATC,PBMC-06-1,PSO13,PSO,SNG,TRUE
GTCTAGACAGATGCGA,PBMC-06-1,PSO14,PSO,SNG,TRUE
GTCTAGACAGCTGAGA,PBMC-06-1,PSA07,PSA,DBL,FALSE
GTCTAGACAGGGATAC,PBMC-06-1,PSA14,PSA,SNG,TRUE
GTCTAGACATCCGCGA,PBMC-06-1,PSA17,PSA,SNG,FALSE
GTCTAGAGTAGAATGT,PBMC-06-1,PSO16,PSO,SNG,TRUE
GTCTAGAGTGGATACG,PBMC-06-1,PSA16,PSA,SNG,TRUE
GTCTAGATCCGTGGGT,PBMC-06-1,PSA05,PSA,SNG,FALSE
GTCTAGATCGGAGTAG,PBMC-06-1,PSO15,PSO,SNG,TRUE
GTCTCACAGATGACAT,PBMC-06-1,PSO15,PSO,SNG,TRUE
GTCTCACAGGACCCAA,PBMC-06-1,PSX04,PSX,AMB,FALSE
GTCTCACAGGCGTTAG,PBMC-06-1,PSO15,PSO,DBL,FALSE
GTCTCACAGTGGATTA,PBMC-06-1,PSA07,PSA,DBL,FALSE
GTCTCACCAACTGCCG,PBMC-06-1,PSA14,PSA,SNG,TRUE
GTCTCACCAACTGGTT,PBMC-06-1,PSA02,PSA,SNG,TRUE
GTCTCACCACTGCATA,PBMC-06-1,PSA14,PSA,SNG,TRUE
GTCTCACCACTTGTCC,PBMC-06-1,PSA12,PSA,SNG,TRUE
GTCTCACCAGAGGCTA,PBMC-06-1,PSA15,PSA,SNG,TRUE
GTCTCACCAGGCCCTA,PBMC-06-1,PSA02,PSA,SNG,TRUE
GTCTCACCAGTCGAGA,PBMC-06-1,PSO12,PSO,SNG,TRUE
GTCTCACCATCCGATA,PBMC-06-1,PSA05,PSA,SNG,TRUE
GTCTCACCATGCGTGC,PBMC-06-1,PSA12,PSA,SNG,FALSE
GTCTCACGTACCCACG,PBMC-06-1,PSO15,PSO,SNG,FALSE
GTCTCACGTCCTCCTA,PBMC-06-1,PSA17,PSA,SNG,TRUE
GTCTCACGTCGCCTAG,PBMC-06-1,PSA03,PSA,SNG,FALSE
GTCTCACGTCGGCCTA,PBMC-06-1,PSA05,PSA,SNG,TRUE
GTCTCACGTCTAGTGT,PBMC-06-1,PSO12,PSO,AMB,FALSE
GTCTCACTCCAAATGC,PBMC-06-1,PSA12,PSA,SNG,TRUE
GTCTCACTCCTGGCTT,PBMC-06-1,PSA17,PSA,SNG,TRUE
GTCTCACTCGAATGCT,PBMC-06-1,PSA02,PSA,SNG,TRUE
GTCTCACTCGATTCCC,PBMC-06-1,PSA02,PSA,SNG,TRUE
GTCTCACTCGCAGATT,PBMC-06-1,PSX01,PSX,SNG,TRUE
GTCTGTCAGCCATTCA,PBMC-06-1,PSX01,PSX,SNG,TRUE
GTCTGTCAGGTTACAA,PBMC-06-1,PSX04,PSX,SNG,TRUE
GTCTGTCAGTGGAAAG,PBMC-06-1,PSA07,PSA,DBL,FALSE
GTCTGTCAGTTAGAAC,PBMC-06-1,PSA17,PSA,SNG,TRUE
GTCTGTCCACTTTATC,PBMC-06-1,PSO11,PSO,SNG,TRUE
GTCTGTCCAGGTTCGC,PBMC-06-1,PSA05,PSA,SNG,TRUE
GTCTGTCCAGTCAGTT,PBMC-06-1,PSA12,PSA,SNG,FALSE
GTCTGTCCATACCGTA,PBMC-06-1,PSA16,PSA,DBL,FALSE
GTCTGTCCATACTGTG,PBMC-06-1,PSA04,PSA,SNG,TRUE
GTCTGTCGTAGTGCGA,PBMC-06-1,PSA07,PSA,SNG,TRUE
GTCTGTCGTCCAGCCA,PBMC-06-1,PSA15,PSA,AMB,FALSE
GTCTGTCGTCTAGATC,PBMC-06-1,PSO15,PSO,SNG,FALSE
GTCTGTCGTCTCTCTG,PBMC-06-1,PSO15,PSO,SNG,TRUE
GTCTGTCGTGACATCT,PBMC-06-1,PSA13,PSA,SNG,TRUE
GTCTGTCGTGGCAGAT,PBMC-06-1,PSO12,PSO,SNG,FALSE
GTCTGTCGTTATGTGC,PBMC-06-1,PSO16,PSO,SNG,TRUE
GTCTGTCGTTTGACAC,PBMC-06-1,PSX01,PSX,DBL,FALSE
GTCTGTCTCGAGGCAA,PBMC-06-1,PSA14,PSA,SNG,TRUE
GTCTGTCTCTCACTCG,PBMC-06-1,PSO15,PSO,SNG,TRUE
GTCTTTAAGAACAAGG,PBMC-06-1,PSA05,PSA,SNG,TRUE
GTCTTTAAGAAGCGAA,PBMC-06-1,PSA17,PSA,SNG,FALSE
GTCTTTAAGACCATAA,PBMC-06-1,PSA07,PSA,DBL,FALSE
GTCTTTAAGCCTTGAT,PBMC-06-1,PSO14,PSO,SNG,TRUE
GTCTTTACAACAGATA,PBMC-06-1,PSO15,PSO,SNG,TRUE
GTCTTTACACGGGTAA,PBMC-06-1,PSA07,PSA,SNG,FALSE
GTCTTTAGTCAGTCCG,PBMC-06-1,PSA06,PSA,SNG,FALSE
GTCTTTAGTGCATGTT,PBMC-06-1,PSX01,PSX,DBL,FALSE
GTCTTTAGTGTTCGAT,PBMC-06-1,PSX01,PSX,SNG,TRUE
GTCTTTAGTTATAGCC,PBMC-06-1,PSA05,PSA,SNG,TRUE
GTCTTTAGTTCGAGCC,PBMC-06-1,PSO15,PSO,SNG,TRUE
GTCTTTAGTTGGATCT,PBMC-06-1,PSA07,PSA,AMB,FALSE
GTCTTTATCATTGGTG,PBMC-06-1,PSA04,PSA,SNG,FALSE
GTCTTTATCCACACAA,PBMC-06-1,PSO11,PSO,DBL,FALSE
GTCTTTATCCACGGGT,PBMC-06-1,PSO13,PSO,SNG,TRUE
GTCTTTATCCACGTAA,PBMC-06-1,PSA02,PSA,SNG,TRUE
GTCTTTATCCGTATGA,PBMC-06-1,PSA04,PSA,SNG,TRUE
GTCTTTATCTCGCCTA,PBMC-06-1,PSO15,PSO,SNG,TRUE
GTCTTTATCTGCGGCA,PBMC-06-1,PSX01,PSX,DBL,FALSE
GTCTTTATCTTTCAGT,PBMC-06-1,PSA15,PSA,SNG,FALSE
GTGACGCAGAGTTGTA,PBMC-06-1,PSO12,PSO,DBL,FALSE
GTGACGCAGGAACTAT,PBMC-06-1,PSA02,PSA,SNG,TRUE
GTGACGCCAAATGGCG,PBMC-06-1,PSA12,PSA,SNG,TRUE
GTGACGCCAATGTCAC,PBMC-06-1,PSO15,PSO,SNG,TRUE
GTGACGCCAATTAGGA,PBMC-06-1,PSA07,PSA,DBL,FALSE
GTGACGCCACGACGTC,PBMC-06-1,PSA13,PSA,DBL,FALSE
GTGACGCCACTGAGTT,PBMC-06-1,PSA02,PSA,DBL,FALSE
GTGACGCGTAACATAG,PBMC-06-1,PSA13,PSA,SNG,TRUE
GTGACGCGTACCCGAC,PBMC-06-1,PSA13,PSA,SNG,TRUE
GTGACGCGTCCAGCGT,PBMC-06-1,PSA17,PSA,SNG,FALSE
GTGACGCGTTGGCCTG,PBMC-06-1,PSO14,PSO,DBL,FALSE
GTGACGCTCAGCTGTA,PBMC-06-1,PSO11,PSO,SNG,TRUE
GTGACGCTCATCGCCT,PBMC-06-1,PSA14,PSA,DBL,FALSE
GTGACGCTCGGTATGT,PBMC-06-1,PSO13,PSO,SNG,FALSE
GTGACGCTCGTAGTGT,PBMC-06-1,PSA05,PSA,SNG,TRUE
GTGAGCCAGACATATG,PBMC-06-1,PSA06,PSA,SNG,TRUE
GTGAGCCAGACCTTTG,PBMC-06-1,PSA07,PSA,SNG,TRUE
GTGAGCCAGGGCAATC,PBMC-06-1,PSO14,PSO,AMB,FALSE
GTGAGCCAGTTCAACC,PBMC-06-1,PSO13,PSO,SNG,TRUE
GTGAGCCCAAACCACT,PBMC-06-1,PSA16,PSA,DBL,FALSE
GTGAGCCCAAACTGCT,PBMC-06-1,PSA02,PSA,SNG,TRUE
GTGAGCCCAAAGAACT,PBMC-06-1,PSA17,PSA,SNG,TRUE
GTGAGCCCAAAGGGCT,PBMC-06-1,PSA03,PSA,DBL,FALSE
GTGAGCCCAAGAGTAT,PBMC-06-1,PSA17,PSA,DBL,FALSE
GTGAGCCCAATCGAAA,PBMC-06-1,PSO11,PSO,SNG,TRUE
GTGAGCCCACTGATTG,PBMC-06-1,PSA15,PSA,SNG,TRUE
GTGAGCCCAGCCGGTT,PBMC-06-1,PSO11,PSO,AMB,FALSE
GTGAGCCCAGTAACGG,PBMC-06-1,PSA04,PSA,SNG,TRUE
GTGAGCCCATATGGCT,PBMC-06-1,PSX01,PSX,SNG,TRUE
GTGAGCCCATCACCAA,PBMC-06-1,PSO12,PSO,DBL,FALSE
GTGAGCCGTCAAAGCG,PBMC-06-1,PSA05,PSA,SNG,TRUE
GTGAGCCGTCGTCATA,PBMC-06-1,PSO14,PSO,AMB,FALSE
GTGAGCCGTGCAATGG,PBMC-06-1,PSA15,PSA,SNG,TRUE
GTGAGCCGTGGTCTCG,PBMC-06-1,PSO14,PSO,SNG,FALSE
GTGAGCCGTTAGGGTG,PBMC-06-1,PSA16,PSA,SNG,TRUE
GTGAGCCTCAAGTTGC,PBMC-06-1,PSO15,PSO,SNG,TRUE
GTGAGCCTCAATCCAG,PBMC-06-1,PSA17,PSA,SNG,TRUE
GTGAGCCTCACTAGCA,PBMC-06-1,PSO11,PSO,SNG,TRUE
GTGAGCCTCAGTGTTG,PBMC-06-1,PSA04,PSA,SNG,TRUE
GTGAGCCTCGCAGTGC,PBMC-06-1,PSO15,PSO,SNG,TRUE
GTGAGCCTCGCGGACT,PBMC-06-1,PSA17,PSA,SNG,TRUE
GTGAGCCTCTACTGCC,PBMC-06-1,PSA06,PSA,DBL,FALSE
GTGAGCCTCTTCTTCC,PBMC-06-1,PSA04,PSA,SNG,TRUE
GTGAGCCTCTTTGATC,PBMC-06-1,PSO13,PSO,AMB,FALSE
GTGAGGACAACCTAAC,PBMC-06-1,PSA05,PSA,SNG,TRUE
GTGAGGACAGAGCTAG,PBMC-06-1,PSA12,PSA,SNG,TRUE
GTGAGGACAGTCAGCC,PBMC-06-1,PSA16,PSA,SNG,TRUE
GTGAGGAGTACCGGCT,PBMC-06-1,PSA14,PSA,SNG,FALSE
GTGAGGAGTCGCTCGA,PBMC-06-1,PSO11,PSO,SNG,TRUE
GTGAGGAGTCGTTATG,PBMC-06-1,PSA17,PSA,SNG,TRUE
GTGAGGAGTCTAATCG,PBMC-06-1,PSX04,PSX,SNG,TRUE
GTGAGGAGTCTTGTCC,PBMC-06-1,PSA17,PSA,SNG,TRUE
GTGAGGAGTGGCGCTT,PBMC-06-1,PSO12,PSO,SNG,TRUE
GTGAGGAGTGTGGACA,PBMC-06-1,PSA05,PSA,SNG,TRUE
GTGAGGAGTTCGGTCG,PBMC-06-1,PSA14,PSA,SNG,TRUE
GTGAGTTAGAGGGTCT,PBMC-06-1,PSA06,PSA,SNG,TRUE
GTGAGTTAGCATCAAA,PBMC-06-1,PSO15,PSO,SNG,TRUE
GTGAGTTAGGAAAGTG,PBMC-06-1,PSA16,PSA,SNG,TRUE
GTGAGTTAGTATGGAT,PBMC-06-1,PSX04,PSX,SNG,TRUE
GTGAGTTCAAAGCACG,PBMC-06-1,PSA07,PSA,SNG,TRUE
GTGAGTTCAATTTCCT,PBMC-06-1,PSA05,PSA,SNG,TRUE
GTGAGTTCAGCTGTTA,PBMC-06-1,PSA02,PSA,SNG,FALSE
GTGAGTTCATTAGGCT,PBMC-06-1,PSO15,PSO,SNG,TRUE
GTGAGTTGTATGGGAC,PBMC-06-1,PSX01,PSX,SNG,FALSE
GTGAGTTGTCGCACAC,PBMC-06-1,PSA04,PSA,DBL,FALSE
GTGAGTTGTGTATTGC,PBMC-06-1,PSA15,PSA,SNG,TRUE
GTGAGTTGTTGCTCCT,PBMC-06-1,PSO11,PSO,SNG,TRUE
GTGAGTTGTTTGGCTA,PBMC-06-1,PSX01,PSX,SNG,TRUE
GTGATGTCAAGCGCTC,PBMC-06-1,PSA07,PSA,SNG,TRUE
GTGATGTCAAGTGGGT,PBMC-06-1,PSA07,PSA,SNG,FALSE
GTGATGTCAGCTACCG,PBMC-06-1,PSA13,PSA,DBL,FALSE
GTGATGTCATGCGGTC,PBMC-06-1,PSA13,PSA,SNG,FALSE
GTGATGTGTAGGATAT,PBMC-06-1,PSA07,PSA,DBL,FALSE
GTGATGTGTAGTCTGT,PBMC-06-1,PSA02,PSA,SNG,TRUE
GTGATGTGTCGGCACT,PBMC-06-1,PSA12,PSA,SNG,TRUE
GTGATGTGTGTATACC,PBMC-06-1,PSA05,PSA,SNG,TRUE
GTGCACGAGCCAGACA,PBMC-06-1,PSX04,PSX,SNG,TRUE
GTGCACGAGGCGCTCT,PBMC-06-1,PSO15,PSO,DBL,FALSE
GTGCACGCAAGTGGGT,PBMC-06-1,PSA14,PSA,SNG,TRUE
GTGCACGCAAGTTTGC,PBMC-06-1,PSA05,PSA,SNG,TRUE
GTGCACGCACATATGC,PBMC-06-1,PSX01,PSX,SNG,TRUE
GTGCACGCACCCTCTA,PBMC-06-1,PSA07,PSA,DBL,FALSE
GTGCACGCACCCTGAG,PBMC-06-1,PSA14,PSA,SNG,TRUE
GTGCACGCACTCCGAG,PBMC-06-1,PSX04,PSX,SNG,TRUE
GTGCACGCACTTCAAG,PBMC-06-1,PSA14,PSA,SNG,TRUE
GTGCACGGTAACGTTC,PBMC-06-1,PSO15,PSO,SNG,FALSE
GTGCACGGTACTCAAC,PBMC-06-1,PSA02,PSA,SNG,TRUE
GTGCACGGTCACTCTC,PBMC-06-1,PSA13,PSA,SNG,TRUE
GTGCACGGTTACGTAC,PBMC-06-1,PSX01,PSX,SNG,TRUE
GTGCACGGTTATGTCG,PBMC-06-1,PSO13,PSO,SNG,TRUE
GTGCACGTCGCTCTAC,PBMC-06-1,PSA07,PSA,SNG,TRUE
GTGCACGTCTGACGCG,PBMC-06-1,PSA17,PSA,SNG,TRUE
GTGCACGTCTTTGATC,PBMC-06-1,PSA16,PSA,SNG,TRUE
GTGCAGCAGACGGATC,PBMC-06-1,PSA07,PSA,SNG,TRUE
GTGCAGCAGCCTCCAG,PBMC-06-1,PSA04,PSA,SNG,TRUE
GTGCAGCAGGAACTCG,PBMC-06-1,PSA03,PSA,SNG,TRUE
GTGCAGCAGTCTGTAC,PBMC-06-1,PSA14,PSA,SNG,TRUE
GTGCAGCCACAGTCCG,PBMC-06-1,PSX04,PSX,DBL,FALSE
GTGCAGCCACCGGTCA,PBMC-06-1,PSA07,PSA,SNG,FALSE
GTGCAGCCACGTTGGC,PBMC-06-1,PSO15,PSO,DBL,FALSE
GTGCAGCCACTCCCTA,PBMC-06-1,PSO15,PSO,SNG,TRUE
GTGCAGCCATCGGTTA,PBMC-06-1,PSA07,PSA,SNG,TRUE
GTGCAGCCATGGAAGC,PBMC-06-1,PSA17,PSA,DBL,FALSE
GTGCAGCGTAGGCAAC,PBMC-06-1,PSA07,PSA,DBL,FALSE
GTGCAGCGTAGGTACG,PBMC-06-1,PSA16,PSA,SNG,TRUE
GTGCAGCGTGGATGAC,PBMC-06-1,PSA13,PSA,AMB,FALSE
GTGCAGCGTGGGCTTC,PBMC-06-1,PSO11,PSO,SNG,TRUE
GTGCAGCGTTGATGTC,PBMC-06-1,PSA07,PSA,SNG,TRUE
GTGCAGCTCAACGCTA,PBMC-06-1,PSA15,PSA,DBL,FALSE
GTGCAGCTCATCGCTC,PBMC-06-1,PSX04,PSX,DBL,FALSE
GTGCAGCTCATGAGGG,PBMC-06-1,PSA02,PSA,SNG,TRUE
GTGCAGCTCGTAGTCA,PBMC-06-1,PSO13,PSO,SNG,TRUE
GTGCAGCTCTACGCGG,PBMC-06-1,PSA06,PSA,SNG,FALSE
GTGCGTGAGGCCCGTT,PBMC-06-1,PSA04,PSA,SNG,TRUE
GTGCGTGAGTCGAATA,PBMC-06-1,PSX04,PSX,SNG,TRUE
GTGCGTGAGTCTCGTA,PBMC-06-1,PSA14,PSA,SNG,TRUE
GTGCGTGAGTTGCTGT,PBMC-06-1,PSA17,PSA,SNG,TRUE
GTGCGTGCAAGAAATC,PBMC-06-1,PSA05,PSA,SNG,TRUE
GTGCGTGCAAGTGGGT,PBMC-06-1,PSO11,PSO,SNG,TRUE
GTGCGTGGTACGTGTT,PBMC-06-1,PSX04,PSX,SNG,TRUE
GTGCGTGGTTCGTTCC,PBMC-06-1,PSO13,PSO,SNG,TRUE
GTGCGTGTCCGTGTGG,PBMC-06-1,PSO12,PSO,SNG,TRUE
GTGCGTGTCGGTTAGT,PBMC-06-1,PSA02,PSA,SNG,TRUE
GTGCGTGTCTCATTAC,PBMC-06-1,PSX04,PSX,SNG,TRUE
GTGCGTGTCTCTAGGA,PBMC-06-1,PSA16,PSA,SNG,TRUE
GTGCGTGTCTGGTGCG,PBMC-06-1,PSA04,PSA,DBL,FALSE
GTGCGTGTCTGTAACG,PBMC-06-1,PSA02,PSA,DBL,FALSE
GTGCTGGAGAGGGTAA,PBMC-06-1,PSA02,PSA,AMB,FALSE
GTGCTGGAGCAATTAG,PBMC-06-1,PSA07,PSA,SNG,TRUE
GTGCTGGAGTTAGTGA,PBMC-06-1,PSA13,PSA,SNG,TRUE
GTGCTGGCAAACCATC,PBMC-06-1,PSA02,PSA,SNG,TRUE
GTGCTGGCAAATAAGC,PBMC-06-1,PSO12,PSO,SNG,FALSE
GTGCTGGCAATTGTGC,PBMC-06-1,PSA07,PSA,SNG,TRUE
GTGCTGGCACAGCTGC,PBMC-06-1,PSA03,PSA,DBL,FALSE
GTGCTGGCAGCACAAG,PBMC-06-1,PSA14,PSA,SNG,TRUE
GTGCTGGCAGGCACTC,PBMC-06-1,PSA02,PSA,SNG,TRUE
GTGCTGGCATATAGCC,PBMC-06-1,PSO15,PSO,DBL,FALSE
GTGCTGGCATCAGTCA,PBMC-06-1,PSX01,PSX,DBL,FALSE
GTGCTGGGTCCCACGA,PBMC-06-1,PSA14,PSA,DBL,FALSE
GTGCTGGGTTGATGTC,PBMC-06-1,PSA15,PSA,AMB,FALSE
GTGCTGGGTTTGGGTT,PBMC-06-1,PSO12,PSO,DBL,FALSE
GTGCTGGTCACTTGGA,PBMC-06-1,PSA17,PSA,SNG,TRUE
GTGCTGGTCCCATTCG,PBMC-06-1,PSO15,PSO,SNG,TRUE
GTGCTGGTCCCTGGTT,PBMC-06-1,PSA14,PSA,SNG,FALSE
GTGCTGGTCCGTATAG,PBMC-06-1,PSA07,PSA,SNG,TRUE
GTGCTGGTCCTATGGA,PBMC-06-1,PSO14,PSO,SNG,TRUE
GTGCTGGTCTACTGAG,PBMC-06-1,PSX01,PSX,SNG,TRUE
GTGCTGGTCTATACTC,PBMC-06-1,PSA17,PSA,DBL,FALSE
GTGCTGGTCTCTTGCG,PBMC-06-1,PSA02,PSA,SNG,TRUE
GTGCTTCAGAGAGCAA,PBMC-06-1,PSO16,PSO,SNG,TRUE
GTGCTTCAGATCGCTT,PBMC-06-1,PSA14,PSA,SNG,TRUE
GTGCTTCAGCTCACTA,PBMC-06-1,PSO14,PSO,DBL,FALSE
GTGCTTCAGGACGCAT,PBMC-06-1,PSA12,PSA,SNG,TRUE
GTGCTTCAGTGGAAGA,PBMC-06-1,PSO15,PSO,SNG,TRUE
GTGCTTCAGTTGGAAT,PBMC-06-1,PSO15,PSO,SNG,TRUE
GTGCTTCCACGACAAG,PBMC-06-1,PSX01,PSX,SNG,TRUE
GTGCTTCCAGAACTTC,PBMC-06-1,PSO12,PSO,SNG,TRUE
GTGCTTCCATGAGATA,PBMC-06-1,PSA06,PSA,SNG,TRUE
GTGCTTCGTAGAATGT,PBMC-06-1,PSA07,PSA,AMB,FALSE
GTGCTTCGTAGTCGTT,PBMC-06-1,PSO14,PSO,SNG,TRUE
GTGCTTCGTCCACACG,PBMC-06-1,PSX01,PSX,SNG,TRUE
GTGCTTCGTGACAGCA,PBMC-06-1,PSA02,PSA,SNG,TRUE
GTGCTTCGTGAGAGGG,PBMC-06-1,PSA16,PSA,SNG,TRUE
GTGCTTCGTTTGAAAG,PBMC-06-1,PSO13,PSO,SNG,TRUE
GTGCTTCTCAAAGGTA,PBMC-06-1,PSA14,PSA,SNG,FALSE
GTGCTTCTCACCGCTT,PBMC-06-1,PSO16,PSO,SNG,TRUE
GTGCTTCTCCTAGAGT,PBMC-06-1,PSA15,PSA,SNG,FALSE
GTGCTTCTCGAGAAGC,PBMC-06-1,PSO15,PSO,SNG,TRUE
GTGCTTCTCGCACGGT,PBMC-06-1,PSX01,PSX,SNG,TRUE
GTGCTTCTCGGAAGGT,PBMC-06-1,PSA03,PSA,SNG,TRUE
GTGCTTCTCGGAGCAA,PBMC-06-1,PSO15,PSO,SNG,TRUE
GTGGAAGCACTCCGGA,PBMC-06-1,PSO15,PSO,SNG,TRUE
GTGGAAGCAGATCCTA,PBMC-06-1,PSO12,PSO,SNG,TRUE
GTGGAAGCAGGCGTTC,PBMC-06-1,PSO12,PSO,DBL,FALSE
GTGGAAGCATAGATGA,PBMC-06-1,PSA04,PSA,DBL,FALSE
GTGGAAGCATTCTCTA,PBMC-06-1,PSO15,PSO,SNG,TRUE
GTGGAAGGTCCACACG,PBMC-06-1,PSO15,PSO,SNG,TRUE
GTGGAAGGTGCCTTTC,PBMC-06-1,PSO12,PSO,DBL,FALSE
GTGGAAGGTTGCAAGG,PBMC-06-1,PSA07,PSA,SNG,FALSE
GTGGAGAAGACAACAT,PBMC-06-1,PSA05,PSA,SNG,TRUE
GTGGAGAAGACGGATC,PBMC-06-1,PSO15,PSO,SNG,TRUE
GTGGAGAAGCCTGACC,PBMC-06-1,PSA16,PSA,SNG,TRUE
GTGGAGAAGTCAGCGA,PBMC-06-1,PSX01,PSX,SNG,TRUE
GTGGAGACAAACTAAG,PBMC-06-1,PSA07,PSA,SNG,TRUE
GTGGAGACACCAGGTC,PBMC-06-1,PSA07,PSA,DBL,FALSE
GTGGAGACACTGAGGA,PBMC-06-1,PSA15,PSA,SNG,TRUE
GTGGAGACACTGCGAC,PBMC-06-1,PSA07,PSA,SNG,TRUE
GTGGAGACAGCTGTTA,PBMC-06-1,PSA14,PSA,SNG,TRUE
GTGGAGACAGTCGGAA,PBMC-06-1,PSO15,PSO,SNG,TRUE
GTGGAGACATGTGACT,PBMC-06-1,PSX01,PSX,DBL,FALSE
GTGGAGAGTACGGTTT,PBMC-06-1,PSA07,PSA,DBL,FALSE
GTGGAGAGTAGAAACT,PBMC-06-1,PSA03,PSA,SNG,FALSE
GTGGAGAGTAGACACG,PBMC-06-1,PSO12,PSO,SNG,TRUE
GTGGAGAGTAGATCGG,PBMC-06-1,PSA03,PSA,SNG,TRUE
GTGGAGAGTGCCTTTC,PBMC-06-1,PSO12,PSO,SNG,TRUE
GTGGAGAGTGGACTGA,PBMC-06-1,PSA05,PSA,SNG,TRUE
GTGGAGAGTTTCGGCG,PBMC-06-1,PSA15,PSA,SNG,TRUE
GTGGAGATCAACACCA,PBMC-06-1,PSA02,PSA,SNG,TRUE
GTGGAGATCAGACAAA,PBMC-06-1,PSA15,PSA,SNG,FALSE
GTGGAGATCCTGTAAG,PBMC-06-1,PSA15,PSA,SNG,TRUE
GTGGAGATCGATTGGT,PBMC-06-1,PSA02,PSA,SNG,TRUE
GTGGAGATCGTGTTCC,PBMC-06-1,PSA16,PSA,SNG,FALSE
GTGGCGTAGACCAGAC,PBMC-06-1,PSX01,PSX,SNG,TRUE
GTGGCGTAGAGGATCC,PBMC-06-1,PSA07,PSA,SNG,TRUE
GTGGCGTAGAGTCTGG,PBMC-06-1,PSA02,PSA,SNG,TRUE
GTGGCGTAGGACTTCT,PBMC-06-1,PSA07,PSA,SNG,FALSE
GTGGCGTAGGTCACCC,PBMC-06-1,PSX01,PSX,SNG,FALSE
GTGGCGTCAAGTATAG,PBMC-06-1,PSA07,PSA,SNG,FALSE
GTGGCGTCAAGTCGTT,PBMC-06-1,PSO11,PSO,SNG,TRUE
GTGGCGTCATGCCATA,PBMC-06-1,PSO13,PSO,SNG,TRUE
GTGGCGTGTAATACCC,PBMC-06-1,PSA14,PSA,SNG,TRUE
GTGGCGTGTACAGAAT,PBMC-06-1,PSO16,PSO,AMB,FALSE
GTGGCGTGTCATACCA,PBMC-06-1,PSX01,PSX,SNG,TRUE
GTGGCGTGTGGACAGT,PBMC-06-1,PSO12,PSO,SNG,TRUE
GTGGCGTTCAGCTTCC,PBMC-06-1,PSO16,PSO,SNG,TRUE
GTGGCGTTCGTCTAAG,PBMC-06-1,PSO13,PSO,DBL,FALSE
GTGGCGTTCTCTATGT,PBMC-06-1,PSA13,PSA,SNG,TRUE
GTGGGAAAGCAACCAG,PBMC-06-1,PSA03,PSA,SNG,TRUE
GTGGGAAAGCACTTTG,PBMC-06-1,PSA02,PSA,DBL,FALSE
GTGGGAAAGCGATGCA,PBMC-06-1,PSA03,PSA,SNG,TRUE
GTGGGAAAGTATGAGT,PBMC-06-1,PSA04,PSA,DBL,FALSE
GTGGGAAAGTCATACC,PBMC-06-1,PSA05,PSA,SNG,TRUE
GTGGGAAAGTTAGAAC,PBMC-06-1,PSO12,PSO,DBL,FALSE
GTGGGAACACATGAAA,PBMC-06-1,PSA13,PSA,DBL,FALSE
GTGGGAACACCCTTAC,PBMC-06-1,PSX01,PSX,SNG,TRUE
GTGGGAACACGTAGTT,PBMC-06-1,PSX04,PSX,SNG,TRUE
GTGGGAACAGTTTCAG,PBMC-06-1,PSO12,PSO,SNG,TRUE
GTGGGAACATCGCCTT,PBMC-06-1,PSA02,PSA,SNG,TRUE
GTGGGAACATTGGGAG,PBMC-06-1,PSO13,PSO,SNG,TRUE
GTGGGAAGTAATTGGA,PBMC-06-1,PSA03,PSA,SNG,TRUE
GTGGGAAGTATCTCTT,PBMC-06-1,PSO15,PSO,SNG,TRUE
GTGGGAAGTATGAGCG,PBMC-06-1,PSX01,PSX,SNG,TRUE
GTGGGAAGTCAATGGG,PBMC-06-1,PSA05,PSA,SNG,TRUE
GTGGGAAGTTCATCGA,PBMC-06-1,PSA02,PSA,AMB,FALSE
GTGGGAATCCATCGTC,PBMC-06-1,PSO12,PSO,SNG,TRUE
GTGGGAATCCCGTGTT,PBMC-06-1,PSX04,PSX,SNG,FALSE
GTGGGAATCCTCCACA,PBMC-06-1,PSA05,PSA,SNG,TRUE
GTGGGAATCGAGAAGC,PBMC-06-1,PSO16,PSO,SNG,TRUE
GTGGGAATCGGAATTC,PBMC-06-1,PSA12,PSA,SNG,TRUE
GTGGGAATCTGAGATC,PBMC-06-1,PSO12,PSO,SNG,TRUE
GTGGGAATCTTCGCTG,PBMC-06-1,PSA07,PSA,DBL,FALSE
GTGGGAATCTTCGTAT,PBMC-06-1,PSA05,PSA,SNG,TRUE
GTGGTTAAGCGTGAAC,PBMC-06-1,PSA14,PSA,SNG,TRUE
GTGGTTACAAACGAGC,PBMC-06-1,PSO15,PSO,SNG,TRUE
GTGGTTACAGCTGTGC,PBMC-06-1,PSX04,PSX,SNG,TRUE
GTGGTTACATAAGCAA,PBMC-06-1,PSA07,PSA,SNG,TRUE
GTGGTTACATAATGCC,PBMC-06-1,PSA05,PSA,SNG,FALSE
GTGGTTACATCTAGAC,PBMC-06-1,PSA17,PSA,SNG,TRUE
GTGGTTAGTATCGGTT,PBMC-06-1,PSX01,PSX,SNG,TRUE
GTGGTTAGTGCCGTTG,PBMC-06-1,PSA14,PSA,SNG,TRUE
GTGGTTAGTTCGGCCA,PBMC-06-1,PSO12,PSO,DBL,FALSE
GTGGTTATCCTTCGAC,PBMC-06-1,PSA02,PSA,SNG,TRUE
GTGGTTATCGTTAGTG,PBMC-06-1,PSX04,PSX,SNG,TRUE
GTGTAACCAACTCATG,PBMC-06-1,PSO12,PSO,DBL,FALSE
GTGTAACCAAGTATCC,PBMC-06-1,PSA06,PSA,SNG,TRUE
GTGTAACCAATCGTCA,PBMC-06-1,PSX01,PSX,SNG,FALSE
GTGTAACCACAATGAA,PBMC-06-1,PSO15,PSO,SNG,TRUE
GTGTAACCACATGTTG,PBMC-06-1,PSA02,PSA,SNG,TRUE
GTGTAACCATTCATCT,PBMC-06-1,PSA05,PSA,DBL,FALSE
GTGTAACGTAAGAACT,PBMC-06-1,PSO15,PSO,SNG,FALSE
GTGTAACGTACTTGTG,PBMC-06-1,PSA03,PSA,SNG,TRUE
GTGTAACGTATCGTAC,PBMC-06-1,PSA16,PSA,SNG,TRUE
GTGTAACGTGTCTTGA,PBMC-06-1,PSA03,PSA,SNG,TRUE
GTGTAACGTTATCCAG,PBMC-06-1,PSX01,PSX,SNG,FALSE
GTGTCCTAGAAGCTGC,PBMC-06-1,PSA03,PSA,SNG,TRUE
GTGTCCTAGACATAAC,PBMC-06-1,PSA14,PSA,SNG,TRUE
GTGTCCTAGCATACTC,PBMC-06-1,PSA03,PSA,SNG,TRUE
GTGTCCTAGCCGGAAT,PBMC-06-1,PSA07,PSA,SNG,TRUE
GTGTCCTAGTACCCTA,PBMC-06-1,PSA15,PSA,SNG,FALSE
GTGTCCTAGTCAACAA,PBMC-06-1,PSA04,PSA,SNG,TRUE
GTGTCCTAGTCACTAC,PBMC-06-1,PSA07,PSA,SNG,TRUE
GTGTCCTCAAAGGGTC,PBMC-06-1,PSX01,PSX,SNG,TRUE
GTGTCCTCAACCCGCA,PBMC-06-1,PSA03,PSA,DBL,FALSE
GTGTCCTCACCCAATA,PBMC-06-1,PSA03,PSA,SNG,FALSE
GTGTCCTCACCCATAA,PBMC-06-1,PSA07,PSA,DBL,FALSE
GTGTCCTCATGGAATA,PBMC-06-1,PSA05,PSA,SNG,TRUE
GTGTCCTGTATCGAAA,PBMC-06-1,PSO15,PSO,SNG,TRUE
GTGTCCTGTATGGGAC,PBMC-06-1,PSO12,PSO,AMB,FALSE
GTGTCCTGTGACGCCT,PBMC-06-1,PSA14,PSA,DBL,FALSE
GTGTCCTGTGTATTGC,PBMC-06-1,PSA17,PSA,DBL,FALSE
GTGTCCTGTTCGGCGT,PBMC-06-1,PSA06,PSA,SNG,TRUE
GTGTCCTGTTCTTCAT,PBMC-06-1,PSO15,PSO,DBL,FALSE
GTGTCCTTCAAATAGG,PBMC-06-1,PSA17,PSA,DBL,FALSE
GTGTCCTTCGTTATCT,PBMC-06-1,PSA04,PSA,SNG,TRUE
GTGTCCTTCTTCGGAA,PBMC-06-1,PSA17,PSA,SNG,TRUE
GTGTGATAGAGGTCAC,PBMC-06-1,PSA17,PSA,SNG,TRUE
GTGTGATAGCCTTTGA,PBMC-06-1,PSA15,PSA,SNG,TRUE
GTGTGATAGCGGACAT,PBMC-06-1,PSA12,PSA,SNG,TRUE
GTGTGATAGCTGAAGC,PBMC-06-1,PSO15,PSO,SNG,TRUE
GTGTGATAGGATACAT,PBMC-06-1,PSA13,PSA,DBL,FALSE
GTGTGATAGGGAGGTG,PBMC-06-1,PSO15,PSO,DBL,FALSE
GTGTGATAGTTGCCTA,PBMC-06-1,PSA13,PSA,SNG,TRUE
GTGTGATCAAACCACT,PBMC-06-1,PSA05,PSA,SNG,TRUE
GTGTGATCAAGCTCTA,PBMC-06-1,PSA14,PSA,SNG,TRUE
GTGTGATCAATACCCA,PBMC-06-1,PSO14,PSO,SNG,TRUE
GTGTGATCAGGTATGG,PBMC-06-1,PSA07,PSA,SNG,FALSE
GTGTGATCATCCTTGC,PBMC-06-1,PSA05,PSA,DBL,FALSE
GTGTGATCATGGTGGA,PBMC-06-1,PSA16,PSA,SNG,FALSE
GTGTGATCATTCCTCG,PBMC-06-1,PSA13,PSA,SNG,FALSE
GTGTGATGTAATGCTC,PBMC-06-1,PSA14,PSA,SNG,TRUE
GTGTGATGTGAGTAGC,PBMC-06-1,PSA02,PSA,SNG,TRUE
GTGTGATGTGGAACCA,PBMC-06-1,PSA12,PSA,SNG,TRUE
GTGTGATGTGGTTTGT,PBMC-06-1,PSO11,PSO,SNG,TRUE
GTGTGATTCAAGTAAG,PBMC-06-1,PSO15,PSO,SNG,TRUE
GTGTGATTCAGGTGTT,PBMC-06-1,PSA12,PSA,SNG,TRUE
GTGTGATTCTGGGCGT,PBMC-06-1,PSO11,PSO,SNG,TRUE
GTGTGGCAGAAGAACG,PBMC-06-1,PSO11,PSO,SNG,TRUE
GTGTGGCAGATGAACT,PBMC-06-1,PSO12,PSO,DBL,FALSE
GTGTGGCAGGACTGGT,PBMC-06-1,PSA16,PSA,SNG,FALSE
GTGTGGCAGTCCCAGC,PBMC-06-1,PSA06,PSA,SNG,FALSE
GTGTGGCAGTCGTTAC,PBMC-06-1,PSA14,PSA,SNG,FALSE
GTGTGGCCAAACACCT,PBMC-06-1,PSA04,PSA,SNG,TRUE
GTGTGGCCAACAGCTT,PBMC-06-1,PSA14,PSA,SNG,TRUE
GTGTGGCCACAGGATG,PBMC-06-1,PSA02,PSA,DBL,FALSE
GTGTGGCCACGGAAGT,PBMC-06-1,PSA14,PSA,SNG,TRUE
GTGTGGCCAGATCACT,PBMC-06-1,PSO16,PSO,SNG,TRUE
GTGTGGCCAGTTAAAG,PBMC-06-1,PSA06,PSA,SNG,TRUE
GTGTGGCCATGGGAAC,PBMC-06-1,PSA07,PSA,SNG,TRUE
GTGTGGCGTATAGCTC,PBMC-06-1,PSA12,PSA,SNG,TRUE
GTGTGGCGTATGAGAT,PBMC-06-1,PSA04,PSA,DBL,FALSE
GTGTGGCGTATGTCTG,PBMC-06-1,PSA03,PSA,SNG,TRUE
GTGTGGCGTCGAACGA,PBMC-06-1,PSO12,PSO,SNG,TRUE
GTGTGGCGTTATCCAG,PBMC-06-1,PSO15,PSO,SNG,TRUE
GTGTGGCTCAGGAACG,PBMC-06-1,PSA17,PSA,DBL,FALSE
GTGTGGCTCCCAGGAC,PBMC-06-1,PSA07,PSA,SNG,TRUE
GTGTGGCTCCGATGTA,PBMC-06-1,PSA06,PSA,SNG,FALSE
GTGTGGCTCTTCCCAG,PBMC-06-1,PSA12,PSA,SNG,FALSE
GTGTTAGAGCGACAGT,PBMC-06-1,PSA07,PSA,SNG,TRUE
GTGTTAGAGGCATCGA,PBMC-06-1,PSO14,PSO,SNG,FALSE
GTGTTAGAGTCCCTAA,PBMC-06-1,PSA14,PSA,SNG,TRUE
GTGTTAGAGTCGAGGT,PBMC-06-1,PSA15,PSA,DBL,FALSE
GTGTTAGCAAGATCCT,PBMC-06-1,PSA12,PSA,SNG,TRUE
GTGTTAGCACATAGCT,PBMC-06-1,PSA17,PSA,SNG,TRUE
GTGTTAGCACATGAAA,PBMC-06-1,PSA04,PSA,SNG,TRUE
GTGTTAGGTCACTGAT,PBMC-06-1,PSA12,PSA,SNG,TRUE
GTGTTAGGTCGAACAG,PBMC-06-1,PSA16,PSA,SNG,TRUE
GTGTTAGGTCTAGGCC,PBMC-06-1,PSX04,PSX,SNG,TRUE
GTGTTAGGTCTATGAC,PBMC-06-1,PSA03,PSA,SNG,TRUE
GTGTTAGGTGAGCTCC,PBMC-06-1,PSA16,PSA,DBL,FALSE
GTGTTAGGTGTCATCA,PBMC-06-1,PSA13,PSA,SNG,TRUE
GTGTTAGGTGTCTTGA,PBMC-06-1,PSO13,PSO,SNG,TRUE
GTGTTAGGTTAAGCAA,PBMC-06-1,PSA05,PSA,SNG,TRUE
GTGTTAGGTTACACAC,PBMC-06-1,PSA05,PSA,DBL,FALSE
GTGTTAGGTTACGGAG,PBMC-06-1,PSX01,PSX,SNG,FALSE
GTGTTAGGTTCTTAGG,PBMC-06-1,PSA02,PSA,SNG,TRUE
GTGTTAGGTTGGTACT,PBMC-06-1,PSA12,PSA,SNG,FALSE
GTGTTAGTCACCTGGG,PBMC-06-1,PSA02,PSA,SNG,TRUE
GTGTTAGTCAGCTGAT,PBMC-06-1,PSX01,PSX,SNG,TRUE
GTGTTAGTCCCAGCGA,PBMC-06-1,PSO14,PSO,SNG,TRUE
GTGTTAGTCCTGTAGA,PBMC-06-1,PSX04,PSX,SNG,FALSE
GTGTTCCAGAGGTATT,PBMC-06-1,PSA02,PSA,DBL,FALSE
GTGTTCCAGCCAAGTG,PBMC-06-1,PSX01,PSX,SNG,TRUE
GTGTTCCAGGCACAAC,PBMC-06-1,PSA05,PSA,SNG,TRUE
GTGTTCCAGGGACACT,PBMC-06-1,PSA06,PSA,SNG,TRUE
GTGTTCCAGGGCAGGA,PBMC-06-1,PSO14,PSO,SNG,FALSE
GTGTTCCAGGTACAAT,PBMC-06-1,PSA07,PSA,SNG,TRUE
GTGTTCCAGGTTTACC,PBMC-06-1,PSA04,PSA,SNG,TRUE
GTGTTCCAGTATGTAG,PBMC-06-1,PSX01,PSX,DBL,FALSE
GTGTTCCCAACTGCCG,PBMC-06-1,PSA07,PSA,SNG,TRUE
GTGTTCCCAGAGTTGG,PBMC-06-1,PSA17,PSA,SNG,TRUE
GTGTTCCCAGCACAGA,PBMC-06-1,PSX01,PSX,SNG,TRUE
GTGTTCCCAGGACTAG,PBMC-06-1,PSX01,PSX,DBL,FALSE
GTGTTCCCATCGTCCT,PBMC-06-1,PSX04,PSX,SNG,TRUE
GTGTTCCGTAACAGGC,PBMC-06-1,PSX01,PSX,SNG,TRUE
GTGTTCCGTAACGGTG,PBMC-06-1,PSA04,PSA,SNG,TRUE
GTGTTCCGTAAGGCCA,PBMC-06-1,PSO12,PSO,SNG,FALSE
GTGTTCCGTACTGTTG,PBMC-06-1,PSA12,PSA,SNG,TRUE
GTGTTCCGTAGGCTCC,PBMC-06-1,PSA05,PSA,DBL,FALSE
GTGTTCCGTGACTGTT,PBMC-06-1,PSO15,PSO,SNG,TRUE
GTGTTCCGTGCACATT,PBMC-06-1,PSO15,PSO,SNG,TRUE
GTGTTCCGTTAAGCAA,PBMC-06-1,PSA04,PSA,SNG,TRUE
GTGTTCCTCAAACGTC,PBMC-06-1,PSA17,PSA,SNG,TRUE
GTGTTCCTCAGCAATC,PBMC-06-1,PSA13,PSA,SNG,TRUE
GTGTTCCTCGAGCCTG,PBMC-06-1,PSA17,PSA,SNG,TRUE
GTGTTCCTCTATCGTT,PBMC-06-1,PSO15,PSO,SNG,TRUE
GTGTTCCTCTCGCTCA,PBMC-06-1,PSO13,PSO,SNG,TRUE
GTTACAGAGAATAACC,PBMC-06-1,PSA07,PSA,SNG,TRUE
GTTACAGAGACTTAAG,PBMC-06-1,PSA04,PSA,SNG,TRUE
GTTACAGAGGAGTATT,PBMC-06-1,PSO12,PSO,SNG,TRUE
GTTACAGAGGCGTTGA,PBMC-06-1,PSA17,PSA,SNG,TRUE
GTTACAGAGTCTCCTC,PBMC-06-1,PSX01,PSX,SNG,TRUE
GTTACAGCAAGGCGTA,PBMC-06-1,PSA12,PSA,SNG,FALSE
GTTACAGCACAGCATT,PBMC-06-1,PSO12,PSO,AMB,FALSE
GTTACAGCACCCTCTA,PBMC-06-1,PSA12,PSA,SNG,TRUE
GTTACAGCAGAAGCTG,PBMC-06-1,PSA13,PSA,SNG,TRUE
GTTACAGCAGCACACC,PBMC-06-1,PSA02,PSA,SNG,FALSE
GTTACAGCAGCAGATG,PBMC-06-1,PSO15,PSO,SNG,FALSE
GTTACAGCAGTTGTCA,PBMC-06-1,PSA16,PSA,DBL,FALSE
GTTACAGCATCCTAAG,PBMC-06-1,PSA02,PSA,SNG,TRUE
GTTACAGGTAATGATG,PBMC-06-1,PSA02,PSA,SNG,TRUE
GTTACAGGTACCCAGC,PBMC-06-1,PSA16,PSA,DBL,FALSE
GTTACAGGTATGTGTC,PBMC-06-1,PSX01,PSX,SNG,TRUE
GTTACAGGTCCAACGC,PBMC-06-1,PSO15,PSO,SNG,TRUE
GTTACAGGTCCCACGA,PBMC-06-1,PSA16,PSA,SNG,TRUE
GTTACAGGTGAATAAC,PBMC-06-1,PSA12,PSA,DBL,FALSE
GTTACAGGTGATACAA,PBMC-06-1,PSO12,PSO,SNG,FALSE
GTTACAGTCAACACCA,PBMC-06-1,PSX01,PSX,DBL,FALSE
GTTACAGTCCGTGACG,PBMC-06-1,PSA03,PSA,SNG,FALSE
GTTACAGTCGAGTCCG,PBMC-06-1,PSA02,PSA,SNG,TRUE
GTTACAGTCGTTACCC,PBMC-06-1,PSA07,PSA,SNG,TRUE
GTTACAGTCTTCTGGC,PBMC-06-1,PSA14,PSA,SNG,TRUE
GTTACCCAGACGGAAA,PBMC-06-1,PSA15,PSA,SNG,TRUE
GTTACCCAGACGGTCA,PBMC-06-1,PSA05,PSA,DBL,FALSE
GTTACCCAGCGACATG,PBMC-06-1,PSX04,PSX,SNG,TRUE
GTTACCCAGGCCCAAA,PBMC-06-1,PSA06,PSA,SNG,TRUE
GTTACCCAGGCTAACG,PBMC-06-1,PSA03,PSA,SNG,TRUE
GTTACCCCAAGAGTAT,PBMC-06-1,PSA04,PSA,DBL,FALSE
GTTACCCCACTGATTG,PBMC-06-1,PSA12,PSA,SNG,TRUE
GTTACCCGTATACCTG,PBMC-06-1,PSX01,PSX,SNG,TRUE
GTTACCCGTGTTACTG,PBMC-06-1,PSA04,PSA,SNG,TRUE
GTTACCCGTTTACGAC,PBMC-06-1,PSA05,PSA,SNG,TRUE
GTTACCCTCATCACTT,PBMC-06-1,PSA14,PSA,SNG,TRUE
GTTACCCTCCGTGTGG,PBMC-06-1,PSA05,PSA,SNG,TRUE
GTTACCCTCCTTGGAA,PBMC-06-1,PSA04,PSA,SNG,TRUE
GTTACCCTCGCCAGAC,PBMC-06-1,PSO15,PSO,SNG,TRUE
GTTACCCTCGCGCCAA,PBMC-06-1,PSA12,PSA,SNG,TRUE
GTTACCCTCGGTCGGT,PBMC-06-1,PSA03,PSA,SNG,FALSE
GTTACCCTCTACCTTA,PBMC-06-1,PSA07,PSA,DBL,FALSE
GTTACGACAATCAGCT,PBMC-06-1,PSA15,PSA,SNG,TRUE
GTTACGACAATCCTAG,PBMC-06-1,PSO15,PSO,SNG,FALSE
GTTACGACACCATATG,PBMC-06-1,PSA17,PSA,SNG,TRUE
GTTACGACATGACGGA,PBMC-06-1,PSO15,PSO,SNG,TRUE
GTTACGACATTGGGAG,PBMC-06-1,PSA07,PSA,DBL,FALSE
GTTACGAGTAATCAAG,PBMC-06-1,PSO15,PSO,SNG,TRUE
GTTACGAGTCTTACTT,PBMC-06-1,PSA02,PSA,SNG,TRUE
GTTACGAGTTAGGGTG,PBMC-06-1,PSA17,PSA,SNG,TRUE
GTTACGAGTTGCATAC,PBMC-06-1,PSO12,PSO,SNG,TRUE
GTTACGAGTTGGGAAC,PBMC-06-1,PSA02,PSA,SNG,TRUE
GTTAGACAGAGCCGAT,PBMC-06-1,PSO15,PSO,SNG,FALSE
GTTAGACAGGGCAATC,PBMC-06-1,PSA02,PSA,SNG,TRUE
GTTAGACAGGTGGGTT,PBMC-06-1,PSA17,PSA,DBL,FALSE
GTTAGACAGTGCTACT,PBMC-06-1,PSO15,PSO,SNG,TRUE
GTTAGACCAACCCTAA,PBMC-06-1,PSA07,PSA,SNG,TRUE
GTTAGACCAAGGTCGA,PBMC-06-1,PSA14,PSA,DBL,FALSE
GTTAGACCAATTGCTG,PBMC-06-1,PSA16,PSA,DBL,FALSE
GTTAGACCACAAATCC,PBMC-06-1,PSA07,PSA,SNG,TRUE
GTTAGACCACTACACA,PBMC-06-1,PSA14,PSA,DBL,FALSE
GTTAGACCACTGGAAG,PBMC-06-1,PSA02,PSA,SNG,TRUE
GTTAGACCAGCAGTAG,PBMC-06-1,PSA17,PSA,SNG,TRUE
GTTAGACCAGGCGATA,PBMC-06-1,PSA13,PSA,DBL,FALSE
GTTAGACCAGTAGGAC,PBMC-06-1,PSA03,PSA,SNG,TRUE
GTTAGACGTCATCCGG,PBMC-06-1,PSA03,PSA,SNG,TRUE
GTTAGACGTTAGGGTG,PBMC-06-1,PSX01,PSX,DBL,FALSE
GTTAGACGTTATCCAG,PBMC-06-1,PSA17,PSA,SNG,TRUE
GTTAGACGTTTGATCG,PBMC-06-1,PSX01,PSX,SNG,TRUE
GTTAGACTCAAGTAAG,PBMC-06-1,PSO15,PSO,DBL,FALSE
GTTAGACTCCCGAATA,PBMC-06-1,PSX04,PSX,SNG,TRUE
GTTAGACTCCTAAACG,PBMC-06-1,PSA07,PSA,SNG,TRUE
GTTAGACTCGAAGCCC,PBMC-06-1,PSA12,PSA,SNG,TRUE
GTTAGACTCGGCTGTG,PBMC-06-1,PSA12,PSA,SNG,TRUE
GTTAGACTCTCCTGAC,PBMC-06-1,PSA17,PSA,DBL,FALSE
GTTAGACTCTCTCCGA,PBMC-06-1,PSA12,PSA,SNG,FALSE
GTTAGTGAGACTCTTG,PBMC-06-1,PSX04,PSX,SNG,TRUE
GTTAGTGAGGATTTCC,PBMC-06-1,PSA15,PSA,SNG,TRUE
GTTAGTGAGGTTCAGG,PBMC-06-1,PSA14,PSA,SNG,TRUE
GTTAGTGAGTTGTAAG,PBMC-06-1,PSA07,PSA,DBL,FALSE
GTTAGTGCAAATTGGA,PBMC-06-1,PSA13,PSA,SNG,TRUE
GTTAGTGCAACGACTT,PBMC-06-1,PSX01,PSX,SNG,FALSE
GTTAGTGCACTTCAAG,PBMC-06-1,PSA12,PSA,SNG,FALSE
GTTAGTGCAGATCCTA,PBMC-06-1,PSA17,PSA,SNG,FALSE
GTTAGTGCAGATTAAG,PBMC-06-1,PSA02,PSA,SNG,TRUE
GTTAGTGCAGGAAGTC,PBMC-06-1,PSA15,PSA,SNG,TRUE
GTTAGTGCATACTGAC,PBMC-06-1,PSO12,PSO,SNG,FALSE
GTTAGTGGTACACGTT,PBMC-06-1,PSO15,PSO,SNG,TRUE
GTTAGTGGTAGGTTTC,PBMC-06-1,PSA05,PSA,SNG,TRUE
GTTAGTGGTTCCGGTG,PBMC-06-1,PSA05,PSA,SNG,TRUE
GTTAGTGTCAGACCTA,PBMC-06-1,PSO15,PSO,SNG,TRUE
GTTAGTGTCCGAGGCT,PBMC-06-1,PSA17,PSA,SNG,TRUE
GTTAGTGTCGTAACTG,PBMC-06-1,PSA07,PSA,SNG,FALSE
GTTAGTGTCGTTCTGC,PBMC-06-1,PSO12,PSO,DBL,FALSE
GTTAGTGTCTCCGCAT,PBMC-06-1,PSX01,PSX,SNG,TRUE
GTTAGTGTCTTGGAAC,PBMC-06-1,PSO13,PSO,SNG,TRUE
GTTATGGAGAAGTCCG,PBMC-06-1,PSA15,PSA,SNG,FALSE
GTTATGGAGACAGTCG,PBMC-06-1,PSA16,PSA,SNG,TRUE
GTTATGGAGGCCTAAG,PBMC-06-1,PSA13,PSA,SNG,TRUE
GTTATGGAGTCCCGGT,PBMC-06-1,PSA03,PSA,AMB,FALSE
GTTATGGAGTCTTCCC,PBMC-06-1,PSA12,PSA,SNG,TRUE
GTTATGGCAAGTCGTT,PBMC-06-1,PSX01,PSX,DBL,FALSE
GTTATGGCACCCGTAG,PBMC-06-1,PSA12,PSA,SNG,TRUE
GTTATGGCAGTAACGG,PBMC-06-1,PSA03,PSA,SNG,TRUE
GTTATGGCATCGATAC,PBMC-06-1,PSA07,PSA,SNG,TRUE
GTTATGGGTAAGTTGA,PBMC-06-1,PSA05,PSA,SNG,TRUE
GTTATGGGTACAAGCG,PBMC-06-1,PSA03,PSA,SNG,TRUE
GTTATGGGTCCACATA,PBMC-06-1,PSO12,PSO,SNG,TRUE
GTTATGGGTGCATCTA,PBMC-06-1,PSO15,PSO,SNG,TRUE
GTTATGGGTTCCGCAG,PBMC-06-1,PSA15,PSA,SNG,FALSE
GTTATGGGTTTAGAGA,PBMC-06-1,PSX04,PSX,SNG,TRUE
GTTATGGTCATGAGTC,PBMC-06-1,PSA02,PSA,SNG,TRUE
GTTATGGTCATTCACT,PBMC-06-1,PSX04,PSX,SNG,TRUE
GTTATGGTCCGAACGC,PBMC-06-1,PSX01,PSX,SNG,TRUE
GTTATGGTCTAGATCG,PBMC-06-1,PSX01,PSX,SNG,TRUE
GTTATGGTCTCAGAAC,PBMC-06-1,PSX04,PSX,DBL,FALSE
GTTCATTAGAAGTGTT,PBMC-06-1,PSO16,PSO,SNG,TRUE
GTTCATTAGAGCCGAT,PBMC-06-1,PSA14,PSA,DBL,FALSE
GTTCATTAGATTAGAC,PBMC-06-1,PSX01,PSX,SNG,TRUE
GTTCATTAGCATGCGA,PBMC-06-1,PSA02,PSA,SNG,FALSE
GTTCATTAGGCATCAG,PBMC-06-1,PSA07,PSA,SNG,TRUE
GTTCATTAGGGTTAGC,PBMC-06-1,PSA17,PSA,SNG,TRUE
GTTCATTAGTTTGCTG,PBMC-06-1,PSA14,PSA,SNG,TRUE
GTTCATTCACAAGTGG,PBMC-06-1,PSO15,PSO,SNG,TRUE
GTTCATTCACCAATTG,PBMC-06-1,PSO15,PSO,SNG,TRUE
GTTCATTCAGACGCTC,PBMC-06-1,PSA05,PSA,SNG,TRUE
GTTCATTCAGCACACC,PBMC-06-1,PSA13,PSA,SNG,TRUE
GTTCATTCAGGAAGTC,PBMC-06-1,PSA07,PSA,DBL,FALSE
GTTCATTCATACCACA,PBMC-06-1,PSO15,PSO,SNG,TRUE
GTTCATTCATCGCTAA,PBMC-06-1,PSO12,PSO,SNG,FALSE
GTTCATTGTAGCCCTG,PBMC-06-1,PSO13,PSO,SNG,FALSE
GTTCATTGTCACTACA,PBMC-06-1,PSA07,PSA,SNG,TRUE
GTTCATTGTCACTCGG,PBMC-06-1,PSX04,PSX,SNG,TRUE
GTTCATTGTCGCGTCA,PBMC-06-1,PSA07,PSA,DBL,FALSE
GTTCATTGTCTAATCG,PBMC-06-1,PSA05,PSA,SNG,FALSE
GTTCATTGTGATATAG,PBMC-06-1,PSA04,PSA,SNG,TRUE
GTTCATTTCAGAATAG,PBMC-06-1,PSA16,PSA,SNG,FALSE
GTTCATTTCATTCACT,PBMC-06-1,PSA14,PSA,AMB,FALSE
GTTCATTTCATTGCCC,PBMC-06-1,PSA15,PSA,SNG,TRUE
GTTCATTTCGGCACTG,PBMC-06-1,PSO14,PSO,AMB,FALSE
GTTCATTTCTTACGTT,PBMC-06-1,PSA04,PSA,SNG,TRUE
GTTCCGTAGGCCTTGC,PBMC-06-1,PSX04,PSX,SNG,TRUE
GTTCCGTAGTAGGGTC,PBMC-06-1,PSA15,PSA,SNG,TRUE
GTTCCGTCACGATAGG,PBMC-06-1,PSA07,PSA,SNG,TRUE
GTTCCGTCACGTAGAG,PBMC-06-1,PSA04,PSA,SNG,TRUE
GTTCCGTCAGTCTTCC,PBMC-06-1,PSO13,PSO,SNG,TRUE
GTTCCGTCATCGAGCC,PBMC-06-1,PSA13,PSA,SNG,TRUE
GTTCCGTCATCGGCCA,PBMC-06-1,PSA07,PSA,SNG,TRUE
GTTCCGTCATTGCTGA,PBMC-06-1,PSA07,PSA,AMB,FALSE
GTTCCGTGTCCGGACT,PBMC-06-1,PSA03,PSA,SNG,TRUE
GTTCCGTGTCTTTCTA,PBMC-06-1,PSA15,PSA,SNG,TRUE
GTTCCGTGTGAGGCAT,PBMC-06-1,PSA04,PSA,SNG,FALSE
GTTCCGTGTGCATACT,PBMC-06-1,PSA02,PSA,SNG,TRUE
GTTCCGTGTTATAGCC,PBMC-06-1,PSA17,PSA,SNG,TRUE
GTTCCGTGTTGTTTGG,PBMC-06-1,PSA05,PSA,SNG,TRUE
GTTCCGTTCGCATTAG,PBMC-06-1,PSA14,PSA,SNG,FALSE
GTTCCGTTCGCGAAGA,PBMC-06-1,PSX01,PSX,SNG,TRUE
GTTCCGTTCTCTCTAA,PBMC-06-1,PSA17,PSA,DBL,FALSE
GTTCGCTAGACTTCAC,PBMC-06-1,PSA14,PSA,SNG,TRUE
GTTCGCTAGGATTACA,PBMC-06-1,PSO11,PSO,SNG,TRUE
GTTCGCTCAAACAGGC,PBMC-06-1,PSO15,PSO,SNG,TRUE
GTTCGCTCAATTGCTG,PBMC-06-1,PSA04,PSA,SNG,TRUE
GTTCGCTCAGTCTACA,PBMC-06-1,PSO15,PSO,SNG,TRUE
GTTCGCTCATCGTTCC,PBMC-06-1,PSO15,PSO,DBL,FALSE
GTTCGCTGTACGGATG,PBMC-06-1,PSA02,PSA,SNG,TRUE
GTTCGCTGTATCGATC,PBMC-06-1,PSA07,PSA,DBL,FALSE
GTTCGCTGTCATCCCT,PBMC-06-1,PSA16,PSA,SNG,TRUE
GTTCGCTGTGAAGCTG,PBMC-06-1,PSX01,PSX,SNG,TRUE
GTTCGCTTCCAACCAA,PBMC-06-1,PSX01,PSX,SNG,TRUE
GTTCGCTTCCATCTGC,PBMC-06-1,PSA06,PSA,SNG,TRUE
GTTCGCTTCGGACGTC,PBMC-06-1,PSA05,PSA,SNG,TRUE
GTTCTATAGACCAGAC,PBMC-06-1,PSO11,PSO,SNG,TRUE
GTTCTATAGCTGCGAA,PBMC-06-1,PSA05,PSA,SNG,TRUE
GTTCTATAGGATAATC,PBMC-06-1,PSA12,PSA,SNG,FALSE
GTTCTATAGTAGCTCT,PBMC-06-1,PSA07,PSA,SNG,TRUE
GTTCTATCAAAGCGTG,PBMC-06-1,PSO13,PSO,AMB,FALSE
GTTCTATCAAGTTCCA,PBMC-06-1,PSA07,PSA,DBL,FALSE
GTTCTATCACAGTCAT,PBMC-06-1,PSA07,PSA,DBL,FALSE
GTTCTATCAGGTACGA,PBMC-06-1,PSX04,PSX,SNG,TRUE
GTTCTATCAGTTACCA,PBMC-06-1,PSA16,PSA,SNG,TRUE
GTTCTATCATATGCGT,PBMC-06-1,PSA16,PSA,DBL,FALSE
GTTCTATCATTGTAGC,PBMC-06-1,PSA07,PSA,SNG,TRUE
GTTCTATGTAAGGAGA,PBMC-06-1,PSO12,PSO,DBL,FALSE
GTTCTATGTAATACCC,PBMC-06-1,PSA03,PSA,SNG,TRUE
GTTCTATGTATTTCTC,PBMC-06-1,PSA04,PSA,SNG,TRUE
GTTCTATGTCGGAACA,PBMC-06-1,PSO16,PSO,SNG,TRUE
GTTCTATGTCGTTATG,PBMC-06-1,PSA05,PSA,SNG,TRUE
GTTCTATGTGAATTGA,PBMC-06-1,PSA07,PSA,SNG,FALSE
GTTCTATGTGGTAATA,PBMC-06-1,PSA14,PSA,SNG,TRUE
GTTCTATTCAACACGT,PBMC-06-1,PSX04,PSX,DBL,FALSE
GTTCTATTCACGTAGT,PBMC-06-1,PSA03,PSA,SNG,FALSE
GTTCTATTCACTGATG,PBMC-06-1,PSA05,PSA,SNG,TRUE
GTTCTATTCTTGAACG,PBMC-06-1,PSA06,PSA,SNG,TRUE
GTTGAACAGGACTATA,PBMC-06-1,PSA02,PSA,DBL,FALSE
GTTGAACAGTCTAGCT,PBMC-06-1,PSA04,PSA,SNG,TRUE
GTTGAACAGTTGGACG,PBMC-06-1,PSO15,PSO,DBL,FALSE
GTTGAACCAAAGCACG,PBMC-06-1,PSX01,PSX,DBL,FALSE
GTTGAACCAATCTCGA,PBMC-06-1,PSA03,PSA,SNG,TRUE
GTTGAACCAGTTAGGG,PBMC-06-1,PSO12,PSO,AMB,FALSE
GTTGAACCATCATTGG,PBMC-06-1,PSO15,PSO,SNG,TRUE
GTTGAACCATCTCAAG,PBMC-06-1,PSA06,PSA,SNG,TRUE
GTTGAACGTATGTCCA,PBMC-06-1,PSA16,PSA,SNG,FALSE
GTTGAACGTCGTGTTA,PBMC-06-1,PSA04,PSA,DBL,FALSE
GTTGAACGTGAGAACC,PBMC-06-1,PSO15,PSO,SNG,TRUE
GTTGAACGTTATAGAG,PBMC-06-1,PSX04,PSX,SNG,TRUE
GTTGAACGTTCCAGGC,PBMC-06-1,PSO15,PSO,SNG,TRUE
GTTGAACGTTTCTTAC,PBMC-06-1,PSX01,PSX,SNG,TRUE
GTTGAACTCACCTTGC,PBMC-06-1,PSO16,PSO,SNG,TRUE
GTTGAACTCGGATAAA,PBMC-06-1,PSA17,PSA,SNG,TRUE
GTTGAACTCTGGAGAG,PBMC-06-1,PSX04,PSX,SNG,TRUE
GTTGAACTCTTTCTAG,PBMC-06-1,PSA17,PSA,DBL,FALSE
GTTGCGGAGAGGGTAA,PBMC-06-1,PSX01,PSX,SNG,TRUE
GTTGCGGAGGAGGCAG,PBMC-06-1,PSA14,PSA,SNG,TRUE
GTTGCGGAGGGAGAAT,PBMC-06-1,PSA14,PSA,SNG,TRUE
GTTGCGGAGGGATCTG,PBMC-06-1,PSO11,PSO,SNG,TRUE
GTTGCGGAGGTGCGAT,PBMC-06-1,PSA02,PSA,SNG,TRUE
GTTGCGGCAAGAAATC,PBMC-06-1,PSA02,PSA,SNG,TRUE
GTTGCGGCACCATTCC,PBMC-06-1,PSA07,PSA,SNG,TRUE
GTTGCGGCACCGCTAG,PBMC-06-1,PSA14,PSA,SNG,TRUE
GTTGCGGCAGCTGAGA,PBMC-06-1,PSO15,PSO,SNG,TRUE
GTTGCGGCAGGCACTC,PBMC-06-1,PSA06,PSA,SNG,FALSE
GTTGCGGCAGGCGTTC,PBMC-06-1,PSA05,PSA,SNG,TRUE
GTTGCGGGTACCGGAA,PBMC-06-1,PSA15,PSA,SNG,TRUE
GTTGCGGGTAGAGGAA,PBMC-06-1,PSA04,PSA,SNG,TRUE
GTTGCGGGTGGCTTGC,PBMC-06-1,PSA12,PSA,SNG,TRUE
GTTGCGGGTTGTTGCA,PBMC-06-1,PSO13,PSO,DBL,FALSE
GTTGCGGTCAGACCTA,PBMC-06-1,PSA07,PSA,SNG,TRUE
GTTGCGGTCATCACTT,PBMC-06-1,PSO12,PSO,SNG,TRUE
GTTGCGGTCGCAATGT,PBMC-06-1,PSA14,PSA,SNG,TRUE
GTTGCGGTCTCCTGAC,PBMC-06-1,PSA13,PSA,SNG,TRUE
GTTGCGGTCTGCTTAT,PBMC-06-1,PSO12,PSO,SNG,TRUE
GTTGCGGTCTTTCGAT,PBMC-06-1,PSA03,PSA,SNG,TRUE
GTTGCGGTCTTTGATC,PBMC-06-1,PSA14,PSA,SNG,TRUE
GTTGCTCAGAGAGTTT,PBMC-06-1,PSX01,PSX,SNG,TRUE
GTTGCTCAGCACTTTG,PBMC-06-1,PSO15,PSO,SNG,TRUE
GTTGCTCAGCCATTTG,PBMC-06-1,PSA16,PSA,SNG,TRUE
GTTGCTCAGCGTTGTT,PBMC-06-1,PSA15,PSA,SNG,TRUE
GTTGCTCAGGTCCCGT,PBMC-06-1,PSA07,PSA,SNG,TRUE
GTTGCTCCAACTGCTA,PBMC-06-1,PSA15,PSA,SNG,TRUE
GTTGCTCCAATCTCTT,PBMC-06-1,PSA03,PSA,AMB,FALSE
GTTGCTCCACTTCAGA,PBMC-06-1,PSA07,PSA,SNG,TRUE
GTTGCTCCAGTTCTAG,PBMC-06-1,PSA12,PSA,SNG,TRUE
GTTGCTCGTCATCGCG,PBMC-06-1,PSA15,PSA,SNG,TRUE
GTTGCTCGTCCACGCA,PBMC-06-1,PSO15,PSO,SNG,TRUE
GTTGCTCGTCCTACGG,PBMC-06-1,PSA15,PSA,SNG,TRUE
GTTGCTCGTTCCGCAG,PBMC-06-1,PSA03,PSA,SNG,FALSE
GTTGCTCGTTGAGAGC,PBMC-06-1,PSA06,PSA,SNG,TRUE
GTTGCTCTCAACACCA,PBMC-06-1,PSA15,PSA,SNG,TRUE
GTTGCTCTCCTGGCTT,PBMC-06-1,PSA06,PSA,SNG,TRUE
GTTGCTCTCGCCTTTG,PBMC-06-1,PSO11,PSO,SNG,TRUE
GTTGCTCTCGTGTCAA,PBMC-06-1,PSA03,PSA,SNG,TRUE
GTTGCTCTCTACAGGT,PBMC-06-1,PSA02,PSA,SNG,TRUE
GTTGCTCTCTTCGACC,PBMC-06-1,PSO12,PSO,DBL,FALSE
GTTGTAGAGAATCCCT,PBMC-06-1,PSA15,PSA,SNG,TRUE
GTTGTAGAGATTAGAC,PBMC-06-1,PSO15,PSO,SNG,TRUE
GTTGTAGAGGAGATAG,PBMC-06-1,PSA06,PSA,DBL,FALSE
GTTGTAGAGGTCGTAG,PBMC-06-1,PSX04,PSX,SNG,TRUE
GTTGTAGAGGTTCATC,PBMC-06-1,PSO11,PSO,SNG,FALSE
GTTGTAGAGTGATAGT,PBMC-06-1,PSA07,PSA,SNG,TRUE
GTTGTAGAGTGTCATC,PBMC-06-1,PSA13,PSA,SNG,TRUE
GTTGTAGAGTTCCGGC,PBMC-06-1,PSX04,PSX,SNG,TRUE
GTTGTAGCAATGACCT,PBMC-06-1,PSO15,PSO,SNG,FALSE
GTTGTAGCACAACGAG,PBMC-06-1,PSX01,PSX,SNG,TRUE
GTTGTAGCACATTCTT,PBMC-06-1,PSX01,PSX,SNG,TRUE
GTTGTAGCACCTATCC,PBMC-06-1,PSO11,PSO,SNG,TRUE
GTTGTAGCAGATCATC,PBMC-06-1,PSX04,PSX,SNG,FALSE
GTTGTAGGTATCGTTG,PBMC-06-1,PSA17,PSA,SNG,TRUE
GTTGTAGGTATGTGTC,PBMC-06-1,PSA02,PSA,SNG,TRUE
GTTGTAGGTCAGTCGC,PBMC-06-1,PSO12,PSO,SNG,TRUE
GTTGTAGGTCGTCTCT,PBMC-06-1,PSA03,PSA,DBL,FALSE
GTTGTAGGTGCCCTTT,PBMC-06-1,PSA07,PSA,SNG,FALSE
GTTGTAGGTTGTGGCC,PBMC-06-1,PSA17,PSA,SNG,TRUE
GTTGTAGTCCTCTGCA,PBMC-06-1,PSX01,PSX,DBL,FALSE
GTTGTAGTCGGTCTAA,PBMC-06-1,PSO15,PSO,DBL,FALSE
GTTGTAGTCTTGCAAG,PBMC-06-1,PSA03,PSA,SNG,TRUE
GTTGTCCAGATGCGAC,PBMC-06-1,PSO12,PSO,SNG,TRUE
GTTGTCCAGCAAGGAA,PBMC-06-1,PSA14,PSA,SNG,TRUE
GTTGTCCAGCTGAAGC,PBMC-06-1,PSA14,PSA,SNG,TRUE
GTTGTCCAGGATCACG,PBMC-06-1,PSA15,PSA,SNG,FALSE
GTTGTCCCAAAGAGTT,PBMC-06-1,PSA14,PSA,SNG,TRUE
GTTGTCCCACCCTATC,PBMC-06-1,PSO12,PSO,SNG,TRUE
GTTGTCCCACCTATCC,PBMC-06-1,PSO15,PSO,SNG,FALSE
GTTGTCCGTACCGCGT,PBMC-06-1,PSA02,PSA,DBL,FALSE
GTTGTCCGTCATTCCC,PBMC-06-1,PSA02,PSA,SNG,TRUE
GTTGTCCGTGATACAA,PBMC-06-1,PSA17,PSA,SNG,TRUE
GTTGTCCGTGTTGATC,PBMC-06-1,PSA16,PSA,SNG,TRUE
GTTGTCCGTTCGCGTG,PBMC-06-1,PSX01,PSX,SNG,TRUE
GTTGTCCGTTCTCTAT,PBMC-06-1,PSO15,PSO,SNG,TRUE
GTTGTCCGTTGGGAAC,PBMC-06-1,PSA17,PSA,AMB,FALSE
GTTGTCCTCACGACTA,PBMC-06-1,PSA02,PSA,DBL,FALSE
GTTGTCCTCCACAAGT,PBMC-06-1,PSX01,PSX,SNG,TRUE
GTTGTCCTCGACCTAA,PBMC-06-1,PSO13,PSO,SNG,TRUE
GTTGTCCTCGAGAGCA,PBMC-06-1,PSA05,PSA,SNG,TRUE
GTTGTCCTCTATCCAT,PBMC-06-1,PSA14,PSA,SNG,TRUE
GTTGTGAAGCAACTTC,PBMC-06-1,PSO15,PSO,SNG,TRUE
GTTGTGAAGCACCAGA,PBMC-06-1,PSO15,PSO,SNG,TRUE
GTTGTGAAGGCAGGGA,PBMC-06-1,PSX01,PSX,DBL,FALSE
GTTGTGAAGGCTGGAT,PBMC-06-1,PSO15,PSO,SNG,TRUE
GTTGTGAAGGTTGTTC,PBMC-06-1,PSX01,PSX,SNG,FALSE
GTTGTGAAGTAGGGTC,PBMC-06-1,PSX04,PSX,SNG,TRUE
GTTGTGACAAGCAATA,PBMC-06-1,PSA15,PSA,SNG,TRUE
GTTGTGACACCAACAT,PBMC-06-1,PSA16,PSA,DBL,FALSE
GTTGTGACACGTACAT,PBMC-06-1,PSA02,PSA,SNG,TRUE
GTTGTGACACTAAACC,PBMC-06-1,PSO11,PSO,SNG,FALSE
GTTGTGACAGCATGCC,PBMC-06-1,PSA05,PSA,AMB,FALSE
GTTGTGACAGGATCTT,PBMC-06-1,PSA17,PSA,SNG,TRUE
GTTGTGACATGCAGCC,PBMC-06-1,PSA04,PSA,SNG,TRUE
GTTGTGACATGGGTCC,PBMC-06-1,PSO13,PSO,SNG,FALSE
GTTGTGACATTGGATC,PBMC-06-1,PSO15,PSO,SNG,FALSE
GTTGTGAGTACTCGCG,PBMC-06-1,PSA07,PSA,SNG,TRUE
GTTGTGAGTAGCGATG,PBMC-06-1,PSA07,PSA,SNG,FALSE
GTTGTGAGTCGTTGCG,PBMC-06-1,PSO12,PSO,SNG,TRUE
GTTGTGAGTCTGTCCT,PBMC-06-1,PSA05,PSA,DBL,FALSE
GTTGTGAGTTCGGACC,PBMC-06-1,PSA14,PSA,DBL,FALSE
GTTGTGAGTTGAGAGC,PBMC-06-1,PSO14,PSO,SNG,FALSE
GTTGTGATCAAACCCA,PBMC-06-1,PSA04,PSA,SNG,TRUE
GTTGTGATCCACGGGT,PBMC-06-1,PSA06,PSA,SNG,TRUE
GTTGTGATCCGTCACT,PBMC-06-1,PSA03,PSA,SNG,TRUE
GTTGTGATCCTATGGA,PBMC-06-1,PSX01,PSX,SNG,TRUE
GTTGTGATCGCGTGAC,PBMC-06-1,PSA07,PSA,SNG,FALSE
GTTGTGATCGTGCATA,PBMC-06-1,PSA07,PSA,SNG,FALSE
GTTGTGATCTCGGTAA,PBMC-06-1,PSA05,PSA,SNG,TRUE
GTTTACTAGAGAGTGA,PBMC-06-1,PSO13,PSO,SNG,TRUE
GTTTACTAGCTGACCC,PBMC-06-1,PSA05,PSA,DBL,FALSE
GTTTACTAGGAAACGA,PBMC-06-1,PSA07,PSA,SNG,TRUE
GTTTACTAGGTTGTTC,PBMC-06-1,PSA16,PSA,DBL,FALSE
GTTTACTCACCAGCTG,PBMC-06-1,PSO13,PSO,SNG,TRUE
GTTTACTCAGCTATAC,PBMC-06-1,PSO16,PSO,DBL,FALSE
GTTTACTCAGGTGTGA,PBMC-06-1,PSA07,PSA,SNG,TRUE
GTTTACTCAGTTTGGT,PBMC-06-1,PSA04,PSA,SNG,TRUE
GTTTACTCATGACCCG,PBMC-06-1,PSA04,PSA,SNG,TRUE
GTTTACTGTATGTGTC,PBMC-06-1,PSA04,PSA,SNG,TRUE
GTTTACTGTCACTACA,PBMC-06-1,PSO12,PSO,SNG,TRUE
GTTTACTGTGGATGAC,PBMC-06-1,PSA07,PSA,AMB,FALSE
GTTTACTGTGGCACTC,PBMC-06-1,PSA12,PSA,SNG,TRUE
GTTTACTGTGTCTTCC,PBMC-06-1,PSA06,PSA,DBL,FALSE
GTTTACTGTTAACAGA,PBMC-06-1,PSO15,PSO,SNG,FALSE
GTTTACTTCATCAGTG,PBMC-06-1,PSA07,PSA,SNG,FALSE
GTTTACTTCATGAGGG,PBMC-06-1,PSA13,PSA,SNG,TRUE
GTTTACTTCGCACGAC,PBMC-06-1,PSA02,PSA,SNG,TRUE
GTTTACTTCGTTCGCT,PBMC-06-1,PSX01,PSX,DBL,FALSE
GTTTGGACAAGCGAAC,PBMC-06-1,PSA17,PSA,SNG,TRUE
GTTTGGACAATTTCCT,PBMC-06-1,PSX04,PSX,SNG,TRUE
GTTTGGACATAGAAAC,PBMC-06-1,PSA12,PSA,SNG,TRUE
GTTTGGACATGAGTAA,PBMC-06-1,PSA02,PSA,DBL,FALSE
GTTTGGACATTCGGGC,PBMC-06-1,PSA06,PSA,SNG,TRUE
GTTTGGAGTAGATTAG,PBMC-06-1,PSA04,PSA,SNG,FALSE
GTTTGGAGTGACGCCT,PBMC-06-1,PSO15,PSO,SNG,TRUE
GTTTGGAGTGCCTTTC,PBMC-06-1,PSO15,PSO,SNG,TRUE
GTTTGGAGTGGACTGA,PBMC-06-1,PSO15,PSO,SNG,TRUE
GTTTGGAGTGGTTTGT,PBMC-06-1,PSA14,PSA,AMB,FALSE
TAACACGAGACATATG,PBMC-06-1,PSA02,PSA,SNG,TRUE
TAACACGAGATTGCGG,PBMC-06-1,PSX01,PSX,SNG,TRUE
TAACACGAGCCGAATG,PBMC-06-1,PSA05,PSA,DBL,FALSE
TAACACGAGGTCGTAG,PBMC-06-1,PSO11,PSO,DBL,FALSE
TAACACGAGTTCCATG,PBMC-06-1,PSA13,PSA,SNG,TRUE
TAACACGCAAAGACGC,PBMC-06-1,PSA03,PSA,SNG,FALSE
TAACACGCAACTACGT,PBMC-06-1,PSA07,PSA,SNG,TRUE
TAACACGCACCTCTAC,PBMC-06-1,PSA05,PSA,DBL,FALSE
TAACACGCAGGTCCGT,PBMC-06-1,PSA14,PSA,SNG,TRUE
TAACACGCAGTCTGGC,PBMC-06-1,PSA07,PSA,SNG,TRUE
TAACACGGTAAGCTCT,PBMC-06-1,PSX01,PSX,SNG,FALSE
TAACACGGTACCCGCA,PBMC-06-1,PSA15,PSA,SNG,TRUE
TAACACGGTCACTGAT,PBMC-06-1,PSA03,PSA,DBL,FALSE
TAACACGGTCCAAAGG,PBMC-06-1,PSA14,PSA,SNG,TRUE
TAACACGGTCTGCATA,PBMC-06-1,PSA07,PSA,SNG,TRUE
TAACACGGTGAGCAGT,PBMC-06-1,PSA14,PSA,SNG,TRUE
TAACACGGTGGAACAC,PBMC-06-1,PSA07,PSA,SNG,TRUE
TAACACGTCATGCATG,PBMC-06-1,PSA17,PSA,SNG,TRUE
TAACACGTCGAGTGAG,PBMC-06-1,PSA04,PSA,SNG,TRUE
TAACACGTCTGCATGA,PBMC-06-1,PSA07,PSA,SNG,TRUE
TAACCAGAGACCATGG,PBMC-06-1,PSO12,PSO,SNG,TRUE
TAACCAGAGAGAAGGT,PBMC-06-1,PSX04,PSX,SNG,FALSE
TAACCAGAGATACATG,PBMC-06-1,PSA12,PSA,SNG,TRUE
TAACCAGAGCACTAAA,PBMC-06-1,PSA16,PSA,SNG,FALSE
TAACCAGAGCCAGTAG,PBMC-06-1,PSO15,PSO,SNG,TRUE
TAACCAGAGGTGCCAA,PBMC-06-1,PSO15,PSO,SNG,TRUE
TAACCAGCACCAAAGG,PBMC-06-1,PSA05,PSA,SNG,TRUE
TAACCAGCAGTTGCGC,PBMC-06-1,PSA02,PSA,DBL,FALSE
TAACCAGGTATCATGC,PBMC-06-1,PSX01,PSX,SNG,TRUE
TAACCAGGTCACATTG,PBMC-06-1,PSA14,PSA,DBL,FALSE
TAACCAGGTTCGGCGT,PBMC-06-1,PSA16,PSA,SNG,TRUE
TAACCAGGTTGGACCC,PBMC-06-1,PSA04,PSA,DBL,FALSE
TAACCAGGTTGTAAAG,PBMC-06-1,PSO14,PSO,SNG,TRUE
TAACCAGTCAGTGTGT,PBMC-06-1,PSX01,PSX,DBL,FALSE
TAACCAGTCCCATAAG,PBMC-06-1,PSO15,PSO,SNG,TRUE
TAACCAGTCCGAGTGC,PBMC-06-1,PSA05,PSA,SNG,TRUE
TAACCAGTCTGAGGCC,PBMC-06-1,PSA12,PSA,DBL,FALSE
TAACCAGTCTTGGTCC,PBMC-06-1,PSA16,PSA,SNG,TRUE
TAACGACAGATCACTC,PBMC-06-1,PSA04,PSA,SNG,TRUE
TAACGACAGGTAGACC,PBMC-06-1,PSA02,PSA,SNG,TRUE
TAACGACCAAACACCT,PBMC-06-1,PSA17,PSA,SNG,TRUE
TAACGACCAACATCGT,PBMC-06-1,PSA12,PSA,SNG,TRUE
TAACGACCATAAGCGG,PBMC-06-1,PSA13,PSA,SNG,TRUE
TAACGACCATATCGGT,PBMC-06-1,PSO15,PSO,SNG,TRUE
TAACGACCATGAATCC,PBMC-06-1,PSA16,PSA,SNG,TRUE
TAACGACGTACGTGTT,PBMC-06-1,PSA05,PSA,SNG,TRUE
TAACGACGTCAGTCTA,PBMC-06-1,PSO15,PSO,SNG,TRUE
TAACGACGTCTAGGCC,PBMC-06-1,PSA07,PSA,SNG,TRUE
TAACGACGTGCACATT,PBMC-06-1,PSA14,PSA,SNG,TRUE
TAACGACGTGCGAACA,PBMC-06-1,PSO16,PSO,SNG,FALSE
TAACGACGTGGCACTC,PBMC-06-1,PSO15,PSO,SNG,TRUE
TAACGACGTGTTCATG,PBMC-06-1,PSA02,PSA,SNG,TRUE
TAACGACTCCCGAACG,PBMC-06-1,PSA17,PSA,SNG,TRUE
TAACGACTCTGATGGT,PBMC-06-1,PSA17,PSA,SNG,TRUE
TAACGACTCTTGCGCT,PBMC-06-1,PSA16,PSA,SNG,TRUE
TAACTTCAGACTGGGT,PBMC-06-1,PSX01,PSX,SNG,FALSE
TAACTTCAGATCCGAG,PBMC-06-1,PSA05,PSA,DBL,FALSE
TAACTTCAGCGCGTTC,PBMC-06-1,PSA02,PSA,SNG,TRUE
TAACTTCAGGCCATAG,PBMC-06-1,PSA02,PSA,SNG,TRUE
TAACTTCAGGCCTTCG,PBMC-06-1,PSO15,PSO,SNG,TRUE
TAACTTCAGGTAACTA,PBMC-06-1,PSA12,PSA,SNG,TRUE
TAACTTCAGGTTGGTG,PBMC-06-1,PSA17,PSA,SNG,TRUE
TAACTTCAGTAGATCA,PBMC-06-1,PSO12,PSO,DBL,FALSE
TAACTTCCAACTTGGT,PBMC-06-1,PSA03,PSA,SNG,FALSE
TAACTTCCAAGGTCAG,PBMC-06-1,PSA07,PSA,AMB,FALSE
TAACTTCCAAGTATAG,PBMC-06-1,PSA02,PSA,DBL,FALSE
TAACTTCCAGAGGACT,PBMC-06-1,PSA02,PSA,SNG,TRUE
TAACTTCCAGCGTTGC,PBMC-06-1,PSA07,PSA,SNG,TRUE
TAACTTCCAGGACATG,PBMC-06-1,PSA07,PSA,DBL,FALSE
TAACTTCCATCCCACT,PBMC-06-1,PSA17,PSA,DBL,FALSE
TAACTTCGTCAAAGCG,PBMC-06-1,PSO16,PSO,DBL,FALSE
TAACTTCGTCGAATGG,PBMC-06-1,PSA02,PSA,SNG,TRUE
TAACTTCGTCGTCAGC,PBMC-06-1,PSA14,PSA,SNG,TRUE
TAACTTCGTTCCGCAG,PBMC-06-1,PSO15,PSO,SNG,TRUE
TAACTTCGTTGGGCCT,PBMC-06-1,PSA07,PSA,DBL,FALSE
TAACTTCTCCAGCTCT,PBMC-06-1,PSX04,PSX,SNG,TRUE
TAACTTCTCGAGAGAC,PBMC-06-1,PSA15,PSA,SNG,TRUE
TAACTTCTCGATTGGT,PBMC-06-1,PSO12,PSO,DBL,FALSE
TAAGCACAGAGGTCAC,PBMC-06-1,PSA14,PSA,SNG,TRUE
TAAGCACAGATAACGT,PBMC-06-1,PSX01,PSX,SNG,TRUE
TAAGCACAGCGACTGA,PBMC-06-1,PSA12,PSA,DBL,FALSE
TAAGCACAGGCACAAC,PBMC-06-1,PSA05,PSA,SNG,TRUE
TAAGCACAGGCACTAG,PBMC-06-1,PSA03,PSA,SNG,TRUE
TAAGCACAGGTCACCC,PBMC-06-1,PSA16,PSA,SNG,TRUE
TAAGCACAGTAATTGG,PBMC-06-1,PSO15,PSO,SNG,TRUE
TAAGCACCAAATAAGC,PBMC-06-1,PSA14,PSA,DBL,FALSE
TAAGCACCAGGTAGTG,PBMC-06-1,PSO13,PSO,SNG,TRUE
TAAGCACCATCTGGGC,PBMC-06-1,PSO13,PSO,SNG,TRUE
TAAGCACGTACGGTTT,PBMC-06-1,PSO12,PSO,SNG,TRUE
TAAGCACGTCTTTCTA,PBMC-06-1,PSA04,PSA,SNG,TRUE
TAAGCACGTGGCTGAA,PBMC-06-1,PSA13,PSA,SNG,TRUE
TAAGCACGTTAACAGA,PBMC-06-1,PSO15,PSO,SNG,TRUE
TAAGCACGTTATAGAG,PBMC-06-1,PSO15,PSO,AMB,FALSE
TAAGCACGTTCTGAGT,PBMC-06-1,PSO15,PSO,SNG,TRUE
TAAGCACTCGAAATCC,PBMC-06-1,PSA17,PSA,SNG,TRUE
TAAGCACTCGCTAGCG,PBMC-06-1,PSA15,PSA,SNG,TRUE
TAAGCACTCGGTGTAT,PBMC-06-1,PSO11,PSO,SNG,TRUE
TAAGCACTCTACCCAC,PBMC-06-1,PSO13,PSO,SNG,TRUE
TAAGCACTCTCATTTG,PBMC-06-1,PSA06,PSA,SNG,FALSE
TAAGCACTCTGCTAGA,PBMC-06-1,PSA14,PSA,SNG,TRUE
TAAGCCAAGATACAGT,PBMC-06-1,PSA16,PSA,SNG,TRUE
TAAGCCAAGCACGATG,PBMC-06-1,PSX04,PSX,SNG,FALSE
TAAGCCAAGCGTACAG,PBMC-06-1,PSA17,PSA,SNG,TRUE
TAAGCCAAGGCTCTAT,PBMC-06-1,PSA03,PSA,DBL,FALSE
TAAGCCAAGGTTCTAC,PBMC-06-1,PSA15,PSA,SNG,TRUE
TAAGCCAAGTTGTCGT,PBMC-06-1,PSA17,PSA,DBL,FALSE
TAAGCCACAACCAATC,PBMC-06-1,PSA14,PSA,SNG,FALSE
TAAGCCACACCAGACC,PBMC-06-1,PSX04,PSX,SNG,TRUE
TAAGCCACACCCTGTT,PBMC-06-1,PSO15,PSO,SNG,TRUE
TAAGCCACACTAACCA,PBMC-06-1,PSA07,PSA,DBL,FALSE
TAAGCCACATGTGCCG,PBMC-06-1,PSO12,PSO,SNG,FALSE
TAAGCCAGTACAGTCT,PBMC-06-1,PSA17,PSA,SNG,TRUE
TAAGCCAGTGAATTGA,PBMC-06-1,PSA12,PSA,AMB,FALSE
TAAGCCAGTTAGGGTG,PBMC-06-1,PSA17,PSA,SNG,TRUE
TAAGCCATCACTGGGC,PBMC-06-1,PSA07,PSA,SNG,TRUE
TAAGCCATCCGTGTAA,PBMC-06-1,PSO15,PSO,SNG,TRUE
TAAGCCATCGTGGCTG,PBMC-06-1,PSA14,PSA,DBL,FALSE
TAAGCCATCTAAGGAA,PBMC-06-1,PSA12,PSA,SNG,TRUE
TAAGCGTAGCAAATCA,PBMC-06-1,PSX01,PSX,SNG,TRUE
TAAGCGTAGCACAAAT,PBMC-06-1,PSO15,PSO,SNG,TRUE
TAAGCGTAGCAGTCTT,PBMC-06-1,PSA12,PSA,SNG,TRUE
TAAGCGTAGGTTCACT,PBMC-06-1,PSA07,PSA,SNG,FALSE
TAAGCGTAGTCATCGT,PBMC-06-1,PSO11,PSO,SNG,TRUE
TAAGCGTCAAATCAAG,PBMC-06-1,PSA07,PSA,SNG,TRUE
TAAGCGTCAATGGCAG,PBMC-06-1,PSX04,PSX,SNG,TRUE
TAAGCGTCAGGACAGT,PBMC-06-1,PSO12,PSO,SNG,FALSE
TAAGCGTGTACAATAG,PBMC-06-1,PSO11,PSO,DBL,FALSE
TAAGCGTGTCTACGTA,PBMC-06-1,PSA02,PSA,SNG,TRUE
TAAGCGTGTGCCGGTT,PBMC-06-1,PSA14,PSA,AMB,FALSE
TAAGCGTGTGGACTGA,PBMC-06-1,PSA06,PSA,DBL,FALSE
TAAGCGTGTTCCGCAG,PBMC-06-1,PSA04,PSA,DBL,FALSE
TAAGCGTTCGACGAGA,PBMC-06-1,PSA16,PSA,SNG,TRUE
TAAGCGTTCGAGAAGC,PBMC-06-1,PSA17,PSA,SNG,TRUE
TAAGCGTTCGATACAC,PBMC-06-1,PSO15,PSO,DBL,FALSE
TAAGCGTTCTGGTTGA,PBMC-06-1,PSA15,PSA,DBL,FALSE
TAAGTCGAGAGGTTAT,PBMC-06-1,PSA02,PSA,SNG,TRUE
TAAGTCGAGGTAGCAC,PBMC-06-1,PSA07,PSA,SNG,TRUE
TAAGTCGAGTAGACAT,PBMC-06-1,PSO15,PSO,SNG,TRUE
TAAGTCGCACAAGCAG,PBMC-06-1,PSA06,PSA,SNG,TRUE
TAAGTCGCACTCTAGA,PBMC-06-1,PSA06,PSA,SNG,TRUE
TAAGTCGCAGACTCTA,PBMC-06-1,PSA05,PSA,SNG,TRUE
TAAGTCGCAGATTTCG,PBMC-06-1,PSA16,PSA,SNG,TRUE
TAAGTCGCAGCGGTCT,PBMC-06-1,PSA03,PSA,SNG,TRUE
TAAGTCGCATATACCG,PBMC-06-1,PSX01,PSX,SNG,TRUE
TAAGTCGGTACTCGTA,PBMC-06-1,PSA02,PSA,SNG,TRUE
TAAGTCGGTATAGCTC,PBMC-06-1,PSA02,PSA,SNG,TRUE
TAAGTCGGTCACAGTT,PBMC-06-1,PSO12,PSO,SNG,TRUE
TAAGTCGGTGTTTCTT,PBMC-06-1,PSA16,PSA,SNG,TRUE
TAAGTCGGTTTAGAGA,PBMC-06-1,PSA07,PSA,DBL,FALSE
TAAGTCGTCAGAACCT,PBMC-06-1,PSX01,PSX,SNG,TRUE
TAAGTCGTCAGTGTGT,PBMC-06-1,PSA12,PSA,SNG,FALSE
TAAGTCGTCCATCTAT,PBMC-06-1,PSO15,PSO,SNG,TRUE
TAAGTCGTCCCTAGGG,PBMC-06-1,PSA14,PSA,SNG,FALSE
TAATCTCAGAATAACC,PBMC-06-1,PSA07,PSA,SNG,TRUE
TAATCTCAGCACTCCG,PBMC-06-1,PSA02,PSA,SNG,FALSE
TAATCTCAGCCAACCC,PBMC-06-1,PSA04,PSA,SNG,TRUE
TAATCTCAGCCTGAAG,PBMC-06-1,PSA03,PSA,SNG,TRUE
TAATCTCCAACGGCTC,PBMC-06-1,PSA13,PSA,SNG,TRUE
TAATCTCCAAGGCAAC,PBMC-06-1,PSX01,PSX,SNG,TRUE
TAATCTCCAAGTGGAC,PBMC-06-1,PSA13,PSA,DBL,FALSE
TAATCTCCACACGTGC,PBMC-06-1,PSA16,PSA,SNG,TRUE
TAATCTCCACCTGCTT,PBMC-06-1,PSA06,PSA,SNG,TRUE
TAATCTCCAGCGGTTC,PBMC-06-1,PSA02,PSA,SNG,TRUE
TAATCTCCAGGCGATA,PBMC-06-1,PSX04,PSX,SNG,TRUE
TAATCTCCAGTCGAGA,PBMC-06-1,PSA07,PSA,SNG,TRUE
TAATCTCGTACCGTCG,PBMC-06-1,PSA15,PSA,SNG,TRUE
TAATCTCGTACTAACC,PBMC-06-1,PSA16,PSA,SNG,TRUE
TAATCTCGTAGCTGTT,PBMC-06-1,PSO14,PSO,DBL,FALSE
TAATCTCGTGCTGTCG,PBMC-06-1,PSA07,PSA,SNG,TRUE
TAATCTCTCAATCGGT,PBMC-06-1,PSA02,PSA,SNG,FALSE
TAATCTCTCTCCTGCA,PBMC-06-1,PSO15,PSO,SNG,TRUE
TAATCTCTCTTCCCGA,PBMC-06-1,PSA07,PSA,SNG,TRUE
TAATTCCAGACCATAA,PBMC-06-1,PSX04,PSX,SNG,TRUE
TAATTCCAGACTCTTG,PBMC-06-1,PSX01,PSX,SNG,TRUE
TAATTCCAGCAGCCTC,PBMC-06-1,PSA13,PSA,DBL,FALSE
TAATTCCAGCTAGAGC,PBMC-06-1,PSA07,PSA,DBL,FALSE
TAATTCCAGGCAGTCA,PBMC-06-1,PSO15,PSO,SNG,TRUE
TAATTCCAGGCCACTC,PBMC-06-1,PSA07,PSA,DBL,FALSE
TAATTCCAGGCGCTCT,PBMC-06-1,PSA14,PSA,SNG,FALSE
TAATTCCAGGCTCTCG,PBMC-06-1,PSA13,PSA,SNG,TRUE
TAATTCCAGTCTCTGA,PBMC-06-1,PSX01,PSX,SNG,TRUE
TAATTCCAGTTGTAGA,PBMC-06-1,PSX01,PSX,SNG,TRUE
TAATTCCCAAGGTACG,PBMC-06-1,PSO12,PSO,DBL,FALSE
TAATTCCCAATACCCA,PBMC-06-1,PSO14,PSO,SNG,TRUE
TAATTCCCACGCAGTC,PBMC-06-1,PSA14,PSA,SNG,TRUE
TAATTCCCAGACCGCT,PBMC-06-1,PSA07,PSA,DBL,FALSE
TAATTCCCAGGACTTT,PBMC-06-1,PSA02,PSA,SNG,TRUE
TAATTCCCAGGCGATA,PBMC-06-1,PSA02,PSA,SNG,TRUE
TAATTCCCAGTCGGTC,PBMC-06-1,PSA14,PSA,SNG,TRUE
TAATTCCGTCGCATGC,PBMC-06-1,PSX01,PSX,DBL,FALSE
TAATTCCGTGCACGCT,PBMC-06-1,PSA07,PSA,SNG,TRUE
TAATTCCGTGTCATGT,PBMC-06-1,PSA15,PSA,SNG,TRUE
TAATTCCGTTAACCTG,PBMC-06-1,PSA17,PSA,SNG,TRUE
TAATTCCTCACCGACG,PBMC-06-1,PSO12,PSO,SNG,TRUE
TAATTCCTCATTACGG,PBMC-06-1,PSA17,PSA,SNG,TRUE
TAATTCCTCGTGGTAT,PBMC-06-1,PSA17,PSA,DBL,FALSE
TAATTCCTCTCGCAGG,PBMC-06-1,PSA17,PSA,AMB,FALSE
TAATTCCTCTTCGCTG,PBMC-06-1,PSA05,PSA,SNG,TRUE
TACAACGAGAACCGCA,PBMC-06-1,PSA02,PSA,SNG,TRUE
TACAACGAGCTGGAGT,PBMC-06-1,PSA06,PSA,SNG,FALSE
TACAACGAGGACAGTC,PBMC-06-1,PSO15,PSO,SNG,TRUE
TACAACGAGGCCACCT,PBMC-06-1,PSA12,PSA,SNG,TRUE
TACAACGCAGTCCCGA,PBMC-06-1,PSX01,PSX,SNG,TRUE
TACAACGGTAATACCC,PBMC-06-1,PSA16,PSA,SNG,TRUE
TACAACGGTAATTGGA,PBMC-06-1,PSA05,PSA,SNG,TRUE
TACAACGGTATTTCGG,PBMC-06-1,PSX01,PSX,SNG,FALSE
TACAACGGTGAGTGAC,PBMC-06-1,PSA07,PSA,DBL,FALSE
TACAACGGTTATCTTC,PBMC-06-1,PSA14,PSA,SNG,TRUE
TACAACGTCATAGGCT,PBMC-06-1,PSA17,PSA,SNG,TRUE
TACACCCAGCCTTTGA,PBMC-06-1,PSX04,PSX,SNG,TRUE
TACACCCAGCTGAGTG,PBMC-06-1,PSA04,PSA,SNG,TRUE
TACACCCCAAATAGCA,PBMC-06-1,PSA16,PSA,DBL,FALSE
TACACCCCAAGCGCTC,PBMC-06-1,PSA07,PSA,SNG,FALSE
TACACCCCACTGGCGT,PBMC-06-1,PSO15,PSO,SNG,TRUE
TACACCCCAGAGCTAG,PBMC-06-1,PSA14,PSA,SNG,TRUE
TACACCCCATAGAAAC,PBMC-06-1,PSA16,PSA,SNG,FALSE
TACACCCGTACGATCT,PBMC-06-1,PSO14,PSO,DBL,FALSE
TACACCCGTAGTTCCA,PBMC-06-1,PSA14,PSA,SNG,TRUE
TACACCCGTCATAACC,PBMC-06-1,PSO12,PSO,SNG,TRUE
TACACCCGTCCGGTGT,PBMC-06-1,PSA07,PSA,SNG,TRUE
TACACCCGTCTGATCA,PBMC-06-1,PSA14,PSA,SNG,FALSE
TACACCCGTGAACCGA,PBMC-06-1,PSA15,PSA,SNG,TRUE
TACACCCGTTCAATCG,PBMC-06-1,PSA05,PSA,AMB,FALSE
TACACCCTCAATCTCT,PBMC-06-1,PSO14,PSO,SNG,TRUE
TACACCCTCACCTCGT,PBMC-06-1,PSA17,PSA,AMB,FALSE
TACACCCTCACTGTTT,PBMC-06-1,PSA03,PSA,SNG,TRUE
TACACCCTCTCTGCCA,PBMC-06-1,PSA12,PSA,SNG,TRUE
TACAGGTAGAACGTGC,PBMC-06-1,PSO12,PSO,SNG,TRUE
TACAGGTAGCTCCACG,PBMC-06-1,PSA16,PSA,SNG,TRUE
TACAGGTAGTCGAGGT,PBMC-06-1,PSA02,PSA,SNG,TRUE
TACAGGTAGTTCCATG,PBMC-06-1,PSA05,PSA,SNG,FALSE
TACAGGTCACGATAGG,PBMC-06-1,PSA13,PSA,DBL,FALSE
TACAGGTCAGTCGTTA,PBMC-06-1,PSX04,PSX,SNG,TRUE
TACAGGTCAGTCTTCC,PBMC-06-1,PSA06,PSA,SNG,TRUE
TACAGGTCATCGTTCC,PBMC-06-1,PSA14,PSA,SNG,TRUE
TACAGGTCATTAGGCT,PBMC-06-1,PSO12,PSO,SNG,FALSE
TACAGGTGTAACACGG,PBMC-06-1,PSO15,PSO,SNG,TRUE
TACAGGTGTAGAGATT,PBMC-06-1,PSA17,PSA,SNG,FALSE
TACAGGTGTAGTTAGA,PBMC-06-1,PSO15,PSO,SNG,TRUE
TACAGGTGTCAAGCGA,PBMC-06-1,PSA13,PSA,DBL,FALSE
TACAGGTGTCATAAAG,PBMC-06-1,PSO13,PSO,SNG,FALSE
TACAGGTGTGAGATCG,PBMC-06-1,PSA03,PSA,SNG,FALSE
TACAGGTTCCCATACC,PBMC-06-1,PSX04,PSX,SNG,TRUE
TACAGGTTCGACGCTG,PBMC-06-1,PSA06,PSA,SNG,TRUE
TACAGGTTCGATCCCT,PBMC-06-1,PSO16,PSO,SNG,TRUE
TACAGGTTCTCGGTAA,PBMC-06-1,PSX04,PSX,SNG,TRUE
TACATTCAGAATCGCG,PBMC-06-1,PSX01,PSX,SNG,TRUE
TACATTCAGACGCCAA,PBMC-06-1,PSA02,PSA,SNG,TRUE
TACATTCAGCCGGAAT,PBMC-06-1,PSX04,PSX,SNG,TRUE
TACATTCAGCTAGAAT,PBMC-06-1,PSA13,PSA,SNG,TRUE
TACATTCAGCTCGCAC,PBMC-06-1,PSA14,PSA,SNG,TRUE
TACATTCAGGTGATCG,PBMC-06-1,PSA06,PSA,SNG,TRUE
TACATTCAGTTGCTGT,PBMC-06-1,PSX01,PSX,SNG,TRUE
TACATTCAGTTGGCGA,PBMC-06-1,PSA17,PSA,SNG,TRUE
TACATTCCACAGCATT,PBMC-06-1,PSO16,PSO,SNG,TRUE
TACATTCGTAGCGAGT,PBMC-06-1,PSA07,PSA,DBL,FALSE
TACATTCGTCTGTGCG,PBMC-06-1,PSO15,PSO,SNG,TRUE
TACATTCGTGACTATC,PBMC-06-1,PSA14,PSA,SNG,TRUE
TACATTCGTGTAAACA,PBMC-06-1,PSA07,PSA,SNG,TRUE
TACATTCTCCTAGCGG,PBMC-06-1,PSX01,PSX,SNG,TRUE
TACATTCTCCTCTCGA,PBMC-06-1,PSA05,PSA,SNG,FALSE
TACATTCTCGCTTACC,PBMC-06-1,PSO15,PSO,SNG,TRUE
TACCCACAGAGAGCAA,PBMC-06-1,PSA07,PSA,SNG,FALSE
TACCCACAGCATCAGG,PBMC-06-1,PSO15,PSO,SNG,TRUE
TACCCACAGTGAGTGC,PBMC-06-1,PSA15,PSA,SNG,TRUE
TACCCACAGTGGTGGT,PBMC-06-1,PSO15,PSO,SNG,TRUE
TACCCACAGTTCTACG,PBMC-06-1,PSO11,PSO,AMB,FALSE
TACCCACCAACGGCTC,PBMC-06-1,PSA13,PSA,SNG,TRUE
TACCCACCAAGAGAGA,PBMC-06-1,PSA02,PSA,SNG,TRUE
TACCCACCAGCACAGA,PBMC-06-1,PSA13,PSA,SNG,TRUE
TACCCACCAGGACGAT,PBMC-06-1,PSA12,PSA,DBL,FALSE
TACCCACCAGGTTCAT,PBMC-06-1,PSA12,PSA,SNG,TRUE
TACCCACCAGTAGAGC,PBMC-06-1,PSO14,PSO,SNG,TRUE
TACCCACCATCGAAGG,PBMC-06-1,PSX01,PSX,SNG,TRUE
TACCCACCATGACGGA,PBMC-06-1,PSA17,PSA,SNG,TRUE
TACCCACCATTGTGCA,PBMC-06-1,PSA06,PSA,SNG,TRUE
TACCCACGTAGAGATT,PBMC-06-1,PSO12,PSO,SNG,TRUE
TACCCACGTATCCTCC,PBMC-06-1,PSX01,PSX,SNG,TRUE
TACCCACGTCCTGTTC,PBMC-06-1,PSA07,PSA,DBL,FALSE
TACCCACGTCTTACTT,PBMC-06-1,PSO13,PSO,DBL,FALSE
TACCCACGTGAGATCG,PBMC-06-1,PSX01,PSX,SNG,TRUE
TACCCACGTGCTTATG,PBMC-06-1,PSA17,PSA,SNG,TRUE
TACCCACGTGGTTTAC,PBMC-06-1,PSA14,PSA,SNG,TRUE
TACCCACGTGGTTTGT,PBMC-06-1,PSA07,PSA,SNG,TRUE
TACCCACGTGTTGCCG,PBMC-06-1,PSX04,PSX,SNG,TRUE
TACCCACGTTGCTAGT,PBMC-06-1,PSA07,PSA,SNG,TRUE
TACCCACTCCGTGGCA,PBMC-06-1,PSO15,PSO,AMB,FALSE
TACCCACTCGGAACTT,PBMC-06-1,PSA07,PSA,AMB,FALSE
TACCCGTAGCTAGCCC,PBMC-06-1,PSA07,PSA,SNG,TRUE
TACCCGTAGTAAGCAT,PBMC-06-1,PSO15,PSO,SNG,TRUE
TACCCGTAGTCGCCAC,PBMC-06-1,PSA16,PSA,SNG,TRUE
TACCCGTAGTTCCGGC,PBMC-06-1,PSO12,PSO,SNG,TRUE
TACCCGTCAAGTCGTT,PBMC-06-1,PSO11,PSO,SNG,FALSE
TACCCGTCACTGTGAT,PBMC-06-1,PSX01,PSX,SNG,TRUE
TACCCGTCAGTATGAA,PBMC-06-1,PSO12,PSO,SNG,TRUE
TACCCGTCAGTTAGGG,PBMC-06-1,PSO11,PSO,SNG,TRUE
TACCCGTCATAAGCGG,PBMC-06-1,PSO12,PSO,SNG,TRUE
TACCCGTCATGGGCAA,PBMC-06-1,PSO13,PSO,AMB,FALSE
TACCCGTGTCATCGGC,PBMC-06-1,PSO15,PSO,SNG,FALSE
TACCCGTGTCTCAGAT,PBMC-06-1,PSA05,PSA,DBL,FALSE
TACCCGTGTCTGCGCA,PBMC-06-1,PSO11,PSO,SNG,TRUE
TACCCGTGTCTTGCTC,PBMC-06-1,PSA02,PSA,SNG,TRUE
TACCCGTGTGACTATC,PBMC-06-1,PSO15,PSO,SNG,TRUE
TACCCGTGTGCGTCGT,PBMC-06-1,PSA16,PSA,SNG,TRUE
TACCCGTGTGGATTTC,PBMC-06-1,PSA07,PSA,SNG,TRUE
TACCCGTTCAACCGAT,PBMC-06-1,PSA07,PSA,DBL,FALSE
TACCCGTTCACTGCTC,PBMC-06-1,PSA02,PSA,SNG,TRUE
TACCCGTTCGGTCAGC,PBMC-06-1,PSA07,PSA,SNG,TRUE
TACCCGTTCGTTATCT,PBMC-06-1,PSA17,PSA,DBL,FALSE
TACCGAAAGCTATCCA,PBMC-06-1,PSA04,PSA,SNG,TRUE
TACCGAAAGGACCCAA,PBMC-06-1,PSA05,PSA,SNG,TRUE
TACCGAAAGGATATGT,PBMC-06-1,PSA03,PSA,DBL,FALSE
TACCGAACAAGGCAAC,PBMC-06-1,PSA17,PSA,SNG,TRUE
TACCGAACAATACGAA,PBMC-06-1,PSA07,PSA,SNG,TRUE
TACCGAACACGCGCTA,PBMC-06-1,PSX01,PSX,SNG,TRUE
TACCGAACAGTTTCGA,PBMC-06-1,PSO12,PSO,DBL,FALSE
TACCGAAGTACTCCCT,PBMC-06-1,PSA13,PSA,SNG,TRUE
TACCGAAGTCCGGTGT,PBMC-06-1,PSX04,PSX,SNG,TRUE
TACCGAAGTCTGCAAT,PBMC-06-1,PSX01,PSX,SNG,TRUE
TACCGAATCCATCACC,PBMC-06-1,PSA06,PSA,SNG,TRUE
TACCGAATCCATTGGA,PBMC-06-1,PSA15,PSA,SNG,TRUE
TACCGAATCCTACCGT,PBMC-06-1,PSX04,PSX,SNG,TRUE
TACCGAATCGACGACC,PBMC-06-1,PSA05,PSA,DBL,FALSE
TACCGAATCGGTTAGT,PBMC-06-1,PSA14,PSA,SNG,TRUE
TACCGAATCTCGCTCA,PBMC-06-1,PSA16,PSA,SNG,TRUE
TACCGGGAGATTTGCC,PBMC-06-1,PSA07,PSA,SNG,TRUE
TACCGGGAGGTCGACA,PBMC-06-1,PSA07,PSA,SNG,TRUE
TACCGGGCAAACGGCA,PBMC-06-1,PSA06,PSA,SNG,TRUE
TACCGGGCAAATGAGT,PBMC-06-1,PSA02,PSA,SNG,TRUE
TACCGGGCAACTACGT,PBMC-06-1,PSA07,PSA,SNG,FALSE
TACCGGGCAAGAAACT,PBMC-06-1,PSX04,PSX,DBL,FALSE
TACCGGGCAAGGCAAC,PBMC-06-1,PSA14,PSA,SNG,TRUE
TACCGGGCAAGTGATA,PBMC-06-1,PSA14,PSA,SNG,TRUE
TACCGGGCACGGTAGA,PBMC-06-1,PSA02,PSA,SNG,TRUE
TACCGGGCATGCGTGC,PBMC-06-1,PSA05,PSA,SNG,FALSE
TACCGGGCATGGCTGC,PBMC-06-1,PSO11,PSO,SNG,TRUE
TACCGGGGTAGTTACC,PBMC-06-1,PSA07,PSA,SNG,FALSE
TACCGGGGTCAAGTTC,PBMC-06-1,PSA06,PSA,DBL,FALSE
TACCGGGGTCATAAAG,PBMC-06-1,PSA15,PSA,AMB,FALSE
TACCGGGGTCTTGAGT,PBMC-06-1,PSO11,PSO,DBL,FALSE
TACCGGGGTCTTTCAT,PBMC-06-1,PSA05,PSA,SNG,TRUE
TACCGGGGTGATACTC,PBMC-06-1,PSA15,PSA,SNG,TRUE
TACCGGGGTTAGAAGT,PBMC-06-1,PSO13,PSO,DBL,FALSE
TACCGGGTCAGGAGAC,PBMC-06-1,PSA13,PSA,DBL,FALSE
TACCGGGTCCATTCGC,PBMC-06-1,PSX04,PSX,SNG,TRUE
TACCGGGTCCTGCCAT,PBMC-06-1,PSA16,PSA,SNG,TRUE
TACCGGGTCGAATCCA,PBMC-06-1,PSA06,PSA,SNG,TRUE
TACCGGGTCGCATAGT,PBMC-06-1,PSA05,PSA,DBL,FALSE
TACCGGGTCTTACCAT,PBMC-06-1,PSO15,PSO,SNG,FALSE
TACCTCGAGACTCGAG,PBMC-06-1,PSA02,PSA,SNG,TRUE
TACCTCGAGATCCCGC,PBMC-06-1,PSX04,PSX,DBL,FALSE
TACCTCGAGATGAACT,PBMC-06-1,PSA15,PSA,AMB,FALSE
TACCTCGAGCAATTCC,PBMC-06-1,PSA12,PSA,SNG,FALSE
TACCTCGAGGAATTAC,PBMC-06-1,PSX01,PSX,SNG,TRUE
TACCTCGAGGGTCAAC,PBMC-06-1,PSO16,PSO,DBL,FALSE
TACCTCGCAACGACAG,PBMC-06-1,PSA06,PSA,SNG,TRUE
TACCTCGCAGAGGTAC,PBMC-06-1,PSO15,PSO,SNG,FALSE
TACCTCGCAGCTCCTT,PBMC-06-1,PSA12,PSA,SNG,TRUE
TACCTCGCAGCTGTTA,PBMC-06-1,PSO15,PSO,SNG,FALSE
TACCTCGCATACAGCT,PBMC-06-1,PSA15,PSA,SNG,TRUE
TACCTCGCATACCGTA,PBMC-06-1,PSA12,PSA,SNG,TRUE
TACCTCGCATCACGGC,PBMC-06-1,PSA12,PSA,SNG,TRUE
TACCTCGCATGAATAG,PBMC-06-1,PSA05,PSA,SNG,TRUE
TACCTCGCATTCAGGT,PBMC-06-1,PSA17,PSA,SNG,TRUE
TACCTCGCATTGGGAG,PBMC-06-1,PSA16,PSA,SNG,TRUE
TACCTCGGTAATACCC,PBMC-06-1,PSA04,PSA,SNG,TRUE
TACCTCGGTCGACGCT,PBMC-06-1,PSO13,PSO,SNG,TRUE
TACCTCGGTGCCGTAC,PBMC-06-1,PSA04,PSA,SNG,TRUE
TACCTCGGTGTCCACG,PBMC-06-1,PSA12,PSA,SNG,FALSE
TACCTCGGTTAACCTG,PBMC-06-1,PSA13,PSA,DBL,FALSE
TACCTCGGTTAGGCTT,PBMC-06-1,PSA17,PSA,SNG,TRUE
TACCTCGGTTCAGCGC,PBMC-06-1,PSX04,PSX,SNG,TRUE
TACCTCGGTTCGCGTG,PBMC-06-1,PSA07,PSA,SNG,FALSE
TACCTCGTCAACTTTC,PBMC-06-1,PSO15,PSO,SNG,TRUE
TACCTCGTCACTGTCC,PBMC-06-1,PSA12,PSA,SNG,TRUE
TACCTCGTCCAGCAAT,PBMC-06-1,PSX04,PSX,SNG,TRUE
TACCTCGTCCGGACTG,PBMC-06-1,PSA06,PSA,SNG,TRUE
TACCTCGTCCTTATGT,PBMC-06-1,PSX01,PSX,SNG,TRUE
TACCTCGTCTCATTAC,PBMC-06-1,PSA15,PSA,SNG,TRUE
TACCTGCAGCGATCGA,PBMC-06-1,PSA02,PSA,SNG,FALSE
TACCTGCAGGATATGT,PBMC-06-1,PSX01,PSX,SNG,TRUE
TACCTGCAGGCTAAAT,PBMC-06-1,PSX01,PSX,SNG,TRUE
TACCTGCAGGTCATAA,PBMC-06-1,PSO15,PSO,SNG,TRUE
TACCTGCAGTAAGAGG,PBMC-06-1,PSA16,PSA,SNG,TRUE
TACCTGCAGTGCACTT,PBMC-06-1,PSA06,PSA,SNG,TRUE
TACCTGCAGTGTAGTA,PBMC-06-1,PSA15,PSA,DBL,FALSE
TACCTGCCAAATGCGG,PBMC-06-1,PSA03,PSA,SNG,TRUE
TACCTGCCAAGAAACT,PBMC-06-1,PSA02,PSA,DBL,FALSE
TACCTGCCACAAACGG,PBMC-06-1,PSA02,PSA,SNG,TRUE
TACCTGCCACATTCTT,PBMC-06-1,PSA02,PSA,SNG,TRUE
TACCTGCCACCATAAC,PBMC-06-1,PSA12,PSA,SNG,TRUE
TACCTGCCACCCTCTA,PBMC-06-1,PSA07,PSA,SNG,FALSE
TACCTGCCAGACCAGA,PBMC-06-1,PSA06,PSA,SNG,TRUE
TACCTGCCAGAGATGC,PBMC-06-1,PSA14,PSA,SNG,TRUE
TACCTGCCAGTGCCTG,PBMC-06-1,PSO15,PSO,SNG,TRUE
TACCTGCCATTGGGAG,PBMC-06-1,PSO11,PSO,SNG,TRUE
TACCTGCGTACATACC,PBMC-06-1,PSA05,PSA,SNG,TRUE
TACCTGCGTCAGACTT,PBMC-06-1,PSO16,PSO,SNG,TRUE
TACCTGCGTCTCAAGT,PBMC-06-1,PSX04,PSX,SNG,TRUE
TACCTGCGTTGGACTT,PBMC-06-1,PSX04,PSX,DBL,FALSE
TACCTGCTCACGAACT,PBMC-06-1,PSO12,PSO,SNG,TRUE
TACCTGCTCACTCCGT,PBMC-06-1,PSO14,PSO,SNG,TRUE
TACCTGCTCCGTTGGG,PBMC-06-1,PSX04,PSX,SNG,TRUE
TACCTGCTCGGATTAC,PBMC-06-1,PSX01,PSX,DBL,FALSE
TACCTGCTCTCCACTG,PBMC-06-1,PSA02,PSA,SNG,TRUE
TACCTGCTCTCTAAGG,PBMC-06-1,PSA05,PSA,SNG,TRUE
TACGCTCAGCATCAAA,PBMC-06-1,PSA04,PSA,SNG,TRUE
TACGCTCAGTGTCATC,PBMC-06-1,PSA07,PSA,SNG,TRUE
TACGCTCCAACTGATC,PBMC-06-1,PSA07,PSA,SNG,TRUE
TACGCTCCAAGAGTGC,PBMC-06-1,PSX01,PSX,SNG,TRUE
TACGCTCCATTGAAGA,PBMC-06-1,PSO13,PSO,SNG,TRUE
TACGCTCGTAAGCGGT,PBMC-06-1,PSA16,PSA,SNG,TRUE
TACGCTCGTGGGATTG,PBMC-06-1,PSA17,PSA,SNG,TRUE
TACGCTCGTGTTGACT,PBMC-06-1,PSA14,PSA,SNG,TRUE
TACGCTCGTTGGAGAC,PBMC-06-1,PSA15,PSA,SNG,TRUE
TACGCTCTCATCGGGC,PBMC-06-1,PSA07,PSA,SNG,TRUE
TACGCTCTCCACCCTA,PBMC-06-1,PSA17,PSA,SNG,TRUE
TACGCTCTCTTGGGCG,PBMC-06-1,PSA17,PSA,SNG,TRUE
TACGGGCAGAGGCCAT,PBMC-06-1,PSA03,PSA,SNG,TRUE
TACGGGCAGCCAAGCA,PBMC-06-1,PSA12,PSA,DBL,FALSE
TACGGGCAGGAGATAG,PBMC-06-1,PSA12,PSA,SNG,TRUE
TACGGGCAGTCCCGGT,PBMC-06-1,PSA07,PSA,SNG,TRUE
TACGGGCCAACCACGC,PBMC-06-1,PSA05,PSA,SNG,TRUE
TACGGGCCATGGAGAC,PBMC-06-1,PSX01,PSX,SNG,TRUE
TACGGGCGTACCACGC,PBMC-06-1,PSA02,PSA,SNG,TRUE
TACGGGCGTACCCGAC,PBMC-06-1,PSA17,PSA,SNG,TRUE
TACGGGCGTTCGAAGG,PBMC-06-1,PSA15,PSA,SNG,TRUE
TACGGGCGTTCTCAGA,PBMC-06-1,PSA12,PSA,SNG,TRUE
TACGGGCTCCGAACGC,PBMC-06-1,PSO12,PSO,SNG,TRUE
TACGGGCTCCTTCAGC,PBMC-06-1,PSA13,PSA,SNG,TRUE
TACGGGCTCCTTTAGT,PBMC-06-1,PSA14,PSA,SNG,TRUE
TACGGGCTCTGGTTGA,PBMC-06-1,PSA03,PSA,SNG,FALSE
TACGGTAAGAACAAGG,PBMC-06-1,PSA02,PSA,DBL,FALSE
TACGGTAAGACTACGG,PBMC-06-1,PSO15,PSO,SNG,TRUE
TACGGTAAGGCTCCCA,PBMC-06-1,PSO11,PSO,DBL,FALSE
TACGGTAAGGTACATA,PBMC-06-1,PSO14,PSO,DBL,FALSE
TACGGTAAGTAAGGGA,PBMC-06-1,PSA17,PSA,SNG,TRUE
TACGGTAAGTATAGAC,PBMC-06-1,PSO12,PSO,SNG,FALSE
TACGGTACAACTGGTT,PBMC-06-1,PSO12,PSO,SNG,TRUE
TACGGTACAAGTATAG,PBMC-06-1,PSO16,PSO,SNG,TRUE
TACGGTACAATCGCGC,PBMC-06-1,PSA13,PSA,DBL,FALSE
TACGGTACACCCTGTT,PBMC-06-1,PSA05,PSA,SNG,TRUE
TACGGTACACGGTGCT,PBMC-06-1,PSA16,PSA,SNG,FALSE
TACGGTACACTGTGTA,PBMC-06-1,PSA17,PSA,SNG,TRUE
TACGGTACATCCAACA,PBMC-06-1,PSX01,PSX,SNG,TRUE
TACGGTACATGGAAGC,PBMC-06-1,PSO13,PSO,SNG,FALSE
TACGGTAGTAACATAG,PBMC-06-1,PSA03,PSA,SNG,TRUE
TACGGTAGTACGACTT,PBMC-06-1,PSX01,PSX,SNG,TRUE
TACGGTAGTCAAATCC,PBMC-06-1,PSX01,PSX,DBL,FALSE
TACGGTAGTCTGTAGT,PBMC-06-1,PSA12,PSA,SNG,TRUE
TACGGTATCACTGATG,PBMC-06-1,PSA06,PSA,SNG,TRUE
TACGGTATCATTCATC,PBMC-06-1,PSO16,PSO,SNG,TRUE
TACGGTATCTCGGTAA,PBMC-06-1,PSO14,PSO,SNG,FALSE
TACGGTATCTGTAACG,PBMC-06-1,PSA07,PSA,SNG,TRUE
TACGTCCAGAGACAAG,PBMC-06-1,PSO15,PSO,DBL,FALSE
TACGTCCAGGCTCAAG,PBMC-06-1,PSX04,PSX,SNG,TRUE
TACGTCCAGGCTTAAA,PBMC-06-1,PSA17,PSA,SNG,TRUE
TACGTCCAGGCTTTCA,PBMC-06-1,PSX01,PSX,SNG,TRUE
TACGTCCAGTGACACG,PBMC-06-1,PSA02,PSA,SNG,TRUE
TACGTCCCAACGCATT,PBMC-06-1,PSX01,PSX,DBL,FALSE
TACGTCCCAATGAGCG,PBMC-06-1,PSA15,PSA,SNG,FALSE
TACGTCCCACAAGCCC,PBMC-06-1,PSA15,PSA,SNG,TRUE
TACGTCCCACTACTTT,PBMC-06-1,PSA06,PSA,SNG,TRUE
TACGTCCCAGCTTCGG,PBMC-06-1,PSA03,PSA,SNG,FALSE
TACGTCCCAGTCTGGC,PBMC-06-1,PSO15,PSO,SNG,TRUE
TACGTCCCATATGGCT,PBMC-06-1,PSO15,PSO,SNG,FALSE
TACGTCCGTATAGCTC,PBMC-06-1,PSO13,PSO,SNG,TRUE
TACGTCCGTCAACATC,PBMC-06-1,PSA06,PSA,SNG,TRUE
TACGTCCGTTGGGAAC,PBMC-06-1,PSA07,PSA,SNG,FALSE
TACGTCCTCACGATAC,PBMC-06-1,PSA15,PSA,SNG,TRUE
TACGTCCTCACGATCA,PBMC-06-1,PSO12,PSO,SNG,TRUE
TACGTCCTCAGTCCGG,PBMC-06-1,PSO12,PSO,SNG,FALSE
TACGTCCTCGAAGGAC,PBMC-06-1,PSA15,PSA,SNG,TRUE
TACGTCCTCGACCATA,PBMC-06-1,PSA17,PSA,DBL,FALSE
TACGTCCTCGGCTTGG,PBMC-06-1,PSA15,PSA,SNG,FALSE
TACGTCCTCGTCAACA,PBMC-06-1,PSA16,PSA,SNG,TRUE
TACGTCCTCGTTATCT,PBMC-06-1,PSO15,PSO,SNG,TRUE
TACGTCCTCGTTGTAG,PBMC-06-1,PSO13,PSO,SNG,TRUE
TACGTCCTCTGTTCAT,PBMC-06-1,PSA13,PSA,DBL,FALSE
TACTGCCAGCTCCGAC,PBMC-06-1,PSA07,PSA,SNG,FALSE
TACTGCCCAAATCGTC,PBMC-06-1,PSA17,PSA,SNG,TRUE
TACTGCCCAACGACTT,PBMC-06-1,PSA17,PSA,SNG,TRUE
TACTGCCCAAGGCAAC,PBMC-06-1,PSA15,PSA,SNG,TRUE
TACTGCCCACATTCGA,PBMC-06-1,PSA05,PSA,SNG,TRUE
TACTGCCCACGCTTAA,PBMC-06-1,PSA12,PSA,DBL,FALSE
TACTGCCCATTGTACG,PBMC-06-1,PSA05,PSA,SNG,TRUE
TACTGCCGTCATCCGG,PBMC-06-1,PSA03,PSA,SNG,TRUE
TACTGCCGTCTTCTAT,PBMC-06-1,PSO15,PSO,SNG,TRUE
TACTGCCGTGGAACAC,PBMC-06-1,PSA05,PSA,SNG,TRUE
TACTGCCGTTAATGAG,PBMC-06-1,PSX01,PSX,SNG,TRUE
TACTGCCGTTCCACAA,PBMC-06-1,PSA12,PSA,SNG,TRUE
TACTGCCTCATTTGGG,PBMC-06-1,PSA05,PSA,SNG,TRUE
TACTTACAGCACCGTC,PBMC-06-1,PSA14,PSA,SNG,TRUE
TACTTACAGCTAGATA,PBMC-06-1,PSO12,PSO,SNG,FALSE
TACTTACAGGTGATCG,PBMC-06-1,PSA04,PSA,SNG,TRUE
TACTTACAGTTCATGC,PBMC-06-1,PSA07,PSA,DBL,FALSE
TACTTACCAAATACGA,PBMC-06-1,PSA03,PSA,SNG,TRUE
TACTTACCAAGATGGC,PBMC-06-1,PSO12,PSO,SNG,FALSE
TACTTACCAAGTGATA,PBMC-06-1,PSA07,PSA,SNG,FALSE
TACTTACCAGCACAGA,PBMC-06-1,PSA02,PSA,AMB,FALSE
TACTTACCATTCTGTT,PBMC-06-1,PSX04,PSX,SNG,TRUE
TACTTACGTCGTATTG,PBMC-06-1,PSO14,PSO,SNG,TRUE
TACTTACGTTTAGACC,PBMC-06-1,PSX04,PSX,SNG,FALSE
TACTTACTCACTACGA,PBMC-06-1,PSX01,PSX,SNG,TRUE
TACTTACTCCCGAATA,PBMC-06-1,PSA04,PSA,SNG,FALSE
TACTTACTCTTTCTAG,PBMC-06-1,PSA17,PSA,SNG,TRUE
TACTTCACAAATGAGT,PBMC-06-1,PSA03,PSA,SNG,FALSE
TACTTCACACGTACAT,PBMC-06-1,PSA07,PSA,DBL,FALSE
TACTTCACAGACCATT,PBMC-06-1,PSA14,PSA,DBL,FALSE
TACTTCACAGAGGACT,PBMC-06-1,PSX01,PSX,SNG,TRUE
TACTTCAGTCCACATA,PBMC-06-1,PSX04,PSX,SNG,TRUE
TACTTCAGTCCGGTGT,PBMC-06-1,PSO11,PSO,SNG,TRUE
TACTTCAGTCGAATGG,PBMC-06-1,PSO16,PSO,SNG,TRUE
TACTTCAGTGTTAAAG,PBMC-06-1,PSX04,PSX,DBL,FALSE
TACTTCAGTTCAAGTC,PBMC-06-1,PSX04,PSX,SNG,FALSE
TACTTCAGTTCCAGGC,PBMC-06-1,PSO16,PSO,SNG,TRUE
TACTTGTAGAATAGTC,PBMC-06-1,PSO12,PSO,SNG,TRUE
TACTTGTAGACGGAAA,PBMC-06-1,PSA14,PSA,SNG,FALSE
TACTTGTAGATCACTC,PBMC-06-1,PSA17,PSA,SNG,TRUE
TACTTGTAGGACTTCT,PBMC-06-1,PSA03,PSA,SNG,TRUE
TACTTGTAGTCGAAAT,PBMC-06-1,PSX04,PSX,DBL,FALSE
TACTTGTAGTCGTCTA,PBMC-06-1,PSX01,PSX,SNG,TRUE
TACTTGTCAAGGTCAG,PBMC-06-1,PSA05,PSA,SNG,TRUE
TACTTGTCACGTTCGG,PBMC-06-1,PSX04,PSX,DBL,FALSE
TACTTGTCACTGGATT,PBMC-06-1,PSA17,PSA,SNG,TRUE
TACTTGTCACTGTCGG,PBMC-06-1,PSA17,PSA,SNG,FALSE
TACTTGTCAGGATCTT,PBMC-06-1,PSA07,PSA,AMB,FALSE
TACTTGTGTATTCCGA,PBMC-06-1,PSX01,PSX,DBL,FALSE
TACTTGTGTCGAACGA,PBMC-06-1,PSA13,PSA,SNG,FALSE
TACTTGTGTGGCCTCA,PBMC-06-1,PSA02,PSA,SNG,TRUE
TACTTGTGTGTGGTCC,PBMC-06-1,PSO12,PSO,DBL,FALSE
TACTTGTTCCTACAAG,PBMC-06-1,PSA07,PSA,SNG,TRUE
TAGACCAAGCCATCCG,PBMC-06-1,PSO12,PSO,SNG,TRUE
TAGACCAAGCTTTGTG,PBMC-06-1,PSA07,PSA,SNG,TRUE
TAGACCAAGGACCCAA,PBMC-06-1,PSO15,PSO,SNG,TRUE
TAGACCAAGGGTTAAT,PBMC-06-1,PSA15,PSA,SNG,TRUE
TAGACCAAGGTACAAT,PBMC-06-1,PSA14,PSA,SNG,TRUE
TAGACCAAGGTTCACT,PBMC-06-1,PSA13,PSA,SNG,FALSE
TAGACCAAGTCCTGCG,PBMC-06-1,PSA05,PSA,SNG,TRUE
TAGACCACAAGTGGAC,PBMC-06-1,PSA14,PSA,SNG,FALSE
TAGACCACACCGCTGA,PBMC-06-1,PSA17,PSA,SNG,TRUE
TAGACCACAGTCGAGA,PBMC-06-1,PSA07,PSA,DBL,FALSE
TAGACCACATAGAATG,PBMC-06-1,PSA16,PSA,DBL,FALSE
TAGACCAGTAGACAGC,PBMC-06-1,PSA16,PSA,SNG,TRUE
TAGACCAGTATGTCTG,PBMC-06-1,PSA04,PSA,SNG,TRUE
TAGACCAGTGCGAACA,PBMC-06-1,PSO11,PSO,SNG,FALSE
TAGACCAGTTAGCTAC,PBMC-06-1,PSO14,PSO,SNG,TRUE
TAGACCATCAAAGACA,PBMC-06-1,PSA06,PSA,SNG,TRUE
TAGACCATCACGGACC,PBMC-06-1,PSA13,PSA,SNG,TRUE
TAGACCATCCCATGGG,PBMC-06-1,PSO15,PSO,SNG,TRUE
TAGACCATCCCTTTGG,PBMC-06-1,PSX01,PSX,DBL,FALSE
TAGACCATCCTTCGAC,PBMC-06-1,PSO15,PSO,SNG,TRUE
TAGACCATCGACGCGT,PBMC-06-1,PSO14,PSO,DBL,FALSE
TAGACCATCTACACTT,PBMC-06-1,PSA02,PSA,SNG,TRUE
TAGACCATCTCGCCTA,PBMC-06-1,PSA07,PSA,SNG,FALSE
TAGACTGAGAAGCGCT,PBMC-06-1,PSA04,PSA,SNG,TRUE
TAGACTGAGACTCATC,PBMC-06-1,PSA07,PSA,SNG,TRUE
TAGACTGAGCCATTTG,PBMC-06-1,PSA02,PSA,SNG,TRUE
TAGACTGAGTCAGGGT,PBMC-06-1,PSA14,PSA,SNG,TRUE
TAGACTGAGTGCAGCA,PBMC-06-1,PSA17,PSA,SNG,TRUE
TAGACTGCAAATTAGG,PBMC-06-1,PSO13,PSO,SNG,TRUE
TAGACTGGTACCCGCA,PBMC-06-1,PSO11,PSO,DBL,FALSE
TAGACTGGTAGCGATG,PBMC-06-1,PSA04,PSA,SNG,TRUE
TAGACTGGTCAGACGA,PBMC-06-1,PSO15,PSO,SNG,TRUE
TAGACTGGTCTGGTTA,PBMC-06-1,PSA05,PSA,SNG,TRUE
TAGACTGGTTCACCGG,PBMC-06-1,PSO12,PSO,SNG,TRUE
TAGACTGGTTCGATTG,PBMC-06-1,PSX01,PSX,DBL,FALSE
TAGACTGTCAAATGCC,PBMC-06-1,PSX01,PSX,DBL,FALSE
TAGACTGTCGCACGAC,PBMC-06-1,PSA07,PSA,SNG,TRUE
TAGACTGTCGTGCGAC,PBMC-06-1,PSA14,PSA,SNG,TRUE
TAGAGTCCACTTGTCC,PBMC-06-1,PSO16,PSO,SNG,TRUE
TAGAGTCGTACGTAGG,PBMC-06-1,PSO13,PSO,SNG,FALSE
TAGAGTCGTCAAATCC,PBMC-06-1,PSX01,PSX,SNG,TRUE
TAGAGTCGTCGTACAT,PBMC-06-1,PSA12,PSA,SNG,FALSE
TAGAGTCGTTCCAAAC,PBMC-06-1,PSX01,PSX,SNG,FALSE
TAGATCGAGGGCATGT,PBMC-06-1,PSA07,PSA,SNG,TRUE
TAGATCGAGTTGAATG,PBMC-06-1,PSA15,PSA,SNG,FALSE
TAGATCGAGTTTCTTC,PBMC-06-1,PSO15,PSO,SNG,TRUE
TAGATCGCAAATGAGT,PBMC-06-1,PSX01,PSX,SNG,FALSE
TAGATCGCAGAAACCG,PBMC-06-1,PSA15,PSA,AMB,FALSE
TAGATCGCAGAGGCTA,PBMC-06-1,PSA16,PSA,AMB,FALSE
TAGATCGCATACTGAC,PBMC-06-1,PSA07,PSA,DBL,FALSE
TAGATCGCATAGTCAC,PBMC-06-1,PSA12,PSA,SNG,TRUE
TAGATCGCATTGCTTT,PBMC-06-1,PSA06,PSA,SNG,TRUE
TAGATCGGTACGATCT,PBMC-06-1,PSO12,PSO,SNG,FALSE
TAGATCGGTACTGGGA,PBMC-06-1,PSA02,PSA,SNG,TRUE
TAGATCGGTATGGAGC,PBMC-06-1,PSA07,PSA,DBL,FALSE
TAGATCGGTGAGCCAA,PBMC-06-1,PSO15,PSO,DBL,FALSE
TAGATCGGTGTGCCTG,PBMC-06-1,PSX04,PSX,SNG,TRUE
TAGATCGGTTATAGAG,PBMC-06-1,PSA07,PSA,SNG,TRUE
TAGATCGTCAACCCGG,PBMC-06-1,PSA13,PSA,SNG,TRUE
TAGATCGTCCAGCCTT,PBMC-06-1,PSA07,PSA,SNG,TRUE
TAGATCGTCGATACAC,PBMC-06-1,PSX04,PSX,SNG,TRUE
TAGATCGTCGGCCCAA,PBMC-06-1,PSA14,PSA,SNG,TRUE
TAGATCGTCGGTCTGG,PBMC-06-1,PSA14,PSA,SNG,FALSE
TAGATCGTCTACGCGG,PBMC-06-1,PSO15,PSO,SNG,TRUE
TAGCACACAAAGGGCT,PBMC-06-1,PSX01,PSX,SNG,FALSE
TAGCACACAATACGCT,PBMC-06-1,PSA07,PSA,SNG,TRUE
TAGCACACATGACGAG,PBMC-06-1,PSA17,PSA,SNG,TRUE
TAGCACACATGCACTA,PBMC-06-1,PSA07,PSA,DBL,FALSE
TAGCACAGTACGTAGG,PBMC-06-1,PSX04,PSX,SNG,TRUE
TAGCACAGTAGCACAG,PBMC-06-1,PSA15,PSA,SNG,TRUE
TAGCACAGTAGTTAGA,PBMC-06-1,PSA17,PSA,SNG,TRUE
TAGCACAGTATCGGTT,PBMC-06-1,PSA06,PSA,DBL,FALSE
TAGCACAGTCACTCGG,PBMC-06-1,PSX01,PSX,SNG,TRUE
TAGCACAGTCATCTAG,PBMC-06-1,PSA14,PSA,SNG,TRUE
TAGCACAGTGATCATC,PBMC-06-1,PSA13,PSA,SNG,FALSE
TAGCACAGTGCTCGTG,PBMC-06-1,PSA17,PSA,SNG,TRUE
TAGCACAGTGTATACC,PBMC-06-1,PSA04,PSA,SNG,TRUE
TAGCACAGTTCCGCAG,PBMC-06-1,PSA02,PSA,SNG,TRUE
TAGGAGGAGAAGATCT,PBMC-06-1,PSA07,PSA,SNG,TRUE
TAGGAGGAGATTGAGT,PBMC-06-1,PSA14,PSA,SNG,TRUE
TAGGAGGAGCATGATA,PBMC-06-1,PSO15,PSO,SNG,TRUE
TAGGAGGAGGACAAGA,PBMC-06-1,PSO11,PSO,SNG,TRUE
TAGGAGGCAGCCCACA,PBMC-06-1,PSO14,PSO,SNG,TRUE
TAGGAGGCAGCGAGTA,PBMC-06-1,PSA04,PSA,SNG,FALSE
TAGGAGGCAGTCGGTC,PBMC-06-1,PSA17,PSA,DBL,FALSE
TAGGAGGCATATGAAG,PBMC-06-1,PSO15,PSO,DBL,FALSE
TAGGAGGCATCTAGAC,PBMC-06-1,PSA13,PSA,SNG,TRUE
TAGGAGGCATGCCGGT,PBMC-06-1,PSO15,PSO,AMB,FALSE
TAGGAGGGTAATGCTC,PBMC-06-1,PSA05,PSA,DBL,FALSE
TAGGAGGGTCCAGCAC,PBMC-06-1,PSA12,PSA,DBL,FALSE
TAGGAGGGTCCGCAGT,PBMC-06-1,PSO14,PSO,DBL,FALSE
TAGGAGGGTGAATGTA,PBMC-06-1,PSA06,PSA,SNG,FALSE
TAGGAGGGTGGTCTGC,PBMC-06-1,PSA05,PSA,SNG,TRUE
TAGGAGGGTTGATCGT,PBMC-06-1,PSA07,PSA,SNG,FALSE
TAGGAGGTCAGGACAG,PBMC-06-1,PSA15,PSA,SNG,TRUE
TAGGAGGTCCTGTAAG,PBMC-06-1,PSA13,PSA,SNG,TRUE
TAGGAGGTCCTTCACG,PBMC-06-1,PSA14,PSA,SNG,FALSE
TAGGAGGTCGAGATAA,PBMC-06-1,PSX04,PSX,SNG,TRUE
TAGGAGGTCGGAGCAA,PBMC-06-1,PSA03,PSA,SNG,TRUE
TAGGAGGTCTCCACTG,PBMC-06-1,PSO14,PSO,SNG,TRUE
TAGGAGGTCTTAGCAG,PBMC-06-1,PSA12,PSA,SNG,TRUE
TAGGAGGTCTTTGCGC,PBMC-06-1,PSA16,PSA,AMB,FALSE
TAGGGTTAGAGCAGTC,PBMC-06-1,PSX04,PSX,DBL,FALSE
TAGGGTTAGCAATTAG,PBMC-06-1,PSO12,PSO,SNG,TRUE
TAGGGTTAGTCTGTAC,PBMC-06-1,PSA12,PSA,SNG,TRUE
TAGGGTTCACCAGCCA,PBMC-06-1,PSO14,PSO,SNG,FALSE
TAGGGTTCAGAGTGTG,PBMC-06-1,PSA05,PSA,SNG,TRUE
TAGGGTTGTACAGTTC,PBMC-06-1,PSA04,PSA,SNG,TRUE
TAGGGTTGTCTTGCGG,PBMC-06-1,PSA05,PSA,SNG,TRUE
TAGGGTTGTGCCTGAC,PBMC-06-1,PSA15,PSA,SNG,TRUE
TAGGGTTGTTCCAGGC,PBMC-06-1,PSX01,PSX,AMB,FALSE
TAGGGTTGTTCCTAGA,PBMC-06-1,PSO12,PSO,SNG,TRUE
TAGGGTTGTTTCCAAG,PBMC-06-1,PSA13,PSA,DBL,FALSE
TAGGGTTTCGATTCCC,PBMC-06-1,PSX01,PSX,SNG,TRUE
TAGGGTTTCGCCGAAC,PBMC-06-1,PSA16,PSA,SNG,FALSE
TAGGTACAGAGAGGGC,PBMC-06-1,PSA06,PSA,SNG,TRUE
TAGGTACAGCCGATAG,PBMC-06-1,PSA12,PSA,SNG,TRUE
TAGGTACAGCCTAACT,PBMC-06-1,PSA17,PSA,SNG,TRUE
TAGGTACAGCCTATTG,PBMC-06-1,PSA07,PSA,SNG,TRUE
TAGGTACAGGATACAT,PBMC-06-1,PSA15,PSA,SNG,TRUE
TAGGTACAGGCCGCTT,PBMC-06-1,PSA02,PSA,SNG,TRUE
TAGGTACAGTAAGAGG,PBMC-06-1,PSA07,PSA,SNG,TRUE
TAGGTACAGTCGAGGT,PBMC-06-1,PSO16,PSO,DBL,FALSE
TAGGTACCAACGCCCA,PBMC-06-1,PSO11,PSO,SNG,TRUE
TAGGTACCAATTGGTC,PBMC-06-1,PSO16,PSO,SNG,FALSE
TAGGTACCACATTCTT,PBMC-06-1,PSA02,PSA,SNG,FALSE
TAGGTACCAGAAATTG,PBMC-06-1,PSO15,PSO,SNG,TRUE
TAGGTACCATGACGAG,PBMC-06-1,PSA12,PSA,SNG,TRUE
TAGGTACCATGGAAGC,PBMC-06-1,PSA03,PSA,SNG,TRUE
TAGGTACGTAGATCCT,PBMC-06-1,PSA15,PSA,SNG,TRUE
TAGGTACGTAGCTGTT,PBMC-06-1,PSO12,PSO,DBL,FALSE
TAGGTACGTAGTTACC,PBMC-06-1,PSA05,PSA,SNG,TRUE
TAGGTACGTCGGCCTA,PBMC-06-1,PSA16,PSA,SNG,FALSE
TAGGTACGTCTTAGTG,PBMC-06-1,PSA07,PSA,DBL,FALSE
TAGGTACGTGATACTC,PBMC-06-1,PSO11,PSO,SNG,FALSE
TAGGTACTCAAACGAA,PBMC-06-1,PSA05,PSA,DBL,FALSE
TAGGTACTCACGATCA,PBMC-06-1,PSA02,PSA,SNG,TRUE
TAGGTACTCACGGACC,PBMC-06-1,PSO14,PSO,DBL,FALSE
TAGGTACTCATTGAGC,PBMC-06-1,PSX01,PSX,SNG,TRUE
TAGGTACTCCCGGTAG,PBMC-06-1,PSO15,PSO,SNG,FALSE
TAGGTACTCGCCCAGA,PBMC-06-1,PSA12,PSA,SNG,TRUE
TAGGTACTCGGTCACG,PBMC-06-1,PSA17,PSA,SNG,TRUE
TAGGTACTCGTAGCTA,PBMC-06-1,PSO15,PSO,SNG,TRUE
TAGGTACTCGTGTGGC,PBMC-06-1,PSA07,PSA,SNG,TRUE
TAGGTACTCTGCAGCG,PBMC-06-1,PSO14,PSO,SNG,TRUE
TAGGTACTCTTTACAC,PBMC-06-1,PSO15,PSO,SNG,TRUE
TAGGTTGAGAATCGCG,PBMC-06-1,PSA12,PSA,SNG,FALSE
TAGGTTGAGACGATAT,PBMC-06-1,PSO15,PSO,SNG,TRUE
TAGGTTGAGTCATAGA,PBMC-06-1,PSA13,PSA,SNG,TRUE
TAGGTTGCAAGGAGTC,PBMC-06-1,PSA04,PSA,SNG,FALSE
TAGGTTGCATCACGGC,PBMC-06-1,PSA02,PSA,SNG,FALSE
TAGGTTGGTAACACCT,PBMC-06-1,PSX01,PSX,SNG,TRUE
TAGGTTGGTATGAAAC,PBMC-06-1,PSA02,PSA,SNG,TRUE
TAGGTTGGTCGAATTC,PBMC-06-1,PSO15,PSO,SNG,TRUE
TAGGTTGGTCGATGCC,PBMC-06-1,PSA04,PSA,AMB,FALSE
TAGGTTGGTTCGAGCC,PBMC-06-1,PSA14,PSA,AMB,FALSE
TAGGTTGTCCAAGGGA,PBMC-06-1,PSA15,PSA,DBL,FALSE
TAGGTTGTCCCTCGTA,PBMC-06-1,PSA04,PSA,SNG,TRUE
TAGGTTGTCTAGAGCT,PBMC-06-1,PSA17,PSA,SNG,TRUE
TAGGTTGTCTCCGATC,PBMC-06-1,PSA06,PSA,DBL,FALSE
TAGGTTGTCTGCTTAT,PBMC-06-1,PSX01,PSX,SNG,TRUE
TAGGTTGTCTTACACT,PBMC-06-1,PSO15,PSO,SNG,TRUE
TAGTGCAAGAAGCGCT,PBMC-06-1,PSA16,PSA,SNG,TRUE
TAGTGCAAGCTATCTG,PBMC-06-1,PSA02,PSA,SNG,TRUE
TAGTGCAAGGCACAAC,PBMC-06-1,PSX01,PSX,SNG,TRUE
TAGTGCAAGGTAACTA,PBMC-06-1,PSA03,PSA,SNG,TRUE
TAGTGCAAGTCTGGTT,PBMC-06-1,PSA07,PSA,SNG,TRUE
TAGTGCACAACTGTGT,PBMC-06-1,PSA05,PSA,SNG,TRUE
TAGTGCACAATTGAAG,PBMC-06-1,PSA17,PSA,DBL,FALSE
TAGTGCAGTACACTCA,PBMC-06-1,PSO13,PSO,SNG,TRUE
TAGTGCAGTGCGTCGT,PBMC-06-1,PSX04,PSX,SNG,TRUE
TAGTGCAGTGGGACAT,PBMC-06-1,PSO15,PSO,SNG,TRUE
TAGTGCAGTGTATCCA,PBMC-06-1,PSA03,PSA,SNG,TRUE
TAGTGCAGTTCAACGT,PBMC-06-1,PSX04,PSX,DBL,FALSE
TAGTGCAGTTCCAGGC,PBMC-06-1,PSX01,PSX,SNG,TRUE
TAGTGCAGTTCGGTCG,PBMC-06-1,PSO15,PSO,SNG,TRUE
TAGTGCAGTTGGCCTG,PBMC-06-1,PSO11,PSO,SNG,TRUE
TAGTGCATCACCTACC,PBMC-06-1,PSO15,PSO,SNG,TRUE
TAGTGCATCATCCTGC,PBMC-06-1,PSX04,PSX,SNG,TRUE
TAGTGCATCATGCATG,PBMC-06-1,PSA02,PSA,SNG,TRUE
TAGTGCATCATGCGGC,PBMC-06-1,PSO16,PSO,SNG,TRUE
TAGTGCATCATTTCCA,PBMC-06-1,PSO13,PSO,SNG,TRUE
TAGTGCATCCACGAAT,PBMC-06-1,PSA06,PSA,SNG,TRUE
TAGTGCATCGCGAAGA,PBMC-06-1,PSO15,PSO,SNG,TRUE
TAGTGCATCTTTCCAA,PBMC-06-1,PSA02,PSA,SNG,TRUE
TATACCTAGACTAGAT,PBMC-06-1,PSA05,PSA,SNG,TRUE
TATACCTAGACTTCCA,PBMC-06-1,PSA16,PSA,SNG,TRUE
TATACCTAGCCATCCG,PBMC-06-1,PSA14,PSA,SNG,TRUE
TATACCTAGCCTGAGA,PBMC-06-1,PSX01,PSX,SNG,TRUE
TATACCTAGCGATCGA,PBMC-06-1,PSA17,PSA,SNG,TRUE
TATACCTAGCTCCACG,PBMC-06-1,PSA16,PSA,SNG,FALSE
TATACCTAGGAAGTGA,PBMC-06-1,PSA17,PSA,DBL,FALSE
TATACCTAGGGATCAC,PBMC-06-1,PSO11,PSO,SNG,TRUE
TATACCTCAACGCATT,PBMC-06-1,PSA15,PSA,SNG,TRUE
TATACCTCAACGTATC,PBMC-06-1,PSA06,PSA,AMB,FALSE
TATACCTCAATGACCT,PBMC-06-1,PSX04,PSX,SNG,TRUE
TATACCTCAATTTCGG,PBMC-06-1,PSA06,PSA,SNG,TRUE
TATACCTCAGTTCACA,PBMC-06-1,PSA17,PSA,SNG,TRUE
TATACCTCATCCGATA,PBMC-06-1,PSO15,PSO,SNG,TRUE
TATACCTCATGTCAGT,PBMC-06-1,PSA07,PSA,SNG,TRUE
TATACCTGTACAGTAA,PBMC-06-1,PSA07,PSA,SNG,TRUE
TATACCTGTAGTGCGA,PBMC-06-1,PSO11,PSO,SNG,TRUE
TATACCTGTCGCATGC,PBMC-06-1,PSA02,PSA,SNG,TRUE
TATACCTGTGATGGCA,PBMC-06-1,PSA07,PSA,DBL,FALSE
TATACCTGTGCGGATA,PBMC-06-1,PSA04,PSA,SNG,FALSE
TATACCTGTTGGACTT,PBMC-06-1,PSA15,PSA,SNG,TRUE
TATACCTGTTTCCATT,PBMC-06-1,PSA03,PSA,SNG,TRUE
TATACCTTCCACATAG,PBMC-06-1,PSA02,PSA,SNG,TRUE
TATACCTTCCACGGAC,PBMC-06-1,PSA05,PSA,SNG,TRUE
TATACCTTCTTCGATT,PBMC-06-1,PSO15,PSO,SNG,TRUE
TATATCCAGAATACAC,PBMC-06-1,PSA17,PSA,SNG,FALSE
TATATCCAGCAGCGAT,PBMC-06-1,PSA16,PSA,SNG,TRUE
TATATCCAGGCGTCCT,PBMC-06-1,PSA07,PSA,SNG,FALSE
TATATCCAGGTAAACT,PBMC-06-1,PSO15,PSO,SNG,TRUE
TATATCCAGTCCTGCG,PBMC-06-1,PSA17,PSA,DBL,FALSE
TATATCCCAAGCTGCC,PBMC-06-1,PSA04,PSA,DBL,FALSE
TATATCCCAGCGAACA,PBMC-06-1,PSA07,PSA,SNG,TRUE
TATATCCCAGTAACGG,PBMC-06-1,PSA15,PSA,SNG,TRUE
TATATCCGTAGGTCAG,PBMC-06-1,PSA17,PSA,SNG,TRUE
TATATCCGTCATCAGT,PBMC-06-1,PSX01,PSX,SNG,TRUE
TATATCCTCATTCGTT,PBMC-06-1,PSA14,PSA,SNG,TRUE
TATATCCTCCAGGACC,PBMC-06-1,PSA15,PSA,DBL,FALSE
TATATCCTCCGGACGT,PBMC-06-1,PSA13,PSA,SNG,TRUE
TATATCCTCCTGCTAC,PBMC-06-1,PSA05,PSA,SNG,TRUE
TATATCCTCGCCATAA,PBMC-06-1,PSO12,PSO,DBL,FALSE
TATATCCTCGTCAACA,PBMC-06-1,PSO12,PSO,DBL,FALSE
TATCAGGAGCCTCAAT,PBMC-06-1,PSA06,PSA,SNG,TRUE
TATCAGGAGCTAGAGC,PBMC-06-1,PSO15,PSO,SNG,TRUE
TATCAGGAGGCCTAAG,PBMC-06-1,PSA06,PSA,SNG,TRUE
TATCAGGAGTTACGTC,PBMC-06-1,PSA12,PSA,SNG,FALSE
TATCAGGCACAGCATT,PBMC-06-1,PSO15,PSO,SNG,TRUE
TATCAGGGTAGCGAGT,PBMC-06-1,PSO15,PSO,SNG,TRUE
TATCAGGGTATTTCGG,PBMC-06-1,PSA14,PSA,SNG,TRUE
TATCAGGGTCCCGCAA,PBMC-06-1,PSA05,PSA,SNG,TRUE
TATCAGGGTGCTGCAC,PBMC-06-1,PSA12,PSA,SNG,TRUE
TATCAGGTCAAGCGTT,PBMC-06-1,PSA03,PSA,SNG,TRUE
TATCAGGTCGAGTGAG,PBMC-06-1,PSA04,PSA,SNG,FALSE
TATCAGGTCGATAACC,PBMC-06-1,PSX04,PSX,SNG,TRUE
TATCCTAAGATCCCAT,PBMC-06-1,PSO12,PSO,DBL,FALSE
TATCCTAAGCACTCCG,PBMC-06-1,PSA12,PSA,DBL,FALSE
TATCCTAAGCCATTTG,PBMC-06-1,PSA07,PSA,SNG,TRUE
TATCCTAAGCTGAAGC,PBMC-06-1,PSA04,PSA,SNG,TRUE
TATCCTACAAGAGTTA,PBMC-06-1,PSA04,PSA,SNG,TRUE
TATCCTACAATTGCAC,PBMC-06-1,PSA07,PSA,SNG,TRUE
TATCCTACACCCGTAG,PBMC-06-1,PSA03,PSA,SNG,TRUE
TATCCTACACGCACCA,PBMC-06-1,PSO16,PSO,SNG,TRUE
TATCCTACACTCAGAT,PBMC-06-1,PSO12,PSO,SNG,TRUE
TATCCTACAGTAACGG,PBMC-06-1,PSA17,PSA,DBL,FALSE
TATCCTACATATACCG,PBMC-06-1,PSO15,PSO,SNG,TRUE
TATCCTACATCATTTC,PBMC-06-1,PSO14,PSO,SNG,TRUE
TATCCTACATCCGATA,PBMC-06-1,PSA02,PSA,DBL,FALSE
TATCCTACATGTGGCC,PBMC-06-1,PSA14,PSA,SNG,TRUE
TATCCTATCATCTACT,PBMC-06-1,PSA07,PSA,DBL,FALSE
TATCCTATCATTGCGA,PBMC-06-1,PSA16,PSA,SNG,TRUE
TATCCTATCCATCTCG,PBMC-06-1,PSA16,PSA,SNG,TRUE
TATCCTATCCTGGTCT,PBMC-06-1,PSO16,PSO,SNG,TRUE
TATCCTATCCTTCAGC,PBMC-06-1,PSA15,PSA,DBL,FALSE
TATCGCCAGAGGCCAT,PBMC-06-1,PSA14,PSA,DBL,FALSE
TATCGCCAGGCCTGAA,PBMC-06-1,PSX01,PSX,SNG,TRUE
TATCGCCAGTGCCAGA,PBMC-06-1,PSO15,PSO,SNG,TRUE
TATCGCCCAACTTCTT,PBMC-06-1,PSA02,PSA,SNG,TRUE
TATCGCCCACAGTGTT,PBMC-06-1,PSX04,PSX,DBL,FALSE
TATCGCCCAGAATCGG,PBMC-06-1,PSA17,PSA,SNG,TRUE
TATCGCCGTACAACGG,PBMC-06-1,PSA05,PSA,SNG,TRUE
TATCGCCGTCACTACA,PBMC-06-1,PSA06,PSA,SNG,TRUE
TATCGCCGTCCCGTGA,PBMC-06-1,PSA07,PSA,SNG,TRUE
TATCGCCGTGTTAACC,PBMC-06-1,PSA14,PSA,SNG,TRUE
TATCGCCTCAGGACAG,PBMC-06-1,PSA16,PSA,SNG,FALSE
TATCGCCTCGGAATGG,PBMC-06-1,PSA17,PSA,SNG,TRUE
TATCGCCTCGGCATCG,PBMC-06-1,PSO12,PSO,AMB,FALSE
TATCGCCTCTCCCATG,PBMC-06-1,PSA03,PSA,SNG,FALSE
TATCGCCTCTGGACTA,PBMC-06-1,PSA02,PSA,DBL,FALSE
TATCTGTAGAAGATCT,PBMC-06-1,PSX01,PSX,SNG,TRUE
TATCTGTAGCTGGCCT,PBMC-06-1,PSA12,PSA,SNG,TRUE
TATCTGTAGGAACGTC,PBMC-06-1,PSA07,PSA,DBL,FALSE
TATCTGTAGGTCGAGT,PBMC-06-1,PSO15,PSO,SNG,TRUE
TATCTGTAGTCATCGT,PBMC-06-1,PSO12,PSO,DBL,FALSE
TATCTGTCAATGCTCA,PBMC-06-1,PSX04,PSX,SNG,TRUE
TATCTGTCACAGAGAC,PBMC-06-1,PSA17,PSA,SNG,TRUE
TATCTGTCAGAACGCA,PBMC-06-1,PSA17,PSA,SNG,TRUE
TATCTGTCAGACCAGA,PBMC-06-1,PSX04,PSX,SNG,TRUE
TATCTGTCATCGGAGA,PBMC-06-1,PSO12,PSO,SNG,FALSE
TATCTGTGTAATACCC,PBMC-06-1,PSA17,PSA,SNG,TRUE
TATCTGTGTATCAGCT,PBMC-06-1,PSA17,PSA,SNG,TRUE
TATCTGTGTCAGGTAG,PBMC-06-1,PSX04,PSX,DBL,FALSE
TATCTGTGTCTCAGGC,PBMC-06-1,PSA02,PSA,SNG,FALSE
TATCTGTGTGTACATC,PBMC-06-1,PSX01,PSX,SNG,TRUE
TATCTGTGTTGAATCC,PBMC-06-1,PSX04,PSX,SNG,FALSE
TATCTGTTCCACGTGG,PBMC-06-1,PSX01,PSX,SNG,TRUE
TATCTGTTCCATCTGC,PBMC-06-1,PSA03,PSA,SNG,FALSE
TATCTGTTCCCTCTCC,PBMC-06-1,PSO12,PSO,SNG,TRUE
TATCTGTTCCCTTGTG,PBMC-06-1,PSA07,PSA,SNG,TRUE
TATCTGTTCCGCACTT,PBMC-06-1,PSA03,PSA,SNG,FALSE
TATCTGTTCCGTAGGC,PBMC-06-1,PSO12,PSO,SNG,TRUE
TATCTGTTCGGACAAG,PBMC-06-1,PSA12,PSA,SNG,TRUE
TATCTGTTCTGCGGAC,PBMC-06-1,PSO12,PSO,SNG,FALSE
TATCTTGCAACCGGAA,PBMC-06-1,PSA16,PSA,DBL,FALSE
TATCTTGCACGTAACT,PBMC-06-1,PSA07,PSA,SNG,FALSE
TATCTTGCAGTTTCAG,PBMC-06-1,PSX01,PSX,SNG,TRUE
TATCTTGGTACAGAAT,PBMC-06-1,PSA15,PSA,SNG,TRUE
TATCTTGGTATAGCTC,PBMC-06-1,PSX04,PSX,DBL,FALSE
TATCTTGGTTCGAAGG,PBMC-06-1,PSA17,PSA,SNG,TRUE
TATCTTGGTTGCCAAT,PBMC-06-1,PSA13,PSA,SNG,TRUE
TATGTTCAGCAAGTGC,PBMC-06-1,PSA06,PSA,DBL,FALSE
TATGTTCAGCAATTCC,PBMC-06-1,PSX01,PSX,SNG,TRUE
TATGTTCAGCTGTGCC,PBMC-06-1,PSO15,PSO,SNG,TRUE
TATGTTCAGTAGGTTA,PBMC-06-1,PSX01,PSX,SNG,FALSE
TATGTTCCAACTCATG,PBMC-06-1,PSX01,PSX,SNG,TRUE
TATGTTCCACAGTCAT,PBMC-06-1,PSA05,PSA,DBL,FALSE
TATGTTCCACATATCG,PBMC-06-1,PSA03,PSA,DBL,FALSE
TATGTTCCACTTTAGG,PBMC-06-1,PSO12,PSO,AMB,FALSE
TATGTTCCATCCCACT,PBMC-06-1,PSA16,PSA,SNG,FALSE
TATGTTCCATGTGACT,PBMC-06-1,PSA16,PSA,SNG,TRUE
TATGTTCGTGATGAAT,PBMC-06-1,PSO15,PSO,SNG,TRUE
TATGTTCGTTGCATTG,PBMC-06-1,PSO15,PSO,SNG,TRUE
TATGTTCTCAAGCTGT,PBMC-06-1,PSA17,PSA,SNG,TRUE
TATGTTCTCAATGTCG,PBMC-06-1,PSA07,PSA,AMB,FALSE
TATGTTCTCCACTGAA,PBMC-06-1,PSA06,PSA,SNG,TRUE
TATGTTCTCGGACTTA,PBMC-06-1,PSX01,PSX,SNG,TRUE
TATGTTCTCTCACTCG,PBMC-06-1,PSX01,PSX,SNG,TRUE
TATTCCAAGCCGTCGT,PBMC-06-1,PSA15,PSA,DBL,FALSE
TATTCCAAGCTACGTT,PBMC-06-1,PSX04,PSX,SNG,TRUE
TATTCCAAGCTGGTGA,PBMC-06-1,PSA06,PSA,SNG,FALSE
TATTCCAAGTCTTCGA,PBMC-06-1,PSA16,PSA,SNG,TRUE
TATTCCAAGTTGAATG,PBMC-06-1,PSA05,PSA,AMB,FALSE
TATTCCACAAGGCAAC,PBMC-06-1,PSX04,PSX,SNG,FALSE
TATTCCACAAGTATCC,PBMC-06-1,PSA12,PSA,SNG,TRUE
TATTCCACACTCTCGT,PBMC-06-1,PSA05,PSA,SNG,TRUE
TATTCCACACTTGAGT,PBMC-06-1,PSA05,PSA,SNG,TRUE
TATTCCAGTACCTAAC,PBMC-06-1,PSO15,PSO,DBL,FALSE
TATTCCAGTAGGACTG,PBMC-06-1,PSO13,PSO,DBL,FALSE
TATTCCAGTATAGGAT,PBMC-06-1,PSO15,PSO,DBL,FALSE
TATTCCAGTCATTGCA,PBMC-06-1,PSA03,PSA,SNG,TRUE
TATTCCAGTCCACATA,PBMC-06-1,PSX04,PSX,SNG,TRUE
TATTCCAGTCGAACGA,PBMC-06-1,PSA17,PSA,SNG,TRUE
TATTCCAGTGTCCCTT,PBMC-06-1,PSA17,PSA,SNG,FALSE
TATTCCATCACCTCGT,PBMC-06-1,PSA02,PSA,SNG,TRUE
TATTCCATCAGTCACA,PBMC-06-1,PSA16,PSA,SNG,TRUE
TATTCCATCATGACAC,PBMC-06-1,PSA14,PSA,SNG,TRUE
TATTCCATCCATGAGT,PBMC-06-1,PSA07,PSA,SNG,TRUE
TATTCCATCGGCATCG,PBMC-06-1,PSA07,PSA,SNG,FALSE
TATTGCTAGAGGCCAT,PBMC-06-1,PSA06,PSA,SNG,FALSE
TATTGCTAGGATACCG,PBMC-06-1,PSO15,PSO,SNG,TRUE
TATTGCTAGGGCAGGA,PBMC-06-1,PSA17,PSA,SNG,TRUE
TATTGCTAGGTCACCC,PBMC-06-1,PSA02,PSA,SNG,TRUE
TATTGCTAGTATGATG,PBMC-06-1,PSA16,PSA,SNG,FALSE
TATTGCTAGTTACGTC,PBMC-06-1,PSX01,PSX,DBL,FALSE
TATTGCTAGTTTCTTC,PBMC-06-1,PSX01,PSX,SNG,TRUE
TATTGCTCAACCGGAA,PBMC-06-1,PSA03,PSA,DBL,FALSE
TATTGCTCACCCATAA,PBMC-06-1,PSA07,PSA,SNG,TRUE
TATTGCTGTACAATAG,PBMC-06-1,PSA06,PSA,SNG,TRUE
TATTGCTGTACTCCCT,PBMC-06-1,PSA16,PSA,SNG,TRUE
TATTGCTGTACTCCGG,PBMC-06-1,PSX01,PSX,SNG,FALSE
TATTGCTGTTGCATTG,PBMC-06-1,PSX01,PSX,DBL,FALSE
TATTGCTTCCGGTAAT,PBMC-06-1,PSA17,PSA,SNG,TRUE
TATTGCTTCTGAGGCC,PBMC-06-1,PSA13,PSA,SNG,TRUE
TATTGCTTCTGCACCT,PBMC-06-1,PSA17,PSA,SNG,TRUE
TATTGGGAGCTCAGAG,PBMC-06-1,PSA03,PSA,SNG,TRUE
TATTGGGAGTATGAAC,PBMC-06-1,PSO11,PSO,DBL,FALSE
TATTGGGAGTGGTTGG,PBMC-06-1,PSA17,PSA,SNG,TRUE
TATTGGGCACCAACAT,PBMC-06-1,PSA17,PSA,SNG,TRUE
TATTGGGCACGGTCTG,PBMC-06-1,PSO12,PSO,SNG,TRUE
TATTGGGCAGAGTCTT,PBMC-06-1,PSO15,PSO,DBL,FALSE
TATTGGGCATCCGTGG,PBMC-06-1,PSA02,PSA,SNG,TRUE
TATTGGGCATCGAGCC,PBMC-06-1,PSA14,PSA,SNG,TRUE
TATTGGGCATGATGCT,PBMC-06-1,PSO11,PSO,DBL,FALSE
TATTGGGGTACAACGG,PBMC-06-1,PSA16,PSA,AMB,FALSE
TATTGGGGTCTAGTGT,PBMC-06-1,PSO14,PSO,SNG,FALSE
TATTGGGGTCTTCCGT,PBMC-06-1,PSA04,PSA,DBL,FALSE
TATTGGGGTCTTTATC,PBMC-06-1,PSA04,PSA,SNG,TRUE
TATTGGGGTGACTCGC,PBMC-06-1,PSO13,PSO,AMB,FALSE
TATTGGGGTGAGATTA,PBMC-06-1,PSA05,PSA,SNG,TRUE
TATTGGGGTGGAAGTC,PBMC-06-1,PSA02,PSA,DBL,FALSE
TATTGGGTCAACGCTA,PBMC-06-1,PSA17,PSA,SNG,TRUE
TATTGGGTCAATCTTC,PBMC-06-1,PSX01,PSX,DBL,FALSE
TATTGGGTCATCACAG,PBMC-06-1,PSO11,PSO,SNG,TRUE
TATTGGGTCGTGTTCC,PBMC-06-1,PSA12,PSA,SNG,FALSE
TATTTCGAGAATTCAG,PBMC-06-1,PSX01,PSX,SNG,TRUE
TATTTCGAGAGCACTG,PBMC-06-1,PSA14,PSA,DBL,FALSE
TATTTCGAGATCACTC,PBMC-06-1,PSA14,PSA,SNG,TRUE
TATTTCGAGATGGGCT,PBMC-06-1,PSA07,PSA,DBL,FALSE
TATTTCGAGCTCGAAG,PBMC-06-1,PSX01,PSX,SNG,TRUE
TATTTCGCAATCGCCG,PBMC-06-1,PSO12,PSO,AMB,FALSE
TATTTCGCAATTCTCT,PBMC-06-1,PSA05,PSA,SNG,FALSE
TATTTCGCAGCCTTCT,PBMC-06-1,PSO15,PSO,SNG,TRUE
TATTTCGCAGCGTAGA,PBMC-06-1,PSA07,PSA,SNG,TRUE
TATTTCGCATGGGCAA,PBMC-06-1,PSO11,PSO,DBL,FALSE
TATTTCGGTACAGAAT,PBMC-06-1,PSO12,PSO,SNG,TRUE
TATTTCGGTAGCCCTG,PBMC-06-1,PSO15,PSO,AMB,FALSE
TATTTCGGTCTCAGGC,PBMC-06-1,PSA07,PSA,SNG,TRUE
TATTTCGGTGTACAGG,PBMC-06-1,PSA06,PSA,SNG,TRUE
TATTTCGTCACGAACT,PBMC-06-1,PSA02,PSA,SNG,TRUE
TATTTCGTCCACATAG,PBMC-06-1,PSX01,PSX,SNG,TRUE
TATTTCGTCGAGAATA,PBMC-06-1,PSO15,PSO,SNG,TRUE
TATTTCGTCGTTCAGA,PBMC-06-1,PSO12,PSO,SNG,TRUE
TATTTCGTCTATCGCC,PBMC-06-1,PSA14,PSA,SNG,TRUE
TCAAGACAGCAGTAAT,PBMC-06-1,PSA12,PSA,SNG,FALSE
TCAAGACAGGACACTG,PBMC-06-1,PSA07,PSA,SNG,TRUE
TCAAGACAGTGCCCGT,PBMC-06-1,PSA05,PSA,SNG,TRUE
TCAAGACAGTGGTGGT,PBMC-06-1,PSO15,PSO,SNG,TRUE
TCAAGACCAATTGCTG,PBMC-06-1,PSA06,PSA,SNG,TRUE
TCAAGACCACCCAAGC,PBMC-06-1,PSO15,PSO,SNG,FALSE
TCAAGACCACGCAAAG,PBMC-06-1,PSO16,PSO,SNG,TRUE
TCAAGACCATAGAAAC,PBMC-06-1,PSA12,PSA,SNG,TRUE
TCAAGACCATATCTCT,PBMC-06-1,PSA14,PSA,SNG,TRUE
TCAAGACGTACGGGAT,PBMC-06-1,PSA02,PSA,SNG,TRUE
TCAAGACGTATCCCTC,PBMC-06-1,PSA02,PSA,SNG,TRUE
TCAAGACGTATTTCTC,PBMC-06-1,PSO11,PSO,DBL,FALSE
TCAAGACGTCAAAGAT,PBMC-06-1,PSA15,PSA,SNG,TRUE
TCAAGACGTCACCGCA,PBMC-06-1,PSA14,PSA,SNG,TRUE
TCAAGACGTTATAGAG,PBMC-06-1,PSO15,PSO,SNG,TRUE
TCAAGACTCATCTATC,PBMC-06-1,PSA02,PSA,SNG,TRUE
TCAAGACTCCATAGAC,PBMC-06-1,PSA14,PSA,SNG,FALSE
TCAAGACTCCGTGTCT,PBMC-06-1,PSA14,PSA,SNG,TRUE
TCAAGACTCTCACCCA,PBMC-06-1,PSA17,PSA,SNG,TRUE
TCAAGCACAATAGGGC,PBMC-06-1,PSA06,PSA,SNG,TRUE
TCAAGCACAGGCCTGT,PBMC-06-1,PSA06,PSA,SNG,TRUE
TCAAGCACATACTTTC,PBMC-06-1,PSA16,PSA,SNG,FALSE
TCAAGCACATATTCGG,PBMC-06-1,PSA17,PSA,SNG,FALSE
TCAAGCAGTAGAGGAA,PBMC-06-1,PSA12,PSA,SNG,TRUE
TCAAGCAGTCAACACT,PBMC-06-1,PSO13,PSO,SNG,TRUE
TCAAGCAGTCACTTAG,PBMC-06-1,PSO15,PSO,SNG,TRUE
TCAAGCAGTTCGGGTC,PBMC-06-1,PSA16,PSA,DBL,FALSE
TCAAGCATCATAGAGA,PBMC-06-1,PSX01,PSX,SNG,TRUE
TCAAGCATCATTGCTT,PBMC-06-1,PSX01,PSX,SNG,TRUE
TCAAGCATCCGCTAGG,PBMC-06-1,PSA07,PSA,SNG,TRUE
TCAAGCATCTGCGAGC,PBMC-06-1,PSA03,PSA,SNG,TRUE
TCAAGCATCTGTACAG,PBMC-06-1,PSO15,PSO,SNG,TRUE
TCAAGTGAGCATCAAA,PBMC-06-1,PSO12,PSO,SNG,TRUE
TCAAGTGAGGATCACG,PBMC-06-1,PSA02,PSA,SNG,TRUE
TCAAGTGAGGCGTCCT,PBMC-06-1,PSO12,PSO,SNG,TRUE
TCAAGTGAGGTAAACT,PBMC-06-1,PSA14,PSA,SNG,TRUE
TCAAGTGAGGTAAAGG,PBMC-06-1,PSA14,PSA,SNG,TRUE
TCAAGTGAGGTAGGCT,PBMC-06-1,PSO11,PSO,SNG,TRUE
TCAAGTGAGTATCCTG,PBMC-06-1,PSA16,PSA,SNG,FALSE
TCAAGTGAGTGGTGGT,PBMC-06-1,PSA07,PSA,SNG,FALSE
TCAAGTGCAAATGCGG,PBMC-06-1,PSO13,PSO,SNG,FALSE
TCAAGTGCACATTACG,PBMC-06-1,PSA04,PSA,SNG,FALSE
TCAAGTGCACGAGGAT,PBMC-06-1,PSA04,PSA,SNG,FALSE
TCAAGTGCAGCATACT,PBMC-06-1,PSA16,PSA,SNG,FALSE
TCAAGTGCATATGAAG,PBMC-06-1,PSA12,PSA,SNG,TRUE
TCAAGTGGTAGACGGT,PBMC-06-1,PSA14,PSA,SNG,TRUE
TCAAGTGGTCCCGGTA,PBMC-06-1,PSA13,PSA,SNG,TRUE
TCAAGTGGTGAATGTA,PBMC-06-1,PSO14,PSO,SNG,TRUE
TCAAGTGGTGTGAATA,PBMC-06-1,PSO15,PSO,DBL,FALSE
TCAAGTGGTTACAGCT,PBMC-06-1,PSA04,PSA,SNG,FALSE
TCAAGTGGTTCAGTAC,PBMC-06-1,PSA07,PSA,DBL,FALSE
TCAAGTGGTTGCCGAC,PBMC-06-1,PSO12,PSO,SNG,TRUE
TCAAGTGTCCCTCGTA,PBMC-06-1,PSA07,PSA,SNG,FALSE
TCAAGTGTCTCCCATG,PBMC-06-1,PSA13,PSA,DBL,FALSE
TCAAGTGTCTGTACAG,PBMC-06-1,PSA05,PSA,SNG,TRUE
TCAATCTAGAAACCAT,PBMC-06-1,PSX01,PSX,SNG,FALSE
TCAATCTAGATGTTAG,PBMC-06-1,PSA06,PSA,SNG,FALSE
TCAATCTAGATTAGCA,PBMC-06-1,PSA15,PSA,SNG,TRUE
TCAATCTAGGGCAAGG,PBMC-06-1,PSA15,PSA,SNG,TRUE
TCAATCTAGGTGCTTT,PBMC-06-1,PSA07,PSA,SNG,TRUE
TCAATCTAGTCAGGGT,PBMC-06-1,PSO12,PSO,SNG,TRUE
TCAATCTCACGGTAGA,PBMC-06-1,PSA07,PSA,DBL,FALSE
TCAATCTCAGCGAACA,PBMC-06-1,PSO14,PSO,DBL,FALSE
TCAATCTCAGTGGCTC,PBMC-06-1,PSA17,PSA,SNG,TRUE
TCAATCTCATTCTGTT,PBMC-06-1,PSX01,PSX,SNG,TRUE
TCAATCTGTAACTGCT,PBMC-06-1,PSA13,PSA,SNG,TRUE
TCAATCTGTGAATTGA,PBMC-06-1,PSA02,PSA,SNG,TRUE
TCAATCTGTGCTTATG,PBMC-06-1,PSA02,PSA,SNG,FALSE
TCAATCTGTTAGGAGC,PBMC-06-1,PSO15,PSO,SNG,TRUE
TCAATCTGTTTGCCGG,PBMC-06-1,PSA07,PSA,SNG,FALSE
TCAATCTTCACCTGTC,PBMC-06-1,PSA16,PSA,SNG,FALSE
TCAATCTTCATTCTTG,PBMC-06-1,PSA05,PSA,SNG,TRUE
TCAATCTTCCTAACAG,PBMC-06-1,PSA14,PSA,SNG,TRUE
TCAATCTTCCTAGCCT,PBMC-06-1,PSA14,PSA,SNG,FALSE
TCAATCTTCGACCATA,PBMC-06-1,PSO15,PSO,DBL,FALSE
TCAATCTTCGCACGGT,PBMC-06-1,PSO14,PSO,SNG,TRUE
TCAATCTTCTATCCAT,PBMC-06-1,PSA07,PSA,SNG,TRUE
TCAATCTTCTCAGTCC,PBMC-06-1,PSX01,PSX,SNG,FALSE
TCAATTCAGATGAAGG,PBMC-06-1,PSA02,PSA,SNG,TRUE
TCAATTCAGATTAGTG,PBMC-06-1,PSA03,PSA,DBL,FALSE
TCAATTCAGCACCCAC,PBMC-06-1,PSO13,PSO,SNG,TRUE
TCAATTCAGCCATATC,PBMC-06-1,PSX01,PSX,SNG,TRUE
TCAATTCAGCCGGAAT,PBMC-06-1,PSA02,PSA,DBL,FALSE
TCAATTCAGCGCGTTC,PBMC-06-1,PSA03,PSA,SNG,TRUE
TCAATTCAGTTGTACC,PBMC-06-1,PSO15,PSO,SNG,TRUE
TCAATTCCAACTCATG,PBMC-06-1,PSA16,PSA,SNG,TRUE
TCAATTCCACGTCTCT,PBMC-06-1,PSA02,PSA,DBL,FALSE
TCAATTCCAGCATACT,PBMC-06-1,PSO13,PSO,SNG,TRUE
TCAATTCCAGCGAGTA,PBMC-06-1,PSA07,PSA,SNG,TRUE
TCAATTCCATCCTTGC,PBMC-06-1,PSX04,PSX,SNG,TRUE
TCAATTCCATGATGCT,PBMC-06-1,PSO15,PSO,SNG,TRUE
TCAATTCGTACAAAGT,PBMC-06-1,PSO16,PSO,SNG,TRUE
TCAATTCGTACCTGTA,PBMC-06-1,PSA12,PSA,SNG,TRUE
TCAATTCGTATACAGA,PBMC-06-1,PSA07,PSA,SNG,TRUE
TCAATTCGTGTCCACG,PBMC-06-1,PSA16,PSA,SNG,TRUE
TCAATTCTCAGTGCGC,PBMC-06-1,PSO12,PSO,SNG,TRUE
TCAATTCTCCGGTAGC,PBMC-06-1,PSX04,PSX,SNG,TRUE
TCAATTCTCCTAAGTG,PBMC-06-1,PSO15,PSO,SNG,TRUE
TCAATTCTCGACCCAG,PBMC-06-1,PSO14,PSO,SNG,FALSE
TCAATTCTCGCTCTCA,PBMC-06-1,PSO15,PSO,DBL,FALSE
TCAATTCTCGTAGAGG,PBMC-06-1,PSO13,PSO,SNG,TRUE
TCACAAGAGCGAACTG,PBMC-06-1,PSA17,PSA,SNG,TRUE
TCACAAGAGTCGCCAC,PBMC-06-1,PSO15,PSO,SNG,TRUE
TCACAAGCAAGTTCGT,PBMC-06-1,PSX01,PSX,SNG,TRUE
TCACAAGCACAAAGCG,PBMC-06-1,PSA16,PSA,SNG,TRUE
TCACAAGCACAGTCGC,PBMC-06-1,PSA16,PSA,SNG,TRUE
TCACAAGCACCTGAAT,PBMC-06-1,PSO15,PSO,SNG,TRUE
TCACAAGCACTTCAAG,PBMC-06-1,PSA17,PSA,SNG,TRUE
TCACAAGCACTTGGGC,PBMC-06-1,PSA04,PSA,SNG,TRUE
TCACAAGCATATGGCT,PBMC-06-1,PSA03,PSA,SNG,TRUE
TCACAAGGTGACTCGC,PBMC-06-1,PSO15,PSO,SNG,TRUE
TCACAAGGTTAGAGTA,PBMC-06-1,PSX01,PSX,SNG,TRUE
TCACAAGTCACACGAT,PBMC-06-1,PSO15,PSO,SNG,TRUE
TCACAAGTCAGTCACA,PBMC-06-1,PSA06,PSA,SNG,TRUE
TCACAAGTCATGCATG,PBMC-06-1,PSA06,PSA,SNG,TRUE
TCACAAGTCCGTCAAA,PBMC-06-1,PSA15,PSA,SNG,FALSE
TCACAAGTCCGTGACG,PBMC-06-1,PSA15,PSA,SNG,FALSE
TCACAAGTCTAACGGT,PBMC-06-1,PSA05,PSA,DBL,FALSE
TCACAAGTCTGTTCAT,PBMC-06-1,PSA06,PSA,SNG,TRUE
TCACACCAGACCTGGA,PBMC-06-1,PSA05,PSA,SNG,TRUE
TCACACCAGCCTCATA,PBMC-06-1,PSO15,PSO,SNG,TRUE
TCACACCAGCGTGTTT,PBMC-06-1,PSA07,PSA,DBL,FALSE
TCACACCCAAAGCTCT,PBMC-06-1,PSA14,PSA,SNG,TRUE
TCACACCCAACGATCT,PBMC-06-1,PSA16,PSA,SNG,TRUE
TCACACCCACCTATCC,PBMC-06-1,PSX01,PSX,SNG,TRUE
TCACACCCATCGCTAA,PBMC-06-1,PSA12,PSA,SNG,TRUE
TCACACCGTAACGATA,PBMC-06-1,PSA14,PSA,DBL,FALSE
TCACACCGTCCTACGG,PBMC-06-1,PSA17,PSA,SNG,TRUE
TCACACCGTGCAATAA,PBMC-06-1,PSA07,PSA,SNG,TRUE
TCACACCGTGTCCGGT,PBMC-06-1,PSX01,PSX,DBL,FALSE
TCACACCGTGTTAAAG,PBMC-06-1,PSA04,PSA,DBL,FALSE
TCACACCTCCAGTGCG,PBMC-06-1,PSA12,PSA,SNG,FALSE
TCACACCTCGTGGACC,PBMC-06-1,PSA15,PSA,SNG,FALSE
TCACACCTCTTCTGTA,PBMC-06-1,PSA07,PSA,DBL,FALSE
TCACATTAGATCCAAA,PBMC-06-1,PSA07,PSA,SNG,TRUE
TCACATTAGCAGGGAG,PBMC-06-1,PSA04,PSA,DBL,FALSE
TCACATTAGCTTCGTA,PBMC-06-1,PSA13,PSA,SNG,FALSE
TCACATTAGTGCAACG,PBMC-06-1,PSA04,PSA,DBL,FALSE
TCACATTCAAACTGCT,PBMC-06-1,PSA07,PSA,SNG,TRUE
TCACATTCAAGACGAC,PBMC-06-1,PSA04,PSA,SNG,TRUE
TCACATTCACAATGAA,PBMC-06-1,PSA05,PSA,DBL,FALSE
TCACATTCACATGACT,PBMC-06-1,PSA07,PSA,SNG,TRUE
TCACATTCACTGAATC,PBMC-06-1,PSA15,PSA,SNG,FALSE
TCACATTCACTGGCGT,PBMC-06-1,PSA04,PSA,DBL,FALSE
TCACATTGTCTTACAG,PBMC-06-1,PSA04,PSA,SNG,FALSE
TCACATTGTGCCTGCA,PBMC-06-1,PSA13,PSA,SNG,TRUE
TCACATTGTGTAGCAG,PBMC-06-1,PSO12,PSO,SNG,TRUE
TCACATTGTGTTGCCG,PBMC-06-1,PSA07,PSA,SNG,TRUE
TCACATTGTTGCATCA,PBMC-06-1,PSA04,PSA,SNG,TRUE
TCACATTGTTTGTTGG,PBMC-06-1,PSX01,PSX,SNG,FALSE
TCACATTTCATGACAC,PBMC-06-1,PSA16,PSA,SNG,TRUE
TCACATTTCGAGAACG,PBMC-06-1,PSA12,PSA,SNG,TRUE
TCACGCTAGAACGTGC,PBMC-06-1,PSA07,PSA,SNG,TRUE
TCACGCTAGGCCTGCT,PBMC-06-1,PSA04,PSA,SNG,TRUE
TCACGCTAGGTAATCA,PBMC-06-1,PSA02,PSA,SNG,TRUE
TCACGCTAGGTGAGCT,PBMC-06-1,PSO15,PSO,SNG,TRUE
TCACGCTAGTCTAGAA,PBMC-06-1,PSA05,PSA,AMB,FALSE
TCACGCTAGTTCACTG,PBMC-06-1,PSX01,PSX,SNG,TRUE
TCACGCTCACAGTCGC,PBMC-06-1,PSX01,PSX,SNG,TRUE
TCACGCTCACCGTGAC,PBMC-06-1,PSO11,PSO,SNG,TRUE
TCACGCTCACTCGATA,PBMC-06-1,PSA16,PSA,SNG,TRUE
TCACGCTCAGAACTCT,PBMC-06-1,PSA07,PSA,SNG,TRUE
TCACGCTGTAAGCGGT,PBMC-06-1,PSA17,PSA,SNG,TRUE
TCACGCTGTCCTCCAT,PBMC-06-1,PSX04,PSX,SNG,TRUE
TCACGCTGTGGTAACG,PBMC-06-1,PSA02,PSA,SNG,TRUE
TCACGCTGTTGGGTTT,PBMC-06-1,PSX01,PSX,SNG,FALSE
TCACGCTTCCAATGCA,PBMC-06-1,PSA02,PSA,SNG,TRUE
TCACGCTTCGTAATGC,PBMC-06-1,PSO16,PSO,SNG,TRUE
TCACGCTTCGTCCATC,PBMC-06-1,PSA02,PSA,SNG,TRUE
TCACGCTTCTAAGGAA,PBMC-06-1,PSO14,PSO,SNG,TRUE
TCACGCTTCTCGCGTT,PBMC-06-1,PSA14,PSA,SNG,TRUE
TCACGCTTCTCGCTTG,PBMC-06-1,PSO11,PSO,SNG,TRUE
TCACGGGCACAAGCCC,PBMC-06-1,PSO12,PSO,SNG,TRUE
TCACGGGCACAGAGCA,PBMC-06-1,PSA02,PSA,SNG,TRUE
TCACGGGCAGGACTTT,PBMC-06-1,PSA12,PSA,DBL,FALSE
TCACGGGCATGAAAGT,PBMC-06-1,PSX01,PSX,SNG,TRUE
TCACGGGGTCCAACGC,PBMC-06-1,PSA07,PSA,DBL,FALSE
TCACGGGGTGAGAACC,PBMC-06-1,PSA02,PSA,SNG,TRUE
TCACGGGGTGAGTGAC,PBMC-06-1,PSA06,PSA,SNG,TRUE
TCACGGGGTTAAGCAA,PBMC-06-1,PSX04,PSX,SNG,TRUE
TCACGGGGTTGATGTC,PBMC-06-1,PSA15,PSA,SNG,TRUE
TCACGGGGTTGCGGCT,PBMC-06-1,PSO15,PSO,SNG,FALSE
TCACTATAGACACACG,PBMC-06-1,PSA06,PSA,SNG,TRUE
TCACTATAGCAGGCAT,PBMC-06-1,PSA12,PSA,SNG,TRUE
TCACTATAGCGTCTCG,PBMC-06-1,PSA06,PSA,SNG,TRUE
TCACTATAGGGTGAAA,PBMC-06-1,PSO12,PSO,SNG,FALSE
TCACTATAGGTATAGT,PBMC-06-1,PSA17,PSA,DBL,FALSE
TCACTATCAACACGAG,PBMC-06-1,PSA17,PSA,DBL,FALSE
TCACTATCACCGTGGT,PBMC-06-1,PSA15,PSA,SNG,TRUE
TCACTATCACTGGACC,PBMC-06-1,PSA15,PSA,SNG,TRUE
TCACTATCATGAATAG,PBMC-06-1,PSA16,PSA,DBL,FALSE
TCACTATCATGTGGCC,PBMC-06-1,PSX04,PSX,SNG,TRUE
TCACTATGTACGAAAT,PBMC-06-1,PSA06,PSA,DBL,FALSE
TCACTATGTCCTTGTC,PBMC-06-1,PSO13,PSO,SNG,TRUE
TCACTATGTCTACTGA,PBMC-06-1,PSA15,PSA,SNG,TRUE
TCACTATGTCTCCTGT,PBMC-06-1,PSA07,PSA,SNG,TRUE
TCACTATGTGCTCGTG,PBMC-06-1,PSO15,PSO,SNG,TRUE
TCACTATGTTCGGCGT,PBMC-06-1,PSA17,PSA,SNG,FALSE
TCACTATGTTCTGAGT,PBMC-06-1,PSA14,PSA,SNG,TRUE
TCACTATTCAAGTGTC,PBMC-06-1,PSO11,PSO,DBL,FALSE
TCACTATTCACACCGG,PBMC-06-1,PSO12,PSO,SNG,TRUE
TCACTATTCCGTTGGG,PBMC-06-1,PSA06,PSA,SNG,TRUE
TCACTATTCGCTATTT,PBMC-06-1,PSO12,PSO,SNG,TRUE
TCACTCGAGCAATAAC,PBMC-06-1,PSO15,PSO,SNG,TRUE
TCACTCGAGGAATCGC,PBMC-06-1,PSA06,PSA,SNG,TRUE
TCACTCGAGTTGTCAC,PBMC-06-1,PSA07,PSA,SNG,TRUE
TCACTCGCACATTACG,PBMC-06-1,PSA04,PSA,SNG,TRUE
TCACTCGCACCCTGTT,PBMC-06-1,PSA13,PSA,AMB,FALSE
TCACTCGCAGGCATTT,PBMC-06-1,PSO15,PSO,SNG,TRUE
TCACTCGCAGTGAGCA,PBMC-06-1,PSA04,PSA,SNG,TRUE
TCACTCGCAGTTGTTG,PBMC-06-1,PSA12,PSA,SNG,TRUE
TCACTCGCATGGGTTT,PBMC-06-1,PSA05,PSA,SNG,TRUE
TCACTCGGTAGGTGCA,PBMC-06-1,PSA12,PSA,SNG,FALSE
TCACTCGGTCTTAGTG,PBMC-06-1,PSA17,PSA,SNG,TRUE
TCACTCGGTGAGCTCC,PBMC-06-1,PSA15,PSA,DBL,FALSE
TCACTCGGTGGTCTTA,PBMC-06-1,PSA03,PSA,SNG,TRUE
TCACTCGGTTGACGGA,PBMC-06-1,PSA12,PSA,SNG,TRUE
TCACTCGGTTGCTGAT,PBMC-06-1,PSA14,PSA,SNG,TRUE
TCACTCGGTTGTATGC,PBMC-06-1,PSA13,PSA,SNG,TRUE
TCACTCGTCACTACGA,PBMC-06-1,PSA07,PSA,AMB,FALSE
TCACTCGTCCGAACGC,PBMC-06-1,PSA02,PSA,SNG,TRUE
TCACTCGTCCGTCCTA,PBMC-06-1,PSO15,PSO,SNG,TRUE
TCACTCGTCGATGCAT,PBMC-06-1,PSA14,PSA,SNG,TRUE
TCACTCGTCGCTTGCT,PBMC-06-1,PSA06,PSA,SNG,TRUE
TCAGCAAAGCAGCCCT,PBMC-06-1,PSA15,PSA,SNG,TRUE
TCAGCAAAGTATCTGC,PBMC-06-1,PSA15,PSA,SNG,TRUE
TCAGCAACAACCACAT,PBMC-06-1,PSA04,PSA,SNG,TRUE
TCAGCAACAATGGCCC,PBMC-06-1,PSA14,PSA,SNG,TRUE
TCAGCAACACAATCTG,PBMC-06-1,PSA05,PSA,SNG,TRUE
TCAGCAACACCCAATA,PBMC-06-1,PSA15,PSA,DBL,FALSE
TCAGCAACACGCTTAA,PBMC-06-1,PSO12,PSO,SNG,TRUE
TCAGCAACATGCTGCG,PBMC-06-1,PSA02,PSA,SNG,TRUE
TCAGCAAGTGAACGGT,PBMC-06-1,PSA13,PSA,SNG,TRUE
TCAGCAAGTGCGGCTT,PBMC-06-1,PSA05,PSA,SNG,TRUE
TCAGCAAGTTATCTGG,PBMC-06-1,PSO15,PSO,DBL,FALSE
TCAGCAAGTTTCTTAC,PBMC-06-1,PSO12,PSO,SNG,TRUE
TCAGCAATCACTGGGC,PBMC-06-1,PSA16,PSA,SNG,TRUE
TCAGCAATCGTGCTCT,PBMC-06-1,PSA02,PSA,SNG,FALSE
TCAGCCTAGCCAAGGT,PBMC-06-1,PSA17,PSA,SNG,TRUE
TCAGCCTAGTGCTACT,PBMC-06-1,PSO15,PSO,DBL,FALSE
TCAGCCTCAAAGAACT,PBMC-06-1,PSA05,PSA,SNG,TRUE
TCAGCCTCAACGGTAG,PBMC-06-1,PSO15,PSO,DBL,FALSE
TCAGCCTCACGGGTAA,PBMC-06-1,PSA14,PSA,SNG,TRUE
TCAGCCTCACTTGTGA,PBMC-06-1,PSA05,PSA,SNG,TRUE
TCAGCCTGTAGCGTTT,PBMC-06-1,PSA06,PSA,DBL,FALSE
TCAGCCTGTCGAATTC,PBMC-06-1,PSO15,PSO,SNG,TRUE
TCAGCCTGTCTCAGGC,PBMC-06-1,PSA07,PSA,SNG,TRUE
TCAGCCTGTGGCAACA,PBMC-06-1,PSA02,PSA,SNG,TRUE
TCAGCCTGTTATGTGC,PBMC-06-1,PSA13,PSA,SNG,TRUE
TCAGCCTGTTGACTGT,PBMC-06-1,PSA16,PSA,SNG,TRUE
TCAGCCTTCCAATGCA,PBMC-06-1,PSA07,PSA,SNG,TRUE
TCAGCCTTCCATCTCG,PBMC-06-1,PSO11,PSO,SNG,TRUE
TCAGCCTTCGCAACAT,PBMC-06-1,PSA02,PSA,SNG,TRUE
TCAGCCTTCGCTCCTA,PBMC-06-1,PSA07,PSA,DBL,FALSE
TCAGCCTTCGCTCTAC,PBMC-06-1,PSA14,PSA,DBL,FALSE
TCAGCCTTCTCCACTG,PBMC-06-1,PSA05,PSA,SNG,TRUE
TCAGCCTTCTCCATAT,PBMC-06-1,PSA16,PSA,SNG,TRUE
TCAGCCTTCTTACGGA,PBMC-06-1,PSA04,PSA,SNG,TRUE
TCAGGGCAGACCGTTT,PBMC-06-1,PSX01,PSX,SNG,TRUE
TCAGGGCAGATGACAT,PBMC-06-1,PSA13,PSA,SNG,TRUE
TCAGGGCAGCTACAAA,PBMC-06-1,PSO11,PSO,SNG,TRUE
TCAGGGCAGGACAGCT,PBMC-06-1,PSX04,PSX,SNG,TRUE
TCAGGGCAGGGTTTCT,PBMC-06-1,PSA07,PSA,SNG,TRUE
TCAGGGCAGTAATACG,PBMC-06-1,PSO11,PSO,SNG,FALSE
TCAGGGCCAAGTCATC,PBMC-06-1,PSA17,PSA,SNG,TRUE
TCAGGGCGTAACATAG,PBMC-06-1,PSA17,PSA,SNG,TRUE
TCAGGGCGTAATACCC,PBMC-06-1,PSA05,PSA,SNG,FALSE
TCAGGGCGTAGATCCT,PBMC-06-1,PSA14,PSA,DBL,FALSE
TCAGGGCGTCCAAAGG,PBMC-06-1,PSO15,PSO,SNG,TRUE
TCAGGGCGTCGAATGG,PBMC-06-1,PSO15,PSO,SNG,TRUE
TCAGGGCGTTGGGAAC,PBMC-06-1,PSA12,PSA,SNG,TRUE
TCAGGGCTCCCGAACG,PBMC-06-1,PSA15,PSA,SNG,TRUE
TCAGGGCTCCCTATTA,PBMC-06-1,PSA02,PSA,SNG,TRUE
TCAGGGCTCCTTGGAA,PBMC-06-1,PSO15,PSO,SNG,FALSE
TCAGGGCTCGATGCTA,PBMC-06-1,PSA17,PSA,SNG,TRUE
TCAGGGCTCTAAGCGT,PBMC-06-1,PSA13,PSA,SNG,TRUE
TCAGGTAAGAAGTGTT,PBMC-06-1,PSX04,PSX,SNG,TRUE
TCAGGTAAGAGTAACT,PBMC-06-1,PSA17,PSA,DBL,FALSE
TCAGGTAAGGCCTGCT,PBMC-06-1,PSA15,PSA,SNG,TRUE
TCAGGTAAGTCACTAC,PBMC-06-1,PSA16,PSA,SNG,TRUE
TCAGGTAAGTGCAGGT,PBMC-06-1,PSA07,PSA,SNG,FALSE
TCAGGTACAACCAACT,PBMC-06-1,PSO15,PSO,SNG,TRUE
TCAGGTACACGCTGTG,PBMC-06-1,PSO15,PSO,SNG,TRUE
TCAGGTACAGCCCACA,PBMC-06-1,PSA04,PSA,SNG,TRUE
TCAGGTAGTAACTGCT,PBMC-06-1,PSA12,PSA,SNG,TRUE
TCAGGTAGTACTCGCG,PBMC-06-1,PSX01,PSX,SNG,TRUE
TCAGGTAGTATGGTTC,PBMC-06-1,PSO13,PSO,DBL,FALSE
TCAGGTAGTCTACGTA,PBMC-06-1,PSA12,PSA,SNG,FALSE
TCAGGTAGTGGGAGAG,PBMC-06-1,PSO16,PSO,SNG,TRUE
TCAGGTAGTGTTGACT,PBMC-06-1,PSA14,PSA,SNG,FALSE
TCAGGTAGTGTTGATC,PBMC-06-1,PSA07,PSA,SNG,TRUE
TCAGGTATCCACTAGA,PBMC-06-1,PSA05,PSA,AMB,FALSE
TCAGTCCAGAGGCGTT,PBMC-06-1,PSO12,PSO,SNG,TRUE
TCAGTCCAGTGAGCCA,PBMC-06-1,PSA15,PSA,SNG,FALSE
TCAGTCCCAATAGTAG,PBMC-06-1,PSA02,PSA,SNG,TRUE
TCAGTCCCACCATATG,PBMC-06-1,PSA14,PSA,DBL,FALSE
TCAGTCCCACCGTGAC,PBMC-06-1,PSO11,PSO,SNG,TRUE
TCAGTCCCACTACCCT,PBMC-06-1,PSO11,PSO,SNG,TRUE
TCAGTCCCATCTTTCA,PBMC-06-1,PSO13,PSO,AMB,FALSE
TCAGTCCCATGAAGGC,PBMC-06-1,PSO15,PSO,DBL,FALSE
TCAGTCCGTAACCCTA,PBMC-06-1,PSA14,PSA,SNG,TRUE
TCAGTCCGTAAGGCCA,PBMC-06-1,PSA15,PSA,SNG,FALSE
TCAGTCCGTAGAAACT,PBMC-06-1,PSA14,PSA,DBL,FALSE
TCAGTCCGTAGCTAAA,PBMC-06-1,PSO11,PSO,AMB,FALSE
TCAGTCCGTATGGAAT,PBMC-06-1,PSA04,PSA,DBL,FALSE
TCAGTCCGTCTGTAAC,PBMC-06-1,PSO15,PSO,SNG,TRUE
TCAGTCCGTCTGTGAT,PBMC-06-1,PSO15,PSO,SNG,TRUE
TCAGTCCGTGTACATC,PBMC-06-1,PSO12,PSO,SNG,TRUE
TCAGTCCGTTTCGATG,PBMC-06-1,PSA17,PSA,SNG,TRUE
TCAGTCCTCAACTTTC,PBMC-06-1,PSO13,PSO,SNG,TRUE
TCAGTCCTCCGTGACG,PBMC-06-1,PSO11,PSO,SNG,TRUE
TCAGTCCTCGACCACG,PBMC-06-1,PSA16,PSA,SNG,FALSE
TCAGTCCTCGTAGCTA,PBMC-06-1,PSA12,PSA,SNG,TRUE
TCAGTCCTCGTCCTCA,PBMC-06-1,PSA07,PSA,SNG,TRUE
TCAGTCCTCTAGGCCG,PBMC-06-1,PSA07,PSA,SNG,FALSE
TCAGTGAAGGGACCAT,PBMC-06-1,PSX01,PSX,SNG,TRUE
TCAGTGAAGTAGGGTC,PBMC-06-1,PSA07,PSA,SNG,TRUE
TCAGTGAAGTCGTTAC,PBMC-06-1,PSO14,PSO,SNG,TRUE
TCAGTGACACATGAAA,PBMC-06-1,PSA14,PSA,SNG,TRUE
TCAGTGACACCAGACC,PBMC-06-1,PSO15,PSO,SNG,TRUE
TCAGTGACACTCTCGT,PBMC-06-1,PSO16,PSO,SNG,TRUE
TCAGTGACAGGGATAC,PBMC-06-1,PSO11,PSO,SNG,TRUE
TCAGTGACATTGCCGG,PBMC-06-1,PSA04,PSA,SNG,TRUE
TCAGTGAGTACAGGTG,PBMC-06-1,PSA03,PSA,DBL,FALSE
TCAGTGAGTAGATTAG,PBMC-06-1,PSX01,PSX,SNG,TRUE
TCAGTGAGTAGTGGCA,PBMC-06-1,PSA12,PSA,DBL,FALSE
TCAGTGAGTCAATGGG,PBMC-06-1,PSA07,PSA,SNG,TRUE
TCAGTGAGTCATAACC,PBMC-06-1,PSX04,PSX,SNG,TRUE
TCAGTGAGTGGTAATA,PBMC-06-1,PSA04,PSA,SNG,FALSE
TCAGTGAGTTTCGGCG,PBMC-06-1,PSA12,PSA,SNG,TRUE
TCAGTGAGTTTGGAAA,PBMC-06-1,PSX04,PSX,SNG,TRUE
TCAGTGATCATTTCCA,PBMC-06-1,PSX01,PSX,DBL,FALSE
TCAGTGATCCCTCTCC,PBMC-06-1,PSA02,PSA,SNG,TRUE
TCAGTGATCGTAGGAG,PBMC-06-1,PSO12,PSO,SNG,TRUE
TCAGTGATCTTACCAT,PBMC-06-1,PSA03,PSA,DBL,FALSE
TCAGTTTAGACTCTTG,PBMC-06-1,PSA03,PSA,SNG,FALSE
TCAGTTTAGAGAGTGA,PBMC-06-1,PSO15,PSO,SNG,FALSE
TCAGTTTAGATAGTGT,PBMC-06-1,PSA17,PSA,SNG,TRUE
TCAGTTTAGCGATGCA,PBMC-06-1,PSA07,PSA,SNG,FALSE
TCAGTTTAGTCGAATA,PBMC-06-1,PSA05,PSA,SNG,TRUE
TCAGTTTCAAACGAGC,PBMC-06-1,PSA12,PSA,SNG,FALSE
TCAGTTTCAAAGCACG,PBMC-06-1,PSA14,PSA,SNG,TRUE
TCAGTTTCACAAGCTT,PBMC-06-1,PSO11,PSO,SNG,TRUE
TCAGTTTCAGCGACAA,PBMC-06-1,PSA07,PSA,SNG,TRUE
TCAGTTTCAGGCATGA,PBMC-06-1,PSO14,PSO,SNG,TRUE
TCAGTTTCATATAGCC,PBMC-06-1,PSO12,PSO,DBL,FALSE
TCAGTTTCATGAATAG,PBMC-06-1,PSA17,PSA,SNG,TRUE
TCAGTTTGTAAGGTCG,PBMC-06-1,PSA17,PSA,SNG,TRUE
TCAGTTTGTACGTGAG,PBMC-06-1,PSA06,PSA,SNG,TRUE
TCAGTTTGTACTGGGA,PBMC-06-1,PSA02,PSA,SNG,TRUE
TCAGTTTGTAGTGCGA,PBMC-06-1,PSA05,PSA,SNG,TRUE
TCAGTTTGTGCATGTT,PBMC-06-1,PSA07,PSA,SNG,TRUE
TCAGTTTGTGTGATGG,PBMC-06-1,PSA16,PSA,DBL,FALSE
TCAGTTTGTTCCTAAG,PBMC-06-1,PSA07,PSA,SNG,FALSE
TCAGTTTTCACCTCAC,PBMC-06-1,PSA12,PSA,SNG,FALSE
TCAGTTTTCCCAATAG,PBMC-06-1,PSX04,PSX,SNG,TRUE
TCAGTTTTCGCGTGAC,PBMC-06-1,PSO11,PSO,SNG,TRUE
TCAGTTTTCGGTCACG,PBMC-06-1,PSO15,PSO,SNG,TRUE
TCAGTTTTCGTGGACC,PBMC-06-1,PSA16,PSA,SNG,TRUE
TCAGTTTTCTACCTTA,PBMC-06-1,PSO15,PSO,SNG,TRUE
TCATACTAGATAGCTA,PBMC-06-1,PSX01,PSX,SNG,TRUE
TCATACTAGGATAATC,PBMC-06-1,PSA15,PSA,SNG,TRUE
TCATACTAGGCCTTGC,PBMC-06-1,PSA06,PSA,DBL,FALSE
TCATACTAGGGAGGTG,PBMC-06-1,PSO15,PSO,DBL,FALSE
TCATACTAGTGAGGTC,PBMC-06-1,PSA15,PSA,SNG,TRUE
TCATACTCAAACCATC,PBMC-06-1,PSA16,PSA,SNG,TRUE
TCATACTCAGGTGGAT,PBMC-06-1,PSX01,PSX,SNG,TRUE
TCATACTCATAACCCA,PBMC-06-1,PSA12,PSA,SNG,TRUE
TCATACTGTAACGTTC,PBMC-06-1,PSA06,PSA,DBL,FALSE
TCATACTGTAGAGATT,PBMC-06-1,PSA04,PSA,SNG,TRUE
TCATACTGTCCAGTTA,PBMC-06-1,PSA17,PSA,SNG,TRUE
TCATACTGTCCCGGTA,PBMC-06-1,PSA02,PSA,SNG,TRUE
TCATACTGTGCCGTTG,PBMC-06-1,PSA13,PSA,SNG,TRUE
TCATACTGTTGGCCGT,PBMC-06-1,PSA15,PSA,DBL,FALSE
TCATACTTCAAACCTG,PBMC-06-1,PSX01,PSX,SNG,TRUE
TCATACTTCAACTACG,PBMC-06-1,PSA05,PSA,DBL,FALSE
TCATACTTCCCGTTGT,PBMC-06-1,PSA05,PSA,DBL,FALSE
TCATACTTCCGTCACT,PBMC-06-1,PSA07,PSA,SNG,TRUE
TCATACTTCGAAGTGG,PBMC-06-1,PSA15,PSA,SNG,FALSE
TCATACTTCTGAGATC,PBMC-06-1,PSA05,PSA,DBL,FALSE
TCATACTTCTTGGCTC,PBMC-06-1,PSA16,PSA,SNG,TRUE
TCATATCCAGAAATTG,PBMC-06-1,PSO12,PSO,SNG,TRUE
TCATATCCAGCCTTCT,PBMC-06-1,PSA02,PSA,DBL,FALSE
TCATATCCATAGAGGC,PBMC-06-1,PSA05,PSA,SNG,TRUE
TCATATCGTAACTAAG,PBMC-06-1,PSA14,PSA,SNG,TRUE
TCATATCGTCCAGCCA,PBMC-06-1,PSA05,PSA,SNG,TRUE
TCATATCGTCCCTCAT,PBMC-06-1,PSA17,PSA,AMB,FALSE
TCATATCGTCTAGTGT,PBMC-06-1,PSO14,PSO,SNG,TRUE
TCATATCGTGAGTGAC,PBMC-06-1,PSA07,PSA,SNG,TRUE
TCATATCGTGTTCATG,PBMC-06-1,PSX01,PSX,SNG,TRUE
TCATATCGTTGTATGC,PBMC-06-1,PSA07,PSA,SNG,TRUE
TCATATCTCAACTCTT,PBMC-06-1,PSA14,PSA,DBL,FALSE
TCATATCTCACCATGA,PBMC-06-1,PSA07,PSA,SNG,TRUE
TCATATCTCGCTTGAA,PBMC-06-1,PSX01,PSX,SNG,TRUE
TCATATCTCGTAGTGT,PBMC-06-1,PSA06,PSA,SNG,TRUE
TCATATCTCTGGTGCG,PBMC-06-1,PSA15,PSA,SNG,TRUE
TCATCATAGAAGGGAT,PBMC-06-1,PSA02,PSA,SNG,TRUE
TCATCATAGAGTGTTA,PBMC-06-1,PSA07,PSA,DBL,FALSE
TCATCATAGCCGTTAT,PBMC-06-1,PSX04,PSX,DBL,FALSE
TCATCATAGCTTTCCC,PBMC-06-1,PSA17,PSA,SNG,TRUE
TCATCATAGGACAACC,PBMC-06-1,PSA03,PSA,AMB,FALSE
TCATCATAGTAATACG,PBMC-06-1,PSO11,PSO,AMB,FALSE
TCATCATCACAGCTTA,PBMC-06-1,PSO12,PSO,SNG,TRUE
TCATCATCAGACGCTC,PBMC-06-1,PSA12,PSA,SNG,TRUE
TCATCATCAGTCGTTA,PBMC-06-1,PSA12,PSA,SNG,TRUE
TCATCATCATTGTAGC,PBMC-06-1,PSA07,PSA,SNG,TRUE
TCATCATGTACAACGG,PBMC-06-1,PSX01,PSX,DBL,FALSE
TCATCATGTTCAAAGA,PBMC-06-1,PSA05,PSA,DBL,FALSE
TCATCATGTTTCACTT,PBMC-06-1,PSA17,PSA,SNG,TRUE
TCATCATTCCTTATCA,PBMC-06-1,PSA02,PSA,SNG,TRUE
TCATCATTCGACATTG,PBMC-06-1,PSO12,PSO,SNG,TRUE
TCATCCGCACAGCATT,PBMC-06-1,PSA13,PSA,SNG,TRUE
TCATCCGCACTAACCA,PBMC-06-1,PSA12,PSA,DBL,FALSE
TCATCCGCAGTCAGAG,PBMC-06-1,PSA04,PSA,DBL,FALSE
TCATCCGCATCCGTTC,PBMC-06-1,PSA12,PSA,SNG,TRUE
TCATCCGCATTATGCG,PBMC-06-1,PSA12,PSA,SNG,TRUE
TCATCCGGTACGATGG,PBMC-06-1,PSX01,PSX,SNG,TRUE
TCATCCGGTGCCGAAA,PBMC-06-1,PSA15,PSA,SNG,FALSE
TCATCCGGTGGAGGTT,PBMC-06-1,PSO14,PSO,SNG,FALSE
TCATCCGGTGGGAGAG,PBMC-06-1,PSX01,PSX,SNG,TRUE
TCATCCGGTGTCTTAG,PBMC-06-1,PSA04,PSA,SNG,TRUE
TCATCCGGTTAGGAGC,PBMC-06-1,PSA02,PSA,SNG,TRUE
TCATGAGAGATCCCGC,PBMC-06-1,PSA05,PSA,DBL,FALSE
TCATGAGAGCCAGTAG,PBMC-06-1,PSA13,PSA,SNG,TRUE
TCATGAGAGCGTGCTC,PBMC-06-1,PSA15,PSA,SNG,TRUE
TCATGAGAGCTATCTG,PBMC-06-1,PSX04,PSX,SNG,TRUE
TCATGAGAGGCCATAG,PBMC-06-1,PSA15,PSA,SNG,TRUE
TCATGAGAGGGTACGT,PBMC-06-1,PSA04,PSA,SNG,TRUE
TCATGAGAGGTTGCCC,PBMC-06-1,PSO15,PSO,SNG,TRUE
TCATGAGCAAGTATCC,PBMC-06-1,PSO13,PSO,SNG,TRUE
TCATGAGCACCAGCGT,PBMC-06-1,PSX01,PSX,SNG,TRUE
TCATGAGCACTTTAGG,PBMC-06-1,PSO13,PSO,SNG,TRUE
TCATGAGGTAATGCGG,PBMC-06-1,PSA07,PSA,SNG,TRUE
TCATGAGGTAGGCAGT,PBMC-06-1,PSA17,PSA,SNG,TRUE
TCATGAGGTATCAGCT,PBMC-06-1,PSA13,PSA,SNG,TRUE
TCATGAGGTCAGACTT,PBMC-06-1,PSA16,PSA,SNG,FALSE
TCATGAGGTGAGACCA,PBMC-06-1,PSX04,PSX,SNG,TRUE
TCATGAGGTGATATAG,PBMC-06-1,PSA14,PSA,SNG,TRUE
TCATGAGGTTCCTTGC,PBMC-06-1,PSA12,PSA,SNG,FALSE
TCATGAGTCAAGTAAG,PBMC-06-1,PSA06,PSA,SNG,TRUE
TCATGAGTCACCCATC,PBMC-06-1,PSA02,PSA,AMB,FALSE
TCATGAGTCGAGATAA,PBMC-06-1,PSO12,PSO,SNG,TRUE
TCATGAGTCGCCTTGT,PBMC-06-1,PSA03,PSA,SNG,TRUE
TCATGAGTCGGCATAT,PBMC-06-1,PSA03,PSA,SNG,TRUE
TCATGAGTCTACTTCA,PBMC-06-1,PSO12,PSO,SNG,TRUE
TCATGAGTCTGAGCAT,PBMC-06-1,PSA13,PSA,SNG,TRUE
TCATGCCAGATACGAT,PBMC-06-1,PSA17,PSA,SNG,TRUE
TCATGCCAGATTTGCC,PBMC-06-1,PSX01,PSX,SNG,TRUE
TCATGCCAGCACCAGA,PBMC-06-1,PSA13,PSA,SNG,TRUE
TCATGCCAGCCTCTCT,PBMC-06-1,PSA02,PSA,SNG,FALSE
TCATGCCAGCTAATGA,PBMC-06-1,PSO12,PSO,SNG,TRUE
TCATGCCAGCTAGAAT,PBMC-06-1,PSA07,PSA,SNG,FALSE
TCATGCCAGGATATGT,PBMC-06-1,PSA07,PSA,SNG,TRUE
TCATGCCAGGTACATA,PBMC-06-1,PSA02,PSA,SNG,TRUE
TCATGCCCAAAGACTA,PBMC-06-1,PSA02,PSA,SNG,FALSE
TCATGCCCACATAACC,PBMC-06-1,PSA17,PSA,SNG,TRUE
TCATGCCCACCGGAAA,PBMC-06-1,PSA07,PSA,SNG,TRUE
TCATGCCCAGGACATG,PBMC-06-1,PSA12,PSA,SNG,TRUE
TCATGCCCAGGTGGAT,PBMC-06-1,PSA17,PSA,SNG,TRUE
TCATGCCGTCAGCGTC,PBMC-06-1,PSA06,PSA,SNG,TRUE
TCATGCCGTCGCTCGA,PBMC-06-1,PSX04,PSX,SNG,TRUE
TCATGCCGTCTGATCA,PBMC-06-1,PSA15,PSA,DBL,FALSE
TCATGCCGTGCACAAG,PBMC-06-1,PSX04,PSX,SNG,FALSE
TCATGCCGTGCTGCAC,PBMC-06-1,PSA03,PSA,SNG,TRUE
TCATGCCTCCAACCGG,PBMC-06-1,PSA12,PSA,DBL,FALSE
TCATGCCTCCCACAGG,PBMC-06-1,PSO12,PSO,SNG,FALSE
TCATGCCTCGAAATCC,PBMC-06-1,PSO11,PSO,AMB,FALSE
TCATGCCTCTAAGAAG,PBMC-06-1,PSA17,PSA,SNG,FALSE
TCATGCCTCTTCCAGC,PBMC-06-1,PSA12,PSA,SNG,FALSE
TCATGGACAAATTAGG,PBMC-06-1,PSA03,PSA,SNG,FALSE
TCATGGACAGAATTCC,PBMC-06-1,PSA04,PSA,DBL,FALSE
TCATGGACAGATACCT,PBMC-06-1,PSA04,PSA,SNG,TRUE
TCATGGAGTAATCAAG,PBMC-06-1,PSA05,PSA,SNG,TRUE
TCATGGAGTACATTGC,PBMC-06-1,PSA12,PSA,SNG,TRUE
TCATGGAGTAGGCAGT,PBMC-06-1,PSA07,PSA,SNG,TRUE
TCATGGAGTCGATTCA,PBMC-06-1,PSO12,PSO,SNG,TRUE
TCATGGAGTGGCACTC,PBMC-06-1,PSA17,PSA,SNG,TRUE
TCATGGAGTGTCTTGA,PBMC-06-1,PSA12,PSA,DBL,FALSE
TCATGGAGTTCGTTCC,PBMC-06-1,PSO15,PSO,SNG,TRUE
TCATGGAGTTGGGATG,PBMC-06-1,PSA17,PSA,SNG,TRUE
TCATGTTCACCGGTCA,PBMC-06-1,PSA17,PSA,DBL,FALSE
TCATGTTCAGGATTCT,PBMC-06-1,PSA16,PSA,SNG,TRUE
TCATGTTCATGAGATA,PBMC-06-1,PSA02,PSA,SNG,FALSE
TCATGTTCATTGGCAT,PBMC-06-1,PSO12,PSO,SNG,TRUE
TCATGTTCATTGTAGC,PBMC-06-1,PSA03,PSA,DBL,FALSE
TCATGTTGTAGGTCAG,PBMC-06-1,PSA03,PSA,SNG,FALSE
TCATGTTGTATGTCCA,PBMC-06-1,PSO15,PSO,SNG,TRUE
TCATGTTGTCGACTTA,PBMC-06-1,PSA14,PSA,SNG,TRUE
TCATGTTGTCTGTGTA,PBMC-06-1,PSX01,PSX,SNG,TRUE
TCATGTTGTGGCCTCA,PBMC-06-1,PSA12,PSA,SNG,TRUE
TCATGTTGTGTAGCAG,PBMC-06-1,PSA14,PSA,SNG,TRUE
TCATGTTGTTATCCAG,PBMC-06-1,PSA15,PSA,SNG,TRUE
TCATGTTGTTCACCGG,PBMC-06-1,PSA12,PSA,AMB,FALSE
TCATGTTGTTGTTTGG,PBMC-06-1,PSO15,PSO,DBL,FALSE
TCATTACAGAGCAGCT,PBMC-06-1,PSA05,PSA,SNG,TRUE
TCATTACAGATAGTGT,PBMC-06-1,PSO13,PSO,SNG,TRUE
TCATTACAGCAGAAAG,PBMC-06-1,PSA13,PSA,SNG,FALSE
TCATTACAGTGCACAG,PBMC-06-1,PSA05,PSA,SNG,TRUE
TCATTACAGTGGACTG,PBMC-06-1,PSA16,PSA,SNG,TRUE
TCATTACAGTTATGGA,PBMC-06-1,PSA13,PSA,SNG,TRUE
TCATTACCAAGTGGAC,PBMC-06-1,PSA13,PSA,DBL,FALSE
TCATTACCAATCTCGA,PBMC-06-1,PSA02,PSA,DBL,FALSE
TCATTACCAATGTGGG,PBMC-06-1,PSA15,PSA,SNG,TRUE
TCATTACCACAGTCAT,PBMC-06-1,PSA02,PSA,SNG,TRUE
TCATTACCACTAACGT,PBMC-06-1,PSO12,PSO,SNG,TRUE
TCATTACCAGGCACAA,PBMC-06-1,PSO15,PSO,DBL,FALSE
TCATTACCATTCGATG,PBMC-06-1,PSA03,PSA,AMB,FALSE
TCATTACGTACCGGCT,PBMC-06-1,PSX01,PSX,DBL,FALSE
TCATTACGTACTGCGC,PBMC-06-1,PSA17,PSA,SNG,FALSE
TCATTACGTAGGCTGA,PBMC-06-1,PSA16,PSA,SNG,FALSE
TCATTACGTATCGCAT,PBMC-06-1,PSA17,PSA,SNG,TRUE
TCATTACGTCATGGCC,PBMC-06-1,PSO12,PSO,SNG,FALSE
TCATTACGTCCCTGTT,PBMC-06-1,PSA16,PSA,SNG,TRUE
TCATTACGTCGAATGG,PBMC-06-1,PSA16,PSA,SNG,TRUE
TCATTACGTGAGGCAT,PBMC-06-1,PSO14,PSO,DBL,FALSE
TCATTACGTTGTATGC,PBMC-06-1,PSO16,PSO,SNG,TRUE
TCATTACTCACAATGC,PBMC-06-1,PSX01,PSX,SNG,TRUE
TCATTACTCACGGGCT,PBMC-06-1,PSO12,PSO,DBL,FALSE
TCATTACTCAGTCAGT,PBMC-06-1,PSO15,PSO,SNG,TRUE
TCATTACTCATTTGGG,PBMC-06-1,PSA17,PSA,SNG,TRUE
TCATTACTCCTTCTGG,PBMC-06-1,PSO11,PSO,SNG,TRUE
TCATTACTCGTTAGTG,PBMC-06-1,PSA07,PSA,SNG,TRUE
TCATTCAAGATGCTAA,PBMC-06-1,PSA07,PSA,SNG,FALSE
TCATTCAAGCCAGTAG,PBMC-06-1,PSA15,PSA,SNG,TRUE
TCATTCAAGCGTTAGG,PBMC-06-1,PSA07,PSA,SNG,FALSE
TCATTCAAGCTGAGTG,PBMC-06-1,PSA02,PSA,SNG,TRUE
TCATTCAAGTAGCATA,PBMC-06-1,PSA13,PSA,SNG,FALSE
TCATTCACAATTTCGG,PBMC-06-1,PSA17,PSA,SNG,TRUE
TCATTCACACTTCTCG,PBMC-06-1,PSA13,PSA,SNG,TRUE
TCATTCACAGTTAGGG,PBMC-06-1,PSA15,PSA,DBL,FALSE
TCATTCACATTGACCA,PBMC-06-1,PSX01,PSX,SNG,FALSE
TCATTCAGTAATGTGA,PBMC-06-1,PSX04,PSX,SNG,TRUE
TCATTCAGTAGGAGGG,PBMC-06-1,PSA12,PSA,DBL,FALSE
TCATTCAGTCTTGAGT,PBMC-06-1,PSO15,PSO,SNG,TRUE
TCATTCAGTGGCTTGC,PBMC-06-1,PSA02,PSA,SNG,TRUE
TCATTCAGTTGGGCCT,PBMC-06-1,PSA02,PSA,SNG,TRUE
TCATTCATCACTGTCC,PBMC-06-1,PSA15,PSA,DBL,FALSE
TCATTCATCAGACCGC,PBMC-06-1,PSA07,PSA,SNG,TRUE
TCATTCATCGTGTGAT,PBMC-06-1,PSO12,PSO,SNG,TRUE
TCATTGTCAAGACCGA,PBMC-06-1,PSA07,PSA,SNG,TRUE
TCATTGTCACCCTAGG,PBMC-06-1,PSO15,PSO,SNG,TRUE
TCATTGTCAGTGTGGA,PBMC-06-1,PSA03,PSA,DBL,FALSE
TCATTGTGTATCCCAA,PBMC-06-1,PSO15,PSO,SNG,TRUE
TCATTTGAGACCGCCT,PBMC-06-1,PSA02,PSA,SNG,TRUE
TCATTTGAGCCGTTGC,PBMC-06-1,PSA15,PSA,SNG,TRUE
TCATTTGAGCTTAAGA,PBMC-06-1,PSA12,PSA,SNG,TRUE
TCATTTGAGGTGGCTA,PBMC-06-1,PSO13,PSO,AMB,FALSE
TCATTTGCAATCGAAA,PBMC-06-1,PSO12,PSO,DBL,FALSE
TCATTTGCAGCCCACA,PBMC-06-1,PSA02,PSA,SNG,TRUE
TCATTTGGTAGTCGTT,PBMC-06-1,PSA07,PSA,AMB,FALSE
TCATTTGGTGACTAAA,PBMC-06-1,PSA06,PSA,SNG,TRUE
TCATTTGGTGACTGTT,PBMC-06-1,PSA15,PSA,SNG,TRUE
TCATTTGGTTTGGAAA,PBMC-06-1,PSA02,PSA,SNG,TRUE
TCATTTGTCAGATGCT,PBMC-06-1,PSA06,PSA,SNG,TRUE
TCATTTGTCCCACAGG,PBMC-06-1,PSA05,PSA,SNG,FALSE
TCCACCAAGTGCAAAT,PBMC-06-1,PSA16,PSA,DBL,FALSE
TCCACCAAGTTTCTTC,PBMC-06-1,PSA04,PSA,SNG,TRUE
TCCACCACAAATGCGG,PBMC-06-1,PSA03,PSA,SNG,TRUE
TCCACCACAATTGAGA,PBMC-06-1,PSA05,PSA,SNG,TRUE
TCCACCACAGAACTCT,PBMC-06-1,PSX04,PSX,SNG,TRUE
TCCACCACAGCGAACA,PBMC-06-1,PSX01,PSX,SNG,TRUE
TCCACCAGTAGCTGTT,PBMC-06-1,PSA16,PSA,DBL,FALSE
TCCACCAGTGCCTGCA,PBMC-06-1,PSA13,PSA,SNG,FALSE
TCCACCATCATTCGGA,PBMC-06-1,PSO15,PSO,SNG,TRUE
TCCACCATCCGAGTGC,PBMC-06-1,PSO15,PSO,DBL,FALSE
TCCACCATCCTTGGAA,PBMC-06-1,PSX01,PSX,SNG,TRUE
TCCACCATCGAACCAT,PBMC-06-1,PSA02,PSA,DBL,FALSE
TCCACCATCGATAACC,PBMC-06-1,PSA07,PSA,SNG,FALSE
TCCACCATCTATCGTT,PBMC-06-1,PSA15,PSA,SNG,TRUE
TCCACGTAGAGTATAC,PBMC-06-1,PSA05,PSA,SNG,TRUE
TCCACGTAGCATCAGG,PBMC-06-1,PSA17,PSA,AMB,FALSE
TCCACGTAGTGGTTGG,PBMC-06-1,PSO11,PSO,DBL,FALSE
TCCACGTCAGGATTCT,PBMC-06-1,PSX01,PSX,SNG,TRUE
TCCACGTCATTCGATG,PBMC-06-1,PSA14,PSA,SNG,TRUE
TCCACGTGTCATCTAG,PBMC-06-1,PSA15,PSA,SNG,TRUE
TCCACGTGTCGCAGTC,PBMC-06-1,PSX04,PSX,SNG,TRUE
TCCACGTGTCTGTGAT,PBMC-06-1,PSA04,PSA,SNG,FALSE
TCCACGTGTCTTTCTA,PBMC-06-1,PSX01,PSX,SNG,TRUE
TCCACGTGTGTCATGT,PBMC-06-1,PSO14,PSO,SNG,TRUE
TCCACGTGTTGAGGAC,PBMC-06-1,PSA14,PSA,SNG,TRUE
TCCACGTTCAGGGTAG,PBMC-06-1,PSO11,PSO,SNG,TRUE
TCCACGTTCTTCACGC,PBMC-06-1,PSA16,PSA,DBL,FALSE
TCCAGAAAGCAAGGAA,PBMC-06-1,PSO13,PSO,SNG,TRUE
TCCAGAAAGCATTTGC,PBMC-06-1,PSX01,PSX,DBL,FALSE
TCCAGAAAGCTAGATA,PBMC-06-1,PSA12,PSA,DBL,FALSE
TCCAGAAAGTCTGGTT,PBMC-06-1,PSA14,PSA,DBL,FALSE
TCCAGAAAGTTAGTAG,PBMC-06-1,PSA06,PSA,SNG,TRUE
TCCAGAACACAATCTG,PBMC-06-1,PSO12,PSO,SNG,TRUE
TCCAGAACACAGCTTA,PBMC-06-1,PSA02,PSA,SNG,TRUE
TCCAGAACACTGTCCT,PBMC-06-1,PSA05,PSA,DBL,FALSE
TCCAGAACATCCCGTT,PBMC-06-1,PSA03,PSA,DBL,FALSE
TCCAGAACATGGTACT,PBMC-06-1,PSA14,PSA,SNG,TRUE
TCCAGAAGTAAGATAC,PBMC-06-1,PSO15,PSO,SNG,FALSE
TCCAGAAGTCCATACA,PBMC-06-1,PSA03,PSA,SNG,TRUE
TCCAGAAGTCTTACTT,PBMC-06-1,PSX01,PSX,SNG,TRUE
TCCAGAAGTGCTCCGA,PBMC-06-1,PSA07,PSA,SNG,FALSE
TCCAGAAGTGTACAGG,PBMC-06-1,PSA14,PSA,SNG,TRUE
TCCAGAAGTGTACATC,PBMC-06-1,PSX01,PSX,SNG,TRUE
TCCAGAAGTTGACTAC,PBMC-06-1,PSA04,PSA,SNG,TRUE
TCCAGAAGTTGTACGT,PBMC-06-1,PSA06,PSA,SNG,TRUE
TCCAGAATCAACGAGG,PBMC-06-1,PSA17,PSA,DBL,FALSE
TCCAGAATCAACGTGT,PBMC-06-1,PSA07,PSA,SNG,FALSE
TCCAGAATCACCATCC,PBMC-06-1,PSA14,PSA,SNG,TRUE
TCCAGAATCCATGATG,PBMC-06-1,PSA02,PSA,SNG,TRUE
TCCAGAATCGAACGCC,PBMC-06-1,PSA12,PSA,DBL,FALSE
TCCAGAATCGATGCTA,PBMC-06-1,PSA07,PSA,DBL,FALSE
TCCAGAATCGTTCTCG,PBMC-06-1,PSA02,PSA,SNG,TRUE
TCCATCGCAAATTAGG,PBMC-06-1,PSA03,PSA,AMB,FALSE
TCCATCGCAAGCGCTC,PBMC-06-1,PSO15,PSO,DBL,FALSE
TCCATCGCACACACTA,PBMC-06-1,PSX04,PSX,SNG,TRUE
TCCATCGCACTTCAGA,PBMC-06-1,PSA17,PSA,SNG,TRUE
TCCATCGGTCAATGGG,PBMC-06-1,PSA16,PSA,AMB,FALSE
TCCATCGGTTCAACGT,PBMC-06-1,PSA14,PSA,SNG,TRUE
TCCATCGGTTCCGTTC,PBMC-06-1,PSA14,PSA,DBL,FALSE
TCCATGCAGATGCTGG,PBMC-06-1,PSO15,PSO,SNG,TRUE
TCCATGCAGGATTCCT,PBMC-06-1,PSA16,PSA,SNG,TRUE
TCCATGCCAAATGGTA,PBMC-06-1,PSA14,PSA,DBL,FALSE
TCCATGCCAAGTAGTA,PBMC-06-1,PSA14,PSA,SNG,TRUE
TCCATGCCACATGGTT,PBMC-06-1,PSA12,PSA,SNG,TRUE
TCCATGCCAGACACCC,PBMC-06-1,PSO15,PSO,SNG,TRUE
TCCATGCGTACCATAC,PBMC-06-1,PSX01,PSX,SNG,FALSE
TCCATGCGTACTCCGG,PBMC-06-1,PSA12,PSA,SNG,FALSE
TCCATGCGTAGAGATT,PBMC-06-1,PSA17,PSA,SNG,TRUE
TCCATGCGTGAGCGAT,PBMC-06-1,PSA07,PSA,SNG,FALSE
TCCATGCGTGTCCCTT,PBMC-06-1,PSA05,PSA,SNG,FALSE
TCCATGCGTGTCCTAA,PBMC-06-1,PSX04,PSX,SNG,TRUE
TCCATGCGTTGTAAAG,PBMC-06-1,PSA12,PSA,SNG,TRUE
TCCATGCTCACGAACT,PBMC-06-1,PSA07,PSA,SNG,TRUE
TCCATGCTCAGTGTGT,PBMC-06-1,PSA04,PSA,SNG,TRUE
TCCATGCTCGAGAAAT,PBMC-06-1,PSA03,PSA,SNG,TRUE
TCCATGCTCGGAAACG,PBMC-06-1,PSA13,PSA,DBL,FALSE
TCCATGCTCGTAATGC,PBMC-06-1,PSA13,PSA,SNG,TRUE
TCCATGCTCGTTCCCA,PBMC-06-1,PSX01,PSX,SNG,TRUE
TCCCACAAGAAGCTCG,PBMC-06-1,PSA07,PSA,SNG,TRUE
TCCCACAAGCCGAATG,PBMC-06-1,PSA15,PSA,SNG,TRUE
TCCCACAAGTCGAAAT,PBMC-06-1,PSO14,PSO,DBL,FALSE
TCCCACACAAACTCTG,PBMC-06-1,PSA02,PSA,SNG,TRUE
TCCCACACAAGCGCAA,PBMC-06-1,PSA02,PSA,DBL,FALSE
TCCCACACATTAAGCC,PBMC-06-1,PSA07,PSA,SNG,TRUE
TCCCACAGTATGACAA,PBMC-06-1,PSA02,PSA,SNG,TRUE
TCCCACAGTGTGACCC,PBMC-06-1,PSO11,PSO,SNG,TRUE
TCCCACAGTTCAAAGA,PBMC-06-1,PSA12,PSA,SNG,TRUE
TCCCACATCAAGCCGC,PBMC-06-1,PSX04,PSX,SNG,TRUE
TCCCACATCACTTATC,PBMC-06-1,PSA04,PSA,SNG,TRUE
TCCCACATCTATGTGG,PBMC-06-1,PSA05,PSA,SNG,TRUE
TCCCACATCTCGGTCT,PBMC-06-1,PSA07,PSA,SNG,TRUE
TCCCACATCTTAATCC,PBMC-06-1,PSA15,PSA,SNG,TRUE
TCCCAGTAGAAGTCCG,PBMC-06-1,PSA14,PSA,SNG,TRUE
TCCCAGTAGCATTGTC,PBMC-06-1,PSA06,PSA,SNG,TRUE
TCCCAGTAGGGCCAAT,PBMC-06-1,PSA14,PSA,SNG,TRUE
TCCCAGTAGGTCATAA,PBMC-06-1,PSO12,PSO,SNG,TRUE
TCCCAGTAGTTAGAAC,PBMC-06-1,PSA17,PSA,SNG,FALSE
TCCCAGTCAAACTAGA,PBMC-06-1,PSA16,PSA,SNG,TRUE
TCCCAGTCACCAGTAT,PBMC-06-1,PSA04,PSA,SNG,TRUE
TCCCAGTCAGACCAGA,PBMC-06-1,PSA12,PSA,SNG,TRUE
TCCCAGTCAGATAAAC,PBMC-06-1,PSX01,PSX,SNG,TRUE
TCCCAGTCAGCAGACA,PBMC-06-1,PSA06,PSA,SNG,TRUE
TCCCAGTGTACGCTTA,PBMC-06-1,PSO16,PSO,SNG,TRUE
TCCCAGTGTACGGATG,PBMC-06-1,PSA14,PSA,SNG,FALSE
TCCCAGTGTATCGGTT,PBMC-06-1,PSX01,PSX,SNG,TRUE
TCCCAGTGTGCAACAG,PBMC-06-1,PSA17,PSA,SNG,TRUE
TCCCAGTGTTCCAGGC,PBMC-06-1,PSO15,PSO,SNG,TRUE
TCCCAGTGTTCTCGTC,PBMC-06-1,PSA17,PSA,DBL,FALSE
TCCCAGTTCGACGCGT,PBMC-06-1,PSO15,PSO,SNG,TRUE
TCCCAGTTCGCTGATA,PBMC-06-1,PSO15,PSO,SNG,TRUE
TCCCAGTTCGGAAACG,PBMC-06-1,PSA13,PSA,SNG,TRUE
TCCCAGTTCGTTGCCT,PBMC-06-1,PSA05,PSA,SNG,TRUE
TCCCAGTTCTCATAGG,PBMC-06-1,PSA13,PSA,SNG,TRUE
TCCCAGTTCTTACTGT,PBMC-06-1,PSA02,PSA,SNG,TRUE
TCCCATGAGACATCAA,PBMC-06-1,PSA02,PSA,SNG,TRUE
TCCCATGAGAGTGTTA,PBMC-06-1,PSO15,PSO,DBL,FALSE
TCCCATGAGCAGAAAG,PBMC-06-1,PSA17,PSA,DBL,FALSE
TCCCATGAGTGGGAAA,PBMC-06-1,PSA16,PSA,SNG,FALSE
TCCCATGAGTTCGCAT,PBMC-06-1,PSA17,PSA,DBL,FALSE
TCCCATGCACGAGAAC,PBMC-06-1,PSA04,PSA,SNG,TRUE
TCCCATGCAGAGACTG,PBMC-06-1,PSX01,PSX,SNG,TRUE
TCCCATGCAGAGAGGG,PBMC-06-1,PSA03,PSA,SNG,TRUE
TCCCATGCAGCTGCCA,PBMC-06-1,PSA07,PSA,SNG,TRUE
TCCCATGCAGTTGAAA,PBMC-06-1,PSA14,PSA,SNG,TRUE
TCCCATGGTACGAGCA,PBMC-06-1,PSA13,PSA,SNG,TRUE
TCCCATGGTATCCTTT,PBMC-06-1,PSA04,PSA,SNG,TRUE
TCCCATGGTCAGGCAA,PBMC-06-1,PSA06,PSA,SNG,TRUE
TCCCATGGTCCGTACG,PBMC-06-1,PSO15,PSO,SNG,TRUE
TCCCATGGTCGCATCG,PBMC-06-1,PSO15,PSO,SNG,TRUE
TCCCATGGTGATTAGA,PBMC-06-1,PSA13,PSA,SNG,TRUE
TCCCATGGTGCAGTGA,PBMC-06-1,PSA17,PSA,SNG,TRUE
TCCCATGGTGGAGAAA,PBMC-06-1,PSA07,PSA,SNG,TRUE
TCCCATGGTTCTTGTT,PBMC-06-1,PSA05,PSA,SNG,TRUE
TCCCATGGTTGGAGAC,PBMC-06-1,PSX04,PSX,SNG,TRUE
TCCCATGTCAGACAAA,PBMC-06-1,PSA07,PSA,SNG,FALSE
TCCCATGTCAGCGCAC,PBMC-06-1,PSA02,PSA,SNG,TRUE
TCCCATGTCAGGAGAC,PBMC-06-1,PSA12,PSA,SNG,TRUE
TCCCATGTCCAAACCA,PBMC-06-1,PSA03,PSA,SNG,TRUE
TCCCATGTCCAGTTCC,PBMC-06-1,PSA04,PSA,SNG,TRUE
TCCGAAAAGAGTGGCT,PBMC-06-1,PSA04,PSA,SNG,FALSE
TCCGAAAAGCACCGTC,PBMC-06-1,PSO11,PSO,SNG,TRUE
TCCGAAACAAGCGAAC,PBMC-06-1,PSA14,PSA,SNG,TRUE
TCCGAAACACAGGATG,PBMC-06-1,PSA04,PSA,SNG,TRUE
TCCGAAACACTCACTC,PBMC-06-1,PSO14,PSO,DBL,FALSE
TCCGAAACACTGAATC,PBMC-06-1,PSA02,PSA,SNG,TRUE
TCCGAAACAGGTGTTT,PBMC-06-1,PSA12,PSA,DBL,FALSE
TCCGAAACATACTGTG,PBMC-06-1,PSA15,PSA,SNG,TRUE
TCCGAAAGTACAGAAT,PBMC-06-1,PSA16,PSA,SNG,TRUE
TCCGAAAGTACGAGCA,PBMC-06-1,PSA07,PSA,AMB,FALSE
TCCGAAAGTCTACAGT,PBMC-06-1,PSO15,PSO,SNG,TRUE
TCCGAAAGTGTCATCA,PBMC-06-1,PSA16,PSA,SNG,TRUE
TCCGAAAGTTCTAACG,PBMC-06-1,PSA12,PSA,SNG,TRUE
TCCGAAATCATAGACC,PBMC-06-1,PSA16,PSA,SNG,TRUE
TCCGAAATCATCTATC,PBMC-06-1,PSA07,PSA,SNG,TRUE
TCCGAAATCCTCTAGC,PBMC-06-1,PSA15,PSA,SNG,TRUE
TCCGAAATCGGTCTAA,PBMC-06-1,PSA14,PSA,SNG,TRUE
TCCGAAATCTGGCCAG,PBMC-06-1,PSX01,PSX,SNG,TRUE
TCCGAAATCTTAATCC,PBMC-06-1,PSO15,PSO,SNG,TRUE
TCCGATCAGCTAGAAT,PBMC-06-1,PSA04,PSA,DBL,FALSE
TCCGATCAGTACTGTC,PBMC-06-1,PSA12,PSA,SNG,TRUE
TCCGATCAGTATGTAG,PBMC-06-1,PSA06,PSA,DBL,FALSE
TCCGATCCAAGTCCCG,PBMC-06-1,PSA07,PSA,SNG,TRUE
TCCGATCCAATGCAAA,PBMC-06-1,PSA06,PSA,SNG,TRUE
TCCGATCCACAGCGCT,PBMC-06-1,PSA14,PSA,SNG,TRUE
TCCGATCCACGCTGTG,PBMC-06-1,PSA16,PSA,SNG,TRUE
TCCGATCCACTCTCGT,PBMC-06-1,PSA05,PSA,SNG,FALSE
TCCGATCGTAGCGTAG,PBMC-06-1,PSA06,PSA,DBL,FALSE
TCCGATCGTAGGGTAC,PBMC-06-1,PSA16,PSA,SNG,TRUE
TCCGATCGTGTCCGGT,PBMC-06-1,PSA17,PSA,SNG,TRUE
TCCGATCTCGGAACTT,PBMC-06-1,PSX01,PSX,SNG,TRUE
TCCGATCTCTCTAAGG,PBMC-06-1,PSA17,PSA,SNG,TRUE
TCCGGGAAGCCTATTG,PBMC-06-1,PSO12,PSO,SNG,TRUE
TCCGGGAAGGAAAGGT,PBMC-06-1,PSA05,PSA,SNG,TRUE
TCCGGGAAGGTGCAGT,PBMC-06-1,PSX01,PSX,SNG,FALSE
TCCGGGACAAAGCTCT,PBMC-06-1,PSX01,PSX,SNG,TRUE
TCCGGGACAAATAAGC,PBMC-06-1,PSO15,PSO,SNG,TRUE
TCCGGGACACATGGTT,PBMC-06-1,PSA17,PSA,SNG,TRUE
TCCGGGACACTTGTCC,PBMC-06-1,PSA13,PSA,SNG,TRUE
TCCGGGACAGGTTTAC,PBMC-06-1,PSA02,PSA,SNG,TRUE
TCCGGGACAGTGCGCT,PBMC-06-1,PSO14,PSO,SNG,TRUE
TCCGGGACATGTTCAG,PBMC-06-1,PSO11,PSO,SNG,FALSE
TCCGGGACATTGACAC,PBMC-06-1,PSA13,PSA,SNG,TRUE
TCCGGGAGTATGAGGC,PBMC-06-1,PSA15,PSA,SNG,TRUE
TCCGGGAGTTGTGTAC,PBMC-06-1,PSA17,PSA,SNG,TRUE
TCCGGGATCCTCAGAA,PBMC-06-1,PSA05,PSA,SNG,TRUE
TCCGGGATCGGCAGTC,PBMC-06-1,PSX01,PSX,DBL,FALSE
TCCGGGATCTATTCGT,PBMC-06-1,PSA17,PSA,SNG,TRUE
TCCGGGATCTGGACCG,PBMC-06-1,PSA12,PSA,SNG,TRUE
TCCGGGATCTGGAGAG,PBMC-06-1,PSA16,PSA,SNG,TRUE
TCCGTGTCAAACGGCA,PBMC-06-1,PSA15,PSA,SNG,TRUE
TCCGTGTCAAGTGGCA,PBMC-06-1,PSA17,PSA,SNG,TRUE
TCCGTGTCACTGGACC,PBMC-06-1,PSX01,PSX,SNG,TRUE
TCCGTGTCACTTCCTG,PBMC-06-1,PSA17,PSA,SNG,TRUE
TCCGTGTCAGCGTACC,PBMC-06-1,PSA06,PSA,AMB,FALSE
TCCGTGTCAGGGAGAG,PBMC-06-1,PSA05,PSA,SNG,TRUE
TCCGTGTCATGACGTT,PBMC-06-1,PSA13,PSA,SNG,TRUE
TCCGTGTCATGATAGA,PBMC-06-1,PSX01,PSX,SNG,TRUE
TCCGTGTGTACTCCGG,PBMC-06-1,PSA07,PSA,SNG,TRUE
TCCGTGTGTATACCCA,PBMC-06-1,PSA12,PSA,SNG,TRUE
TCCGTGTGTCCCGGTA,PBMC-06-1,PSO15,PSO,AMB,FALSE
TCCGTGTGTCTCAGGC,PBMC-06-1,PSA05,PSA,AMB,FALSE
TCCGTGTGTGAATGTA,PBMC-06-1,PSX01,PSX,SNG,TRUE
TCCGTGTTCAGGCGAA,PBMC-06-1,PSA02,PSA,SNG,TRUE
TCCGTGTTCATCTGTT,PBMC-06-1,PSA15,PSA,SNG,TRUE
TCCGTGTTCCACACCT,PBMC-06-1,PSA04,PSA,SNG,TRUE
TCCGTGTTCCATAAGC,PBMC-06-1,PSO12,PSO,SNG,TRUE
TCCGTGTTCCTACCAC,PBMC-06-1,PSX01,PSX,SNG,FALSE
TCCGTGTTCCTTCAGC,PBMC-06-1,PSA02,PSA,SNG,TRUE
TCCGTGTTCGCAATTG,PBMC-06-1,PSA16,PSA,DBL,FALSE
TCCTAATAGAAACTGT,PBMC-06-1,PSO16,PSO,SNG,TRUE
TCCTAATAGAAATGGG,PBMC-06-1,PSO11,PSO,SNG,TRUE
TCCTAATAGAAGTCCG,PBMC-06-1,PSA15,PSA,DBL,FALSE
TCCTAATAGAGCTTTC,PBMC-06-1,PSA05,PSA,DBL,FALSE
TCCTAATAGCTCTGTA,PBMC-06-1,PSA02,PSA,SNG,TRUE
TCCTAATAGGCACTAG,PBMC-06-1,PSA17,PSA,SNG,FALSE
TCCTAATAGTCGGCAA,PBMC-06-1,PSA02,PSA,SNG,TRUE
TCCTAATCAAGACGGT,PBMC-06-1,PSA16,PSA,SNG,TRUE
TCCTAATCAAGCTGCC,PBMC-06-1,PSA17,PSA,SNG,TRUE
TCCTAATCACAATGTC,PBMC-06-1,PSA13,PSA,SNG,FALSE
TCCTAATCACACAGAG,PBMC-06-1,PSX01,PSX,SNG,TRUE
TCCTAATCAGAAACCG,PBMC-06-1,PSA17,PSA,DBL,FALSE
TCCTAATCAGGGTCTC,PBMC-06-1,PSO14,PSO,SNG,TRUE
TCCTAATCATACCACA,PBMC-06-1,PSA05,PSA,SNG,TRUE
TCCTAATCATGACTTG,PBMC-06-1,PSA12,PSA,SNG,TRUE
TCCTAATGTCCCAAAT,PBMC-06-1,PSA02,PSA,SNG,TRUE
TCCTAATGTGCCAAGA,PBMC-06-1,PSA14,PSA,SNG,TRUE
TCCTAATGTGCTCTCT,PBMC-06-1,PSA17,PSA,SNG,TRUE
TCCTAATGTGCTTCAA,PBMC-06-1,PSA12,PSA,SNG,TRUE
TCCTAATGTTACACAC,PBMC-06-1,PSX01,PSX,SNG,TRUE
TCCTAATGTTCAGGTT,PBMC-06-1,PSA04,PSA,SNG,TRUE
TCCTAATTCAGTGTTG,PBMC-06-1,PSA02,PSA,DBL,FALSE
TCCTAATTCCAAGCCG,PBMC-06-1,PSA13,PSA,DBL,FALSE
TCCTAATTCCATTTGT,PBMC-06-1,PSO14,PSO,DBL,FALSE
TCCTAATTCGCATGAT,PBMC-06-1,PSA14,PSA,SNG,FALSE
TCCTAATTCTACTATC,PBMC-06-1,PSA14,PSA,SNG,TRUE
TCCTAATTCTGAGAGG,PBMC-06-1,PSA17,PSA,SNG,TRUE
TCCTAATTCTTTACAC,PBMC-06-1,PSA04,PSA,AMB,FALSE
TCCTAATTCTTTGATC,PBMC-06-1,PSO12,PSO,SNG,TRUE
TCCTCCCAGACGCTCC,PBMC-06-1,PSA07,PSA,SNG,TRUE
TCCTCCCAGACTCTTG,PBMC-06-1,PSA06,PSA,SNG,TRUE
TCCTCCCAGAGCTGCA,PBMC-06-1,PSA14,PSA,SNG,TRUE
TCCTCCCAGCCTGTGC,PBMC-06-1,PSA06,PSA,SNG,TRUE
TCCTCCCAGCGATGGT,PBMC-06-1,PSA16,PSA,SNG,FALSE
TCCTCCCAGCTATCTG,PBMC-06-1,PSA14,PSA,DBL,FALSE
TCCTCCCCACAAAGTA,PBMC-06-1,PSA14,PSA,SNG,TRUE
TCCTCCCCACGCTTAA,PBMC-06-1,PSA07,PSA,SNG,TRUE
TCCTCCCCACGTCTCT,PBMC-06-1,PSO15,PSO,DBL,FALSE
TCCTCCCCAGAAGCGT,PBMC-06-1,PSA02,PSA,SNG,TRUE
TCCTCCCCAGCAAGAC,PBMC-06-1,PSA17,PSA,SNG,TRUE
TCCTCCCCATACAGAA,PBMC-06-1,PSA17,PSA,SNG,TRUE
TCCTCCCCATTCAGCA,PBMC-06-1,PSA07,PSA,SNG,TRUE
TCCTCCCGTATACGGG,PBMC-06-1,PSA16,PSA,SNG,TRUE
TCCTCCCGTCAGGCAA,PBMC-06-1,PSA12,PSA,SNG,TRUE
TCCTCCCGTCATGCAT,PBMC-06-1,PSA16,PSA,SNG,TRUE
TCCTCCCGTCTGTCCT,PBMC-06-1,PSA05,PSA,SNG,TRUE
TCCTCCCGTCTTCCGT,PBMC-06-1,PSA04,PSA,SNG,TRUE
TCCTCCCGTGGCCCAT,PBMC-06-1,PSA13,PSA,SNG,FALSE
TCCTCCCGTGGTCCCA,PBMC-06-1,PSA14,PSA,SNG,TRUE
TCCTCCCGTGTCGATT,PBMC-06-1,PSX04,PSX,SNG,TRUE
TCCTCCCTCAAGGAGC,PBMC-06-1,PSA05,PSA,SNG,TRUE
TCCTCCCTCAATCCAG,PBMC-06-1,PSA16,PSA,SNG,TRUE
TCCTCCCTCCATAAGC,PBMC-06-1,PSX01,PSX,SNG,TRUE
TCCTCCCTCCCTCAAC,PBMC-06-1,PSA02,PSA,SNG,FALSE
TCCTCCCTCCGTTGGG,PBMC-06-1,PSA03,PSA,SNG,FALSE
TCCTCCCTCGCTCCTA,PBMC-06-1,PSA03,PSA,SNG,TRUE
TCCTCCCTCGGCTATA,PBMC-06-1,PSA12,PSA,SNG,TRUE
TCCTCCCTCTTACTGT,PBMC-06-1,PSA07,PSA,DBL,FALSE
TCCTCGAAGAATTTGG,PBMC-06-1,PSA12,PSA,SNG,FALSE
TCCTCGAAGCATCTTG,PBMC-06-1,PSA14,PSA,SNG,TRUE
TCCTCGAAGGCACTAG,PBMC-06-1,PSA14,PSA,SNG,TRUE
TCCTCGAAGTGCGACA,PBMC-06-1,PSO14,PSO,DBL,FALSE
TCCTCGACAAAGCTCT,PBMC-06-1,PSO12,PSO,SNG,TRUE
TCCTCGACAAAGGGCT,PBMC-06-1,PSO15,PSO,DBL,FALSE
TCCTCGACACACTGGC,PBMC-06-1,PSA07,PSA,SNG,TRUE
TCCTCGACACGACGTC,PBMC-06-1,PSA16,PSA,SNG,TRUE
TCCTCGACAGACTCTA,PBMC-06-1,PSA13,PSA,SNG,FALSE
TCCTCGACATCAGCGC,PBMC-06-1,PSA05,PSA,DBL,FALSE
TCCTCGAGTAGGGTAC,PBMC-06-1,PSA17,PSA,SNG,TRUE
TCCTCGAGTATTTCGG,PBMC-06-1,PSO14,PSO,SNG,TRUE
TCCTCGAGTCAATCTG,PBMC-06-1,PSO14,PSO,SNG,TRUE
TCCTCGAGTCCACGCA,PBMC-06-1,PSA17,PSA,SNG,TRUE
TCCTCGATCATCTATC,PBMC-06-1,PSX01,PSX,SNG,TRUE
TCCTCGATCCCGAGAC,PBMC-06-1,PSO12,PSO,SNG,TRUE
TCCTCGATCGCACGAC,PBMC-06-1,PSX04,PSX,SNG,TRUE
TCCTCGATCGGCCAAC,PBMC-06-1,PSO12,PSO,SNG,TRUE
TCCTCGATCGGTCTAA,PBMC-06-1,PSO13,PSO,DBL,FALSE
TCCTCGATCTCGTCGT,PBMC-06-1,PSX04,PSX,AMB,FALSE
TCCTCGATCTGGGTCG,PBMC-06-1,PSA14,PSA,SNG,TRUE
TCCTCGATCTGTAAGC,PBMC-06-1,PSA07,PSA,SNG,TRUE
TCCTCGATCTTCCACG,PBMC-06-1,PSX01,PSX,SNG,TRUE
TCCTCTTCAAAGCGTG,PBMC-06-1,PSO15,PSO,SNG,TRUE
TCCTCTTCAAGTGGGT,PBMC-06-1,PSA07,PSA,DBL,FALSE
TCCTCTTCAATCTCGA,PBMC-06-1,PSA13,PSA,SNG,TRUE
TCCTCTTCACATAGCT,PBMC-06-1,PSO11,PSO,SNG,TRUE
TCCTCTTCATCTCAAG,PBMC-06-1,PSX01,PSX,DBL,FALSE
TCCTCTTGTAGAGACC,PBMC-06-1,PSO15,PSO,SNG,TRUE
TCCTCTTGTAGTCCTA,PBMC-06-1,PSX01,PSX,SNG,TRUE
TCCTCTTGTCTGTGGC,PBMC-06-1,PSO14,PSO,SNG,TRUE
TCCTCTTGTTTCACTT,PBMC-06-1,PSA07,PSA,SNG,FALSE
TCCTGCAAGCAGGGAG,PBMC-06-1,PSA03,PSA,DBL,FALSE
TCCTGCAAGCTACTAC,PBMC-06-1,PSX01,PSX,SNG,TRUE
TCCTGCAAGGCACGAT,PBMC-06-1,PSA13,PSA,SNG,TRUE
TCCTGCAAGTTCAACC,PBMC-06-1,PSA17,PSA,SNG,FALSE
TCCTGCACAACAGTGG,PBMC-06-1,PSO12,PSO,DBL,FALSE
TCCTGCACACCCATAA,PBMC-06-1,PSA04,PSA,SNG,FALSE
TCCTGCACAGAGACTG,PBMC-06-1,PSA14,PSA,SNG,FALSE
TCCTGCACAGAGTAAT,PBMC-06-1,PSX01,PSX,SNG,TRUE
TCCTGCACATAGAAAC,PBMC-06-1,PSA14,PSA,DBL,FALSE
TCCTGCACATGGCTAT,PBMC-06-1,PSA12,PSA,SNG,FALSE
TCCTGCAGTATAGGGC,PBMC-06-1,PSO15,PSO,SNG,TRUE
TCCTGCAGTCGCGGTT,PBMC-06-1,PSO14,PSO,SNG,FALSE
TCCTGCAGTGCGTGCT,PBMC-06-1,PSA05,PSA,DBL,FALSE
TCCTGCAGTGTGTACT,PBMC-06-1,PSA02,PSA,SNG,TRUE
TCCTGCAGTTAAACCC,PBMC-06-1,PSO12,PSO,SNG,FALSE
TCCTGCATCAGGTAAA,PBMC-06-1,PSA14,PSA,SNG,FALSE
TCCTGCATCCGGACGT,PBMC-06-1,PSO15,PSO,SNG,TRUE
TCCTGCATCGGCTTCT,PBMC-06-1,PSA14,PSA,SNG,FALSE
TCCTGCATCTAGTTCT,PBMC-06-1,PSX01,PSX,SNG,TRUE
TCCTGCATCTTGGGCG,PBMC-06-1,PSX04,PSX,SNG,FALSE
TCCTGCATCTTGTGCC,PBMC-06-1,PSO13,PSO,DBL,FALSE
TCCTTCTAGATTCGAA,PBMC-06-1,PSO15,PSO,SNG,TRUE
TCCTTCTAGCATGGGT,PBMC-06-1,PSO15,PSO,SNG,TRUE
TCCTTCTAGCATTGAA,PBMC-06-1,PSO15,PSO,DBL,FALSE
TCCTTCTAGCGTACAG,PBMC-06-1,PSA05,PSA,SNG,TRUE
TCCTTCTAGCTAGAAT,PBMC-06-1,PSX04,PSX,SNG,TRUE
TCCTTCTAGGACACTG,PBMC-06-1,PSA16,PSA,SNG,TRUE
TCCTTCTAGTATGCAA,PBMC-06-1,PSO11,PSO,SNG,TRUE
TCCTTCTCACGCTGCA,PBMC-06-1,PSA15,PSA,AMB,FALSE
TCCTTCTCAGGCATTT,PBMC-06-1,PSA02,PSA,SNG,TRUE
TCCTTCTGTGACGTCC,PBMC-06-1,PSA17,PSA,SNG,TRUE
TCCTTCTGTGTTTGCA,PBMC-06-1,PSX04,PSX,SNG,FALSE
TCCTTCTTCCGCTTAC,PBMC-06-1,PSO11,PSO,SNG,TRUE
TCCTTCTTCGGTAAGG,PBMC-06-1,PSA06,PSA,SNG,TRUE
TCCTTTCAGAAGCGCT,PBMC-06-1,PSA14,PSA,SNG,TRUE
TCCTTTCAGCCGATTT,PBMC-06-1,PSO15,PSO,SNG,TRUE
TCCTTTCAGGGTCACA,PBMC-06-1,PSA07,PSA,SNG,TRUE
TCCTTTCAGTGATCGG,PBMC-06-1,PSO11,PSO,SNG,TRUE
TCCTTTCAGTGGACTG,PBMC-06-1,PSA03,PSA,SNG,TRUE
TCCTTTCCAACTAGAA,PBMC-06-1,PSA03,PSA,SNG,TRUE
TCCTTTCCAATAAGGT,PBMC-06-1,PSA14,PSA,SNG,TRUE
TCCTTTCCAGGTTCGC,PBMC-06-1,PSA16,PSA,SNG,TRUE
TCCTTTCCATAGATGA,PBMC-06-1,PSO12,PSO,SNG,TRUE
TCCTTTCGTAGAGTTA,PBMC-06-1,PSA12,PSA,SNG,TRUE
TCCTTTCGTATCAAGA,PBMC-06-1,PSO15,PSO,SNG,TRUE
TCCTTTCGTATGCGGA,PBMC-06-1,PSA17,PSA,SNG,TRUE
TCCTTTCGTGAAGCGT,PBMC-06-1,PSO15,PSO,SNG,FALSE
TCCTTTCGTGTATTCG,PBMC-06-1,PSA14,PSA,SNG,TRUE
TCCTTTCGTTTACTGG,PBMC-06-1,PSO11,PSO,SNG,TRUE
TCCTTTCGTTTCGTGA,PBMC-06-1,PSA14,PSA,SNG,TRUE
TCCTTTCTCAAACGAA,PBMC-06-1,PSA02,PSA,SNG,TRUE
TCCTTTCTCAAATGAG,PBMC-06-1,PSA17,PSA,SNG,TRUE
TCCTTTCTCCAAAGGG,PBMC-06-1,PSA02,PSA,SNG,TRUE
TCCTTTCTCGTCAACA,PBMC-06-1,PSA06,PSA,SNG,TRUE
TCGAACAAGACCAGAC,PBMC-06-1,PSA04,PSA,SNG,TRUE
TCGAACAAGAGGTTTA,PBMC-06-1,PSA17,PSA,SNG,TRUE
TCGAACAAGAGTCGAC,PBMC-06-1,PSA14,PSA,SNG,TRUE
TCGAACAAGTGAGGCT,PBMC-06-1,PSA07,PSA,SNG,TRUE
TCGAACACAAGAGAGA,PBMC-06-1,PSA14,PSA,DBL,FALSE
TCGAACACACCTCAGG,PBMC-06-1,PSO15,PSO,SNG,TRUE
TCGAACACACTCGATA,PBMC-06-1,PSA16,PSA,DBL,FALSE
TCGAACACAGACAATA,PBMC-06-1,PSO15,PSO,SNG,FALSE
TCGAACACATTGAAGA,PBMC-06-1,PSA17,PSA,SNG,TRUE
TCGAACAGTAGAGATT,PBMC-06-1,PSA14,PSA,SNG,TRUE
TCGAACAGTAGGGTAC,PBMC-06-1,PSA05,PSA,SNG,TRUE
TCGAACAGTATAGCTC,PBMC-06-1,PSO15,PSO,DBL,FALSE
TCGAACAGTCCAGCCA,PBMC-06-1,PSX01,PSX,SNG,TRUE
TCGAACAGTGAGTGAC,PBMC-06-1,PSA17,PSA,DBL,FALSE
TCGAACAGTGTCTTCC,PBMC-06-1,PSX01,PSX,DBL,FALSE
TCGAACAGTGTGTGGA,PBMC-06-1,PSA04,PSA,SNG,TRUE
TCGAACAGTTGCCAAT,PBMC-06-1,PSA04,PSA,SNG,TRUE
TCGAACATCAGTAGGG,PBMC-06-1,PSA04,PSA,SNG,TRUE
TCGAACATCTTCTCAA,PBMC-06-1,PSO11,PSO,SNG,FALSE
TCGAACATCTTTACAC,PBMC-06-1,PSA07,PSA,SNG,TRUE
TCGAAGTAGCCTAGGA,PBMC-06-1,PSA14,PSA,SNG,TRUE
TCGAAGTAGTTCCAGT,PBMC-06-1,PSA05,PSA,SNG,TRUE
TCGAAGTCAGGATGAC,PBMC-06-1,PSA07,PSA,SNG,FALSE
TCGAAGTCATGAGATA,PBMC-06-1,PSA06,PSA,SNG,TRUE
TCGAAGTCATGCCGCA,PBMC-06-1,PSA14,PSA,SNG,TRUE
TCGAAGTGTCACCACG,PBMC-06-1,PSO15,PSO,DBL,FALSE
TCGAAGTGTCAGTCCG,PBMC-06-1,PSO15,PSO,SNG,TRUE
TCGAAGTGTCATCAGT,PBMC-06-1,PSO15,PSO,SNG,TRUE
TCGAAGTGTCCCGGTA,PBMC-06-1,PSO14,PSO,AMB,FALSE
TCGAAGTGTCTCTCTG,PBMC-06-1,PSA07,PSA,SNG,TRUE
TCGAAGTTCAAACCCA,PBMC-06-1,PSA13,PSA,DBL,FALSE
TCGAAGTTCAAGCCAT,PBMC-06-1,PSA17,PSA,SNG,TRUE
TCGAAGTTCAAGGACG,PBMC-06-1,PSA02,PSA,SNG,TRUE
TCGAAGTTCATCTACT,PBMC-06-1,PSA07,PSA,SNG,TRUE
TCGAAGTTCTCTTGCG,PBMC-06-1,PSA12,PSA,SNG,FALSE
TCGACCTAGACCGCCT,PBMC-06-1,PSA07,PSA,SNG,TRUE
TCGACCTAGAGCCGAT,PBMC-06-1,PSX01,PSX,DBL,FALSE
TCGACCTAGCAAACAT,PBMC-06-1,PSA14,PSA,SNG,TRUE
TCGACCTAGCAACTCT,PBMC-06-1,PSA05,PSA,SNG,TRUE
TCGACCTAGGGATCTG,PBMC-06-1,PSA07,PSA,SNG,FALSE
TCGACCTAGTCGAAGC,PBMC-06-1,PSA14,PSA,SNG,TRUE
TCGACCTCACAGCCAC,PBMC-06-1,PSA02,PSA,DBL,FALSE
TCGACCTCACGGTCTG,PBMC-06-1,PSA16,PSA,SNG,TRUE
TCGACCTCAGCACAGA,PBMC-06-1,PSA17,PSA,SNG,FALSE
TCGACCTCATAACAGA,PBMC-06-1,PSA02,PSA,SNG,FALSE
TCGACCTCATGCGGTC,PBMC-06-1,PSA07,PSA,SNG,TRUE
TCGACCTGTACTCGTA,PBMC-06-1,PSA02,PSA,SNG,TRUE
TCGACCTGTATCGAAA,PBMC-06-1,PSA17,PSA,SNG,TRUE
TCGACCTGTATCGATC,PBMC-06-1,PSO11,PSO,SNG,FALSE
TCGACCTGTCCCGTGA,PBMC-06-1,PSA14,PSA,SNG,TRUE
TCGACCTGTCCGCAGT,PBMC-06-1,PSA02,PSA,SNG,TRUE
TCGACCTGTCGGTAAG,PBMC-06-1,PSA17,PSA,SNG,TRUE
TCGACCTGTGTCCAAT,PBMC-06-1,PSA12,PSA,SNG,FALSE
TCGACCTTCTGAGTCA,PBMC-06-1,PSA04,PSA,SNG,TRUE
TCGACCTTCTGCACCT,PBMC-06-1,PSA17,PSA,SNG,TRUE
TCGACGGAGAGATCGC,PBMC-06-1,PSA03,PSA,SNG,TRUE
TCGACGGAGGAAGTGA,PBMC-06-1,PSA06,PSA,SNG,TRUE
TCGACGGCAACCCTCT,PBMC-06-1,PSO12,PSO,DBL,FALSE
TCGACGGCAACCTAAC,PBMC-06-1,PSA05,PSA,SNG,TRUE
TCGACGGCACATAGCT,PBMC-06-1,PSA04,PSA,SNG,TRUE
TCGACGGCAGACGATG,PBMC-06-1,PSO16,PSO,DBL,FALSE
TCGACGGCATCATCCC,PBMC-06-1,PSA14,PSA,SNG,TRUE
TCGACGGGTCTTCATT,PBMC-06-1,PSA17,PSA,SNG,FALSE
TCGACGGGTGAATGAT,PBMC-06-1,PSA12,PSA,SNG,TRUE
TCGACGGGTGACACAG,PBMC-06-1,PSO14,PSO,SNG,TRUE
TCGACGGGTGACATCT,PBMC-06-1,PSA03,PSA,SNG,TRUE
TCGACGGGTGACTCTA,PBMC-06-1,PSA12,PSA,DBL,FALSE
TCGACGGGTGTTGACT,PBMC-06-1,PSA12,PSA,SNG,FALSE
TCGACGGTCACTCTTA,PBMC-06-1,PSX04,PSX,DBL,FALSE
TCGACGGTCGACATTG,PBMC-06-1,PSA02,PSA,SNG,TRUE
TCGACGGTCGCTCATC,PBMC-06-1,PSA02,PSA,SNG,TRUE
TCGACGGTCTCAACGA,PBMC-06-1,PSO12,PSO,DBL,FALSE
TCGACGGTCTCGTCAC,PBMC-06-1,PSA15,PSA,SNG,TRUE
TCGATTTAGAAGCGCT,PBMC-06-1,PSA07,PSA,SNG,TRUE
TCGATTTAGAAGTCCG,PBMC-06-1,PSA15,PSA,DBL,FALSE
TCGATTTAGGCGTCCT,PBMC-06-1,PSA17,PSA,DBL,FALSE
TCGATTTAGTAACCGG,PBMC-06-1,PSX01,PSX,SNG,TRUE
TCGATTTAGTAGTCAA,PBMC-06-1,PSO15,PSO,SNG,TRUE
TCGATTTAGTCGGCAA,PBMC-06-1,PSO14,PSO,DBL,FALSE
TCGATTTAGTCTGTAC,PBMC-06-1,PSA03,PSA,SNG,TRUE
TCGATTTCACGGTAGA,PBMC-06-1,PSA02,PSA,SNG,TRUE
TCGATTTCACTGCGAC,PBMC-06-1,PSA17,PSA,SNG,TRUE
TCGATTTCAGACATCT,PBMC-06-1,PSO11,PSO,SNG,TRUE
TCGATTTCAGGCCCTA,PBMC-06-1,PSA07,PSA,SNG,FALSE
TCGATTTGTACCCACG,PBMC-06-1,PSX04,PSX,SNG,TRUE
TCGATTTGTACCTGTA,PBMC-06-1,PSA05,PSA,SNG,TRUE
TCGATTTGTAGATCCT,PBMC-06-1,PSA07,PSA,SNG,TRUE
TCGATTTGTAGCGCCT,PBMC-06-1,PSO14,PSO,SNG,TRUE
TCGATTTGTCTCCCTA,PBMC-06-1,PSO15,PSO,SNG,TRUE
TCGATTTGTCTTCTAT,PBMC-06-1,PSO15,PSO,DBL,FALSE
TCGATTTGTGCATGTT,PBMC-06-1,PSA07,PSA,DBL,FALSE
TCGATTTTCCCAGTGG,PBMC-06-1,PSO14,PSO,AMB,FALSE
TCGATTTTCGCCTCTA,PBMC-06-1,PSA06,PSA,SNG,TRUE
TCGATTTTCGTCGACG,PBMC-06-1,PSX01,PSX,SNG,FALSE
TCGATTTTCGTTGTTT,PBMC-06-1,PSA07,PSA,SNG,TRUE
TCGCACTAGAGCATCG,PBMC-06-1,PSA14,PSA,DBL,FALSE
TCGCACTAGGGTTGCA,PBMC-06-1,PSO15,PSO,SNG,TRUE
TCGCACTAGGTAAAGG,PBMC-06-1,PSA14,PSA,DBL,FALSE
TCGCACTAGTTACGAA,PBMC-06-1,PSA12,PSA,SNG,TRUE
TCGCACTCACTTGTGA,PBMC-06-1,PSA12,PSA,DBL,FALSE
TCGCACTCAGCACAGA,PBMC-06-1,PSO15,PSO,SNG,TRUE
TCGCACTCAGCCTACG,PBMC-06-1,PSO15,PSO,SNG,FALSE
TCGCACTCAGCTATTG,PBMC-06-1,PSA12,PSA,SNG,TRUE
TCGCACTCAGGTGACA,PBMC-06-1,PSA04,PSA,SNG,TRUE
TCGCACTCATCATTGG,PBMC-06-1,PSA04,PSA,SNG,TRUE
TCGCACTGTATGCGTT,PBMC-06-1,PSA16,PSA,SNG,FALSE
TCGCACTGTGAGTGAC,PBMC-06-1,PSA03,PSA,SNG,TRUE
TCGCACTGTGTATACC,PBMC-06-1,PSX04,PSX,SNG,TRUE
TCGCACTGTTACAGCT,PBMC-06-1,PSA15,PSA,SNG,FALSE
TCGCACTTCACTGGGC,PBMC-06-1,PSA06,PSA,SNG,TRUE
TCGCACTTCAGATGCT,PBMC-06-1,PSA14,PSA,SNG,FALSE
TCGCACTTCCCGAAAT,PBMC-06-1,PSA13,PSA,DBL,FALSE
TCGCACTTCCCTCATG,PBMC-06-1,PSO12,PSO,DBL,FALSE
TCGCACTTCGAGTGAG,PBMC-06-1,PSA02,PSA,SNG,TRUE
TCGCACTTCGGTCAGC,PBMC-06-1,PSX01,PSX,SNG,TRUE
TCGCACTTCGTTACCC,PBMC-06-1,PSO15,PSO,SNG,TRUE
TCGCACTTCTCCGTGT,PBMC-06-1,PSA07,PSA,SNG,TRUE
TCGCACTTCTTTGGAG,PBMC-06-1,PSA17,PSA,SNG,FALSE
TCGCAGGAGACCATAA,PBMC-06-1,PSA04,PSA,SNG,FALSE
TCGCAGGAGAGGTGCT,PBMC-06-1,PSO15,PSO,SNG,TRUE
TCGCAGGAGCGTCTGC,PBMC-06-1,PSA15,PSA,SNG,TRUE
TCGCAGGAGCTGGCTC,PBMC-06-1,PSA07,PSA,SNG,FALSE
TCGCAGGAGGTAGTCG,PBMC-06-1,PSA07,PSA,SNG,TRUE
TCGCAGGCACAAACGG,PBMC-06-1,PSX04,PSX,SNG,TRUE
TCGCAGGCACCTATCC,PBMC-06-1,PSA14,PSA,SNG,TRUE
TCGCAGGCACTCACTC,PBMC-06-1,PSX01,PSX,SNG,TRUE
TCGCAGGCAGCGTGAA,PBMC-06-1,PSA07,PSA,SNG,TRUE
TCGCAGGCATTCCTAT,PBMC-06-1,PSA05,PSA,SNG,FALSE
TCGCAGGGTAACTAAG,PBMC-06-1,PSA02,PSA,SNG,TRUE
TCGCAGGGTATCCTCC,PBMC-06-1,PSA07,PSA,SNG,TRUE
TCGCAGGGTGACACGA,PBMC-06-1,PSA06,PSA,AMB,FALSE
TCGCAGGGTGATATAG,PBMC-06-1,PSA15,PSA,SNG,TRUE
TCGCAGGGTTATGTCG,PBMC-06-1,PSA15,PSA,SNG,TRUE
TCGCAGGTCCGCAACG,PBMC-06-1,PSA06,PSA,SNG,TRUE
TCGCAGGTCGCAATTG,PBMC-06-1,PSO12,PSO,SNG,TRUE
TCGCTCAAGATGCCGA,PBMC-06-1,PSA02,PSA,SNG,FALSE
TCGCTCAAGCACACAG,PBMC-06-1,PSA07,PSA,SNG,TRUE
TCGCTCAAGCGATGAC,PBMC-06-1,PSA07,PSA,SNG,TRUE
TCGCTCACACTGATTG,PBMC-06-1,PSA12,PSA,SNG,TRUE
TCGCTCACAGTAGTTC,PBMC-06-1,PSA07,PSA,SNG,TRUE
TCGCTCACATCTCCCA,PBMC-06-1,PSA14,PSA,SNG,TRUE
TCGCTCACATGTACGT,PBMC-06-1,PSX04,PSX,SNG,TRUE
TCGCTCAGTACGTGTT,PBMC-06-1,PSA13,PSA,DBL,FALSE
TCGCTCAGTGGTATGG,PBMC-06-1,PSA15,PSA,DBL,FALSE
TCGCTCAGTTAGTTCG,PBMC-06-1,PSA14,PSA,SNG,TRUE
TCGCTCAGTTGGGTAG,PBMC-06-1,PSA04,PSA,SNG,TRUE
TCGCTCAGTTTCGATG,PBMC-06-1,PSA07,PSA,SNG,TRUE
TCGCTCATCCACGTGG,PBMC-06-1,PSO15,PSO,SNG,TRUE
TCGCTCATCTAGTCAG,PBMC-06-1,PSA16,PSA,SNG,TRUE
TCGCTTGAGAACCGCA,PBMC-06-1,PSO15,PSO,SNG,TRUE
TCGCTTGAGCTAGAAT,PBMC-06-1,PSA04,PSA,SNG,TRUE
TCGCTTGAGCTGGAGT,PBMC-06-1,PSA13,PSA,SNG,FALSE
TCGCTTGAGGAGCAAA,PBMC-06-1,PSA14,PSA,SNG,TRUE
TCGCTTGAGGCTATCT,PBMC-06-1,PSO11,PSO,DBL,FALSE
TCGCTTGAGGTCGAGT,PBMC-06-1,PSX01,PSX,DBL,FALSE
TCGCTTGAGTCACACT,PBMC-06-1,PSO15,PSO,SNG,TRUE
TCGCTTGCAACACAGG,PBMC-06-1,PSA03,PSA,SNG,TRUE
TCGCTTGCACTGCGAC,PBMC-06-1,PSX01,PSX,SNG,FALSE
TCGCTTGCATCGATCA,PBMC-06-1,PSO15,PSO,SNG,TRUE
TCGCTTGGTGTGTCGC,PBMC-06-1,PSA16,PSA,SNG,TRUE
TCGCTTGGTTCGGTTA,PBMC-06-1,PSA02,PSA,SNG,TRUE
TCGCTTGTCAAAGACA,PBMC-06-1,PSA07,PSA,SNG,TRUE
TCGCTTGTCAAGCCAT,PBMC-06-1,PSA03,PSA,SNG,TRUE
TCGCTTGTCACATACG,PBMC-06-1,PSA02,PSA,SNG,TRUE
TCGCTTGTCATCACCC,PBMC-06-1,PSO15,PSO,SNG,FALSE
TCGCTTGTCCAAGAGG,PBMC-06-1,PSX01,PSX,SNG,TRUE
TCGCTTGTCCGATGTA,PBMC-06-1,PSX01,PSX,SNG,FALSE
TCGCTTGTCCTAAGTG,PBMC-06-1,PSX04,PSX,SNG,TRUE
TCGCTTGTCGAGTGGA,PBMC-06-1,PSA17,PSA,SNG,TRUE
TCGCTTGTCGTCTCAC,PBMC-06-1,PSO16,PSO,DBL,FALSE
TCGGATAAGACTCATC,PBMC-06-1,PSA03,PSA,SNG,TRUE
TCGGATAAGATCCTAC,PBMC-06-1,PSA03,PSA,SNG,TRUE
TCGGATAAGGCAGCTA,PBMC-06-1,PSA16,PSA,SNG,TRUE
TCGGATAAGTTGGAGC,PBMC-06-1,PSA14,PSA,DBL,FALSE
TCGGATACAATTAGGA,PBMC-06-1,PSX01,PSX,SNG,FALSE
TCGGATACAATTTCTC,PBMC-06-1,PSO15,PSO,SNG,TRUE
TCGGATACACGTAACT,PBMC-06-1,PSA15,PSA,SNG,TRUE
TCGGATACAGTTGGTT,PBMC-06-1,PSA13,PSA,SNG,TRUE
TCGGATAGTAACACGG,PBMC-06-1,PSA13,PSA,AMB,FALSE
TCGGATAGTACGAGTG,PBMC-06-1,PSA02,PSA,SNG,TRUE
TCGGATAGTGTTCCAA,PBMC-06-1,PSO15,PSO,SNG,FALSE
TCGGATATCAGACCTA,PBMC-06-1,PSA07,PSA,SNG,TRUE
TCGGATATCCATAAGC,PBMC-06-1,PSA12,PSA,SNG,TRUE
TCGGATATCGTGGGAA,PBMC-06-1,PSA17,PSA,DBL,FALSE
TCGGGACAGCCGATTT,PBMC-06-1,PSA17,PSA,SNG,TRUE
TCGGGACAGGGCAGGA,PBMC-06-1,PSA04,PSA,AMB,FALSE
TCGGGACAGGTAAGAG,PBMC-06-1,PSA15,PSA,DBL,FALSE
TCGGGACCAATTCACG,PBMC-06-1,PSA05,PSA,SNG,FALSE
TCGGGACCACCGTCTT,PBMC-06-1,PSA02,PSA,SNG,TRUE
TCGGGACCACGGCACT,PBMC-06-1,PSA02,PSA,SNG,TRUE
TCGGGACCAGGAATCG,PBMC-06-1,PSA07,PSA,SNG,TRUE
TCGGGACCATCGGAGA,PBMC-06-1,PSA13,PSA,DBL,FALSE
TCGGGACCATTAGGAA,PBMC-06-1,PSA06,PSA,SNG,TRUE
TCGGGACGTAGATCGG,PBMC-06-1,PSO13,PSO,SNG,TRUE
TCGGGACGTAGTCGGA,PBMC-06-1,PSO15,PSO,SNG,FALSE
TCGGGACTCAGACCTA,PBMC-06-1,PSA12,PSA,SNG,TRUE
TCGGGACTCAGGAAAT,PBMC-06-1,PSO15,PSO,SNG,TRUE
TCGGGACTCAGGACGA,PBMC-06-1,PSO13,PSO,SNG,TRUE
TCGGGACTCATAGACC,PBMC-06-1,PSO15,PSO,SNG,TRUE
TCGGGACTCCATTCAT,PBMC-06-1,PSA07,PSA,SNG,TRUE
TCGGGACTCCTGTACC,PBMC-06-1,PSA14,PSA,SNG,TRUE
TCGGGACTCGCCTAGG,PBMC-06-1,PSO12,PSO,SNG,TRUE
TCGGGACTCGTAGGAG,PBMC-06-1,PSX01,PSX,SNG,TRUE
TCGGGACTCTCTATGT,PBMC-06-1,PSA02,PSA,SNG,TRUE
TCGGGCAAGACTACCT,PBMC-06-1,PSO15,PSO,DBL,FALSE
TCGGGCAAGATGGTCG,PBMC-06-1,PSA16,PSA,AMB,FALSE
TCGGGCAAGATTAGCA,PBMC-06-1,PSX01,PSX,SNG,TRUE
TCGGGCAAGCTCTATG,PBMC-06-1,PSA15,PSA,DBL,FALSE
TCGGGCAAGGACATCG,PBMC-06-1,PSA05,PSA,SNG,TRUE
TCGGGCACACAGTGTT,PBMC-06-1,PSA05,PSA,SNG,TRUE
TCGGGCAGTTAAGCAA,PBMC-06-1,PSX01,PSX,DBL,FALSE
TCGGGCATCCCATTCG,PBMC-06-1,PSO12,PSO,SNG,TRUE
TCGGGCATCGTCAGAT,PBMC-06-1,PSA14,PSA,SNG,TRUE
TCGGGCATCTCGCGTT,PBMC-06-1,PSO15,PSO,SNG,TRUE
TCGGGTGAGAAGCTGC,PBMC-06-1,PSA02,PSA,SNG,TRUE
TCGGGTGAGAATCGCG,PBMC-06-1,PSA04,PSA,SNG,TRUE
TCGGGTGAGACGAGCT,PBMC-06-1,PSA04,PSA,SNG,TRUE
TCGGGTGAGAGTTGAT,PBMC-06-1,PSA17,PSA,SNG,FALSE
TCGGGTGAGATGAAGG,PBMC-06-1,PSA03,PSA,SNG,TRUE
TCGGGTGAGCCACTCG,PBMC-06-1,PSA05,PSA,SNG,TRUE
TCGGGTGAGGGTGAGG,PBMC-06-1,PSA16,PSA,SNG,TRUE
TCGGGTGCAAAGGGCT,PBMC-06-1,PSA07,PSA,SNG,TRUE
TCGGGTGCAAATGAAC,PBMC-06-1,PSA07,PSA,SNG,TRUE
TCGGGTGCAACGGCTC,PBMC-06-1,PSA07,PSA,SNG,TRUE
TCGGGTGCAGAGGCAT,PBMC-06-1,PSX01,PSX,DBL,FALSE
TCGGGTGCAGAGTTGG,PBMC-06-1,PSA16,PSA,SNG,TRUE
TCGGGTGCAGGTCAAG,PBMC-06-1,PSO12,PSO,SNG,TRUE
TCGGGTGCATCCCACT,PBMC-06-1,PSO13,PSO,AMB,FALSE
TCGGGTGCATCCTAAG,PBMC-06-1,PSA06,PSA,SNG,TRUE
TCGGGTGGTAGGACTG,PBMC-06-1,PSA07,PSA,SNG,FALSE
TCGGGTGGTATCGGTT,PBMC-06-1,PSA07,PSA,SNG,TRUE
TCGGGTGGTCACGACC,PBMC-06-1,PSA05,PSA,SNG,TRUE
TCGGGTGGTCCAATCA,PBMC-06-1,PSO12,PSO,SNG,FALSE
TCGGGTGGTCCTGGTG,PBMC-06-1,PSA17,PSA,SNG,TRUE
TCGGGTGGTGACTGTT,PBMC-06-1,PSA13,PSA,SNG,TRUE
TCGGGTGTCACTGAAC,PBMC-06-1,PSO13,PSO,SNG,TRUE
TCGGGTGTCCATCCGT,PBMC-06-1,PSO11,PSO,AMB,FALSE
TCGGGTGTCCCGTGTT,PBMC-06-1,PSA16,PSA,SNG,TRUE
TCGGGTGTCCGATGTA,PBMC-06-1,PSA06,PSA,SNG,TRUE
TCGGGTGTCCGTAATG,PBMC-06-1,PSA07,PSA,SNG,FALSE
TCGGTCTAGAAATTCG,PBMC-06-1,PSO15,PSO,SNG,TRUE
TCGGTCTAGAATCGCG,PBMC-06-1,PSA07,PSA,SNG,TRUE
TCGGTCTAGCCAAGTG,PBMC-06-1,PSA17,PSA,SNG,TRUE
TCGGTCTAGCTGGAGT,PBMC-06-1,PSO12,PSO,DBL,FALSE
TCGGTCTAGTAATACG,PBMC-06-1,PSA14,PSA,SNG,TRUE
TCGGTCTAGTCACGCC,PBMC-06-1,PSX01,PSX,SNG,TRUE
TCGGTCTCAACCCGCA,PBMC-06-1,PSX04,PSX,DBL,FALSE
TCGGTCTCAAGAAACT,PBMC-06-1,PSA14,PSA,SNG,TRUE
TCGGTCTCACACCTTC,PBMC-06-1,PSA03,PSA,SNG,TRUE
TCGGTCTCACCAACAT,PBMC-06-1,PSO12,PSO,SNG,TRUE
TCGGTCTCAGTTTGGT,PBMC-06-1,PSX01,PSX,SNG,FALSE
TCGGTCTCATCATTTC,PBMC-06-1,PSA17,PSA,SNG,TRUE
TCGGTCTCATGACTGT,PBMC-06-1,PSA12,PSA,SNG,TRUE
TCGGTCTGTACTGGGA,PBMC-06-1,PSA02,PSA,SNG,TRUE
TCGGTCTGTATGACAA,PBMC-06-1,PSO15,PSO,SNG,TRUE
TCGGTCTGTCACGACC,PBMC-06-1,PSA03,PSA,DBL,FALSE
TCGGTCTGTCTGTTAG,PBMC-06-1,PSA16,PSA,SNG,TRUE
TCGGTCTGTGGTCCGT,PBMC-06-1,PSA17,PSA,SNG,TRUE
TCGGTCTTCAAAGCCT,PBMC-06-1,PSO15,PSO,SNG,TRUE
TCGGTCTTCAGCCTCT,PBMC-06-1,PSX01,PSX,SNG,TRUE
TCGGTCTTCAGTCTTT,PBMC-06-1,PSA15,PSA,SNG,TRUE
TCGGTCTTCCGTATGA,PBMC-06-1,PSA16,PSA,SNG,TRUE
TCGGTCTTCGACATTG,PBMC-06-1,PSA04,PSA,SNG,TRUE
TCGGTCTTCGAGTGGA,PBMC-06-1,PSO12,PSO,SNG,TRUE
TCGGTCTTCGGTGTTA,PBMC-06-1,PSX01,PSX,SNG,TRUE
TCGGTCTTCTCCCATG,PBMC-06-1,PSA03,PSA,SNG,TRUE
TCGTAGAAGAGCCGAT,PBMC-06-1,PSO15,PSO,DBL,FALSE
TCGTAGAAGATCGGTG,PBMC-06-1,PSO15,PSO,SNG,TRUE
TCGTAGAAGGCTCACC,PBMC-06-1,PSX01,PSX,SNG,TRUE
TCGTAGAAGGTCATAA,PBMC-06-1,PSO11,PSO,SNG,TRUE
TCGTAGAAGGTCCCGT,PBMC-06-1,PSX01,PSX,SNG,TRUE
TCGTAGAAGTGGGAAA,PBMC-06-1,PSX04,PSX,SNG,TRUE
TCGTAGACACGGTGAA,PBMC-06-1,PSO12,PSO,SNG,TRUE
TCGTAGACAGACGCTC,PBMC-06-1,PSX01,PSX,SNG,FALSE
TCGTAGACAGCAGAAC,PBMC-06-1,PSA13,PSA,SNG,TRUE
TCGTAGAGTATCCCAA,PBMC-06-1,PSO14,PSO,AMB,FALSE
TCGTAGAGTCCTGTCT,PBMC-06-1,PSA07,PSA,SNG,TRUE
TCGTAGAGTGTGACCC,PBMC-06-1,PSA14,PSA,SNG,TRUE
TCGTAGAGTTCCGGTG,PBMC-06-1,PSX01,PSX,SNG,TRUE
TCGTAGATCCCTCAAC,PBMC-06-1,PSA04,PSA,DBL,FALSE
TCGTAGATCGCGATCG,PBMC-06-1,PSA16,PSA,SNG,TRUE
TCGTAGATCTGTCGTC,PBMC-06-1,PSA02,PSA,SNG,TRUE
TCGTAGATCTTACCAT,PBMC-06-1,PSO15,PSO,SNG,TRUE
TCGTCCAAGAACCCGA,PBMC-06-1,PSA03,PSA,SNG,TRUE
TCGTCCAAGACCAACG,PBMC-06-1,PSO12,PSO,SNG,FALSE
TCGTCCAAGCAAGGAA,PBMC-06-1,PSA14,PSA,SNG,TRUE
TCGTCCAAGCATTGAA,PBMC-06-1,PSO12,PSO,SNG,TRUE
TCGTCCAAGCGACTGA,PBMC-06-1,PSX01,PSX,SNG,FALSE
TCGTCCAAGGTCCTGC,PBMC-06-1,PSA12,PSA,SNG,TRUE
TCGTCCAAGTCAGCCC,PBMC-06-1,PSA07,PSA,SNG,TRUE
TCGTCCACAAGAGTTA,PBMC-06-1,PSO14,PSO,DBL,FALSE
TCGTCCACACCATATG,PBMC-06-1,PSA12,PSA,SNG,TRUE
TCGTCCACATTGAAAG,PBMC-06-1,PSA07,PSA,SNG,TRUE
TCGTCCACATTGAGGG,PBMC-06-1,PSA05,PSA,DBL,FALSE
TCGTCCAGTAGCTGTT,PBMC-06-1,PSX01,PSX,SNG,TRUE
TCGTCCAGTATAGCTC,PBMC-06-1,PSO11,PSO,SNG,FALSE
TCGTCCAGTATTCCGA,PBMC-06-1,PSO12,PSO,SNG,FALSE
TCGTCCAGTGGATCAG,PBMC-06-1,PSA12,PSA,SNG,TRUE
TCGTCCAGTTCGGTTA,PBMC-06-1,PSO15,PSO,SNG,TRUE
TCGTCCATCACAAGAA,PBMC-06-1,PSO15,PSO,DBL,FALSE
TCGTCCATCATTGCCC,PBMC-06-1,PSA17,PSA,SNG,TRUE
TCGTCCATCCAAGAGG,PBMC-06-1,PSA02,PSA,SNG,TRUE
TCGTCCATCTAGGAAA,PBMC-06-1,PSA02,PSA,SNG,TRUE
TCGTGCTAGACCAGCA,PBMC-06-1,PSA07,PSA,SNG,TRUE
TCGTGCTAGCACGGAT,PBMC-06-1,PSO15,PSO,SNG,TRUE
TCGTGCTAGCCAACCC,PBMC-06-1,PSA06,PSA,SNG,FALSE
TCGTGCTAGCTTAAGA,PBMC-06-1,PSO15,PSO,SNG,TRUE
TCGTGCTAGGAAGAAC,PBMC-06-1,PSA15,PSA,DBL,FALSE
TCGTGCTAGGACTTCT,PBMC-06-1,PSA05,PSA,DBL,FALSE
TCGTGCTAGGCTGAAC,PBMC-06-1,PSO12,PSO,SNG,TRUE
TCGTGCTCAAATGCTC,PBMC-06-1,PSX01,PSX,SNG,TRUE
TCGTGCTCACACCGCA,PBMC-06-1,PSA04,PSA,SNG,FALSE
TCGTGCTCACCTGATA,PBMC-06-1,PSA02,PSA,SNG,TRUE
TCGTGCTCATCCGTGG,PBMC-06-1,PSA14,PSA,SNG,TRUE
TCGTGCTGTATAGGAT,PBMC-06-1,PSO12,PSO,SNG,TRUE
TCGTGCTGTCAGTCCG,PBMC-06-1,PSA03,PSA,DBL,FALSE
TCGTGCTGTCGCAACC,PBMC-06-1,PSO12,PSO,SNG,TRUE
TCGTGCTGTCTTCAAG,PBMC-06-1,PSA06,PSA,SNG,TRUE
TCGTGCTGTTGGGAAC,PBMC-06-1,PSA15,PSA,DBL,FALSE
TCGTGCTTCATTACGG,PBMC-06-1,PSO16,PSO,SNG,FALSE
TCGTGCTTCGCGGACT,PBMC-06-1,PSO15,PSO,SNG,TRUE
TCGTGCTTCTCAGTCC,PBMC-06-1,PSA16,PSA,SNG,TRUE
TCGTGCTTCTTCCCAG,PBMC-06-1,PSA07,PSA,AMB,FALSE
TCGTGGGCAATCAAGA,PBMC-06-1,PSO15,PSO,SNG,TRUE
TCGTGGGCAGTCGGTC,PBMC-06-1,PSX01,PSX,SNG,TRUE
TCGTGGGGTCAGGAGT,PBMC-06-1,PSA16,PSA,SNG,TRUE
TCGTGGGGTCCGAAGA,PBMC-06-1,PSA07,PSA,SNG,TRUE
TCTAACTAGATGACCG,PBMC-06-1,PSA16,PSA,SNG,FALSE
TCTAACTCAACTCGAT,PBMC-06-1,PSX04,PSX,SNG,TRUE
TCTAACTCAATTCACG,PBMC-06-1,PSA15,PSA,SNG,FALSE
TCTAACTCACGCGTGT,PBMC-06-1,PSO16,PSO,SNG,TRUE
TCTAACTCATGTGGTT,PBMC-06-1,PSA04,PSA,DBL,FALSE
TCTAACTGTATCCCAA,PBMC-06-1,PSA14,PSA,SNG,TRUE
TCTAACTGTATTAAGG,PBMC-06-1,PSA15,PSA,SNG,TRUE
TCTAACTGTCAACCTA,PBMC-06-1,PSA15,PSA,DBL,FALSE
TCTAACTGTCACAGAG,PBMC-06-1,PSO12,PSO,SNG,TRUE
TCTAACTTCAATCTCT,PBMC-06-1,PSO14,PSO,SNG,TRUE
TCTAACTTCAGCTCTC,PBMC-06-1,PSA05,PSA,SNG,TRUE
TCTAACTTCATGGATC,PBMC-06-1,PSA02,PSA,SNG,TRUE
TCTAACTTCTTCCGTG,PBMC-06-1,PSO11,PSO,SNG,FALSE
TCTAACTTCTTCTGGC,PBMC-06-1,PSO15,PSO,SNG,TRUE
TCTACATAGCACTAAA,PBMC-06-1,PSO12,PSO,DBL,FALSE
TCTACATAGCCTCTGG,PBMC-06-1,PSX04,PSX,SNG,TRUE
TCTACATAGTTAGTGA,PBMC-06-1,PSA05,PSA,DBL,FALSE
TCTACATCAACAAAGT,PBMC-06-1,PSO15,PSO,DBL,FALSE
TCTACATCAGCTGTAT,PBMC-06-1,PSX01,PSX,SNG,TRUE
TCTACATCAGTTGAAA,PBMC-06-1,PSA03,PSA,SNG,TRUE
TCTACATCATCGATCA,PBMC-06-1,PSO15,PSO,SNG,TRUE
TCTACATGTAACAGGC,PBMC-06-1,PSO14,PSO,SNG,TRUE
TCTACATGTATAATGG,PBMC-06-1,PSA05,PSA,SNG,TRUE
TCTACATGTTCGTAAC,PBMC-06-1,PSO13,PSO,AMB,FALSE
TCTACATGTTGCGTAT,PBMC-06-1,PSA07,PSA,SNG,TRUE
TCTACATTCACATTGG,PBMC-06-1,PSA14,PSA,DBL,FALSE
TCTACATTCATGCAGT,PBMC-06-1,PSA17,PSA,SNG,TRUE
TCTACATTCCAACTAG,PBMC-06-1,PSO12,PSO,SNG,TRUE
TCTACATTCGAGCACC,PBMC-06-1,PSX01,PSX,DBL,FALSE
TCTACATTCGGCCTTT,PBMC-06-1,PSA14,PSA,SNG,TRUE
TCTACATTCGTTGTAG,PBMC-06-1,PSA06,PSA,SNG,TRUE
TCTACCGAGATGATTG,PBMC-06-1,PSA04,PSA,DBL,FALSE
TCTACCGAGCCGATCC,PBMC-06-1,PSA17,PSA,SNG,TRUE
TCTACCGAGCCTAGGA,PBMC-06-1,PSA17,PSA,SNG,TRUE
TCTACCGAGGACAAGA,PBMC-06-1,PSA02,PSA,SNG,TRUE
TCTACCGAGTGGTGAC,PBMC-06-1,PSX01,PSX,SNG,FALSE
TCTACCGAGTTGGACG,PBMC-06-1,PSA16,PSA,DBL,FALSE
TCTACCGCACTACTTT,PBMC-06-1,PSA04,PSA,DBL,FALSE
TCTACCGCATCGCCTT,PBMC-06-1,PSA02,PSA,DBL,FALSE
TCTACCGCATTGACTG,PBMC-06-1,PSO15,PSO,SNG,TRUE
TCTACCGCATTGCCGG,PBMC-06-1,PSA07,PSA,SNG,TRUE
TCTACCGGTACACGTT,PBMC-06-1,PSA04,PSA,SNG,TRUE
TCTACCGGTACCACGC,PBMC-06-1,PSX04,PSX,DBL,FALSE
TCTACCGGTCACCGAC,PBMC-06-1,PSA06,PSA,DBL,FALSE
TCTACCGGTGTCCACG,PBMC-06-1,PSO15,PSO,SNG,TRUE
TCTACCGGTTGTCCCT,PBMC-06-1,PSA05,PSA,SNG,TRUE
TCTACCGTCAACTACG,PBMC-06-1,PSA17,PSA,AMB,FALSE
TCTACCGTCAAGGCTT,PBMC-06-1,PSO16,PSO,SNG,FALSE
TCTACCGTCACCATCC,PBMC-06-1,PSX01,PSX,SNG,TRUE
TCTACCGTCGAAGGAC,PBMC-06-1,PSA16,PSA,SNG,TRUE
TCTATACAGACGCAGT,PBMC-06-1,PSA02,PSA,SNG,TRUE
TCTATACAGAGCAGAA,PBMC-06-1,PSA16,PSA,SNG,TRUE
TCTATACAGCGGGTAT,PBMC-06-1,PSA07,PSA,SNG,TRUE
TCTATACAGGCACTCC,PBMC-06-1,PSO16,PSO,DBL,FALSE
TCTATACAGTAATTGG,PBMC-06-1,PSX04,PSX,SNG,TRUE
TCTATACAGTCGCCCA,PBMC-06-1,PSA16,PSA,SNG,TRUE
TCTATACCAAAGAACT,PBMC-06-1,PSX04,PSX,SNG,TRUE
TCTATACCATCGCTCT,PBMC-06-1,PSA12,PSA,DBL,FALSE
TCTATACGTAACACCT,PBMC-06-1,PSA13,PSA,SNG,FALSE
TCTATACGTAAGGTCG,PBMC-06-1,PSA03,PSA,SNG,TRUE
TCTATACGTACAAAGT,PBMC-06-1,PSA05,PSA,SNG,TRUE
TCTATACGTATCCTTT,PBMC-06-1,PSO13,PSO,SNG,TRUE
TCTATACGTTAAGGAT,PBMC-06-1,PSA03,PSA,SNG,TRUE
TCTATACGTTAATCGC,PBMC-06-1,PSA12,PSA,SNG,TRUE
TCTATACGTTTACCAG,PBMC-06-1,PSA07,PSA,SNG,FALSE
TCTATACGTTTGATCG,PBMC-06-1,PSO13,PSO,SNG,TRUE
TCTATACTCACTGATG,PBMC-06-1,PSA07,PSA,SNG,TRUE
TCTATACTCCGCGGAT,PBMC-06-1,PSO15,PSO,DBL,FALSE
TCTATCAAGAAGCGCT,PBMC-06-1,PSA16,PSA,DBL,FALSE
TCTATCAAGATTGATG,PBMC-06-1,PSA04,PSA,SNG,TRUE
TCTATCAAGCCGATAG,PBMC-06-1,PSA15,PSA,SNG,TRUE
TCTATCAAGCGAGAAA,PBMC-06-1,PSA13,PSA,DBL,FALSE
TCTATCAAGCGTGCCT,PBMC-06-1,PSX01,PSX,SNG,TRUE
TCTATCAAGGCGTCCT,PBMC-06-1,PSO15,PSO,DBL,FALSE
TCTATCAAGTCCCGGT,PBMC-06-1,PSA05,PSA,SNG,TRUE
TCTATCACAAACTCGT,PBMC-06-1,PSO15,PSO,SNG,TRUE
TCTATCACAAGAATGT,PBMC-06-1,PSA12,PSA,SNG,FALSE
TCTATCACACATATGC,PBMC-06-1,PSA02,PSA,SNG,TRUE
TCTATCACACGACAAG,PBMC-06-1,PSA02,PSA,SNG,TRUE
TCTATCACACTAGTAC,PBMC-06-1,PSA02,PSA,SNG,TRUE
TCTATCACAGGGACTA,PBMC-06-1,PSA05,PSA,SNG,TRUE
TCTATCACATGACCCG,PBMC-06-1,PSA14,PSA,SNG,TRUE
TCTATCACATGCCGAC,PBMC-06-1,PSA03,PSA,SNG,TRUE
TCTATCAGTATGTCTG,PBMC-06-1,PSA03,PSA,SNG,TRUE
TCTATCAGTCCCAAAT,PBMC-06-1,PSO12,PSO,SNG,TRUE
TCTATCAGTCTTGGTA,PBMC-06-1,PSA15,PSA,SNG,FALSE
TCTATCAGTTGCTCGG,PBMC-06-1,PSA04,PSA,SNG,TRUE
TCTATCAGTTTATGCG,PBMC-06-1,PSA14,PSA,SNG,FALSE
TCTATCATCCAGTACA,PBMC-06-1,PSA14,PSA,DBL,FALSE
TCTATCATCGGCATAT,PBMC-06-1,PSO11,PSO,SNG,TRUE
TCTATCATCGGTATGT,PBMC-06-1,PSO13,PSO,DBL,FALSE
TCTCACGAGAATAACC,PBMC-06-1,PSA04,PSA,SNG,FALSE
TCTCACGAGCATATGA,PBMC-06-1,PSA07,PSA,DBL,FALSE
TCTCACGAGCATCGAG,PBMC-06-1,PSA14,PSA,SNG,TRUE
TCTCACGAGCCATTGT,PBMC-06-1,PSA05,PSA,DBL,FALSE
TCTCACGAGCGGGTAT,PBMC-06-1,PSA04,PSA,SNG,FALSE
TCTCACGAGGCCCACT,PBMC-06-1,PSA13,PSA,DBL,FALSE
TCTCACGAGGCTTAAA,PBMC-06-1,PSA05,PSA,SNG,TRUE
TCTCACGAGGTAAACT,PBMC-06-1,PSX01,PSX,SNG,TRUE
TCTCACGCAAAGGGCT,PBMC-06-1,PSO11,PSO,DBL,FALSE
TCTCACGCAAATCGGG,PBMC-06-1,PSX01,PSX,SNG,FALSE
TCTCACGCACCGTGGT,PBMC-06-1,PSA12,PSA,DBL,FALSE
TCTCACGCACGCAAAG,PBMC-06-1,PSA02,PSA,SNG,TRUE
TCTCACGCATAGGCGA,PBMC-06-1,PSA14,PSA,SNG,TRUE
TCTCACGCATCCGGTG,PBMC-06-1,PSA04,PSA,SNG,TRUE
TCTCACGCATGAAGCG,PBMC-06-1,PSA15,PSA,SNG,TRUE
TCTCACGGTACTCGCG,PBMC-06-1,PSX04,PSX,SNG,TRUE
TCTCACGGTATCAGGG,PBMC-06-1,PSO13,PSO,DBL,FALSE
TCTCACGGTCCAGAAG,PBMC-06-1,PSA07,PSA,SNG,FALSE
TCTCACGGTTGCGGCT,PBMC-06-1,PSA14,PSA,SNG,TRUE
TCTCACGTCATCGGGC,PBMC-06-1,PSA17,PSA,SNG,TRUE
TCTCACGTCCATACTT,PBMC-06-1,PSA17,PSA,SNG,TRUE
TCTCACGTCCATCACC,PBMC-06-1,PSO15,PSO,SNG,TRUE
TCTCACGTCCCTTGTG,PBMC-06-1,PSA07,PSA,SNG,TRUE
TCTCACGTCGTGGCGT,PBMC-06-1,PSO15,PSO,SNG,TRUE
TCTCACGTCTGAGTCA,PBMC-06-1,PSA04,PSA,SNG,FALSE
TCTCAGCAGACGAAGA,PBMC-06-1,PSX01,PSX,SNG,TRUE
TCTCAGCAGATCACCT,PBMC-06-1,PSA17,PSA,SNG,TRUE
TCTCAGCAGCGGTATG,PBMC-06-1,PSO15,PSO,SNG,TRUE
TCTCAGCAGCTTTGTG,PBMC-06-1,PSA05,PSA,DBL,FALSE
TCTCAGCCAATACGAA,PBMC-06-1,PSO15,PSO,SNG,TRUE
TCTCAGCCACAATGTC,PBMC-06-1,PSO11,PSO,SNG,TRUE
TCTCAGCCACAGAGCA,PBMC-06-1,PSA05,PSA,SNG,FALSE
TCTCAGCGTAACAGTA,PBMC-06-1,PSO11,PSO,SNG,TRUE
TCTCAGCGTAAGGCCA,PBMC-06-1,PSO11,PSO,SNG,FALSE
TCTCAGCGTAGTGCGA,PBMC-06-1,PSO13,PSO,SNG,TRUE
TCTCAGCGTGCAACGA,PBMC-06-1,PSA06,PSA,SNG,TRUE
TCTCAGCGTGTATTCG,PBMC-06-1,PSA02,PSA,SNG,TRUE
TCTCAGCGTTTGGAGG,PBMC-06-1,PSO13,PSO,SNG,TRUE
TCTCAGCTCACCATAG,PBMC-06-1,PSA13,PSA,SNG,TRUE
TCTCAGCTCACGAACT,PBMC-06-1,PSA07,PSA,SNG,FALSE
TCTCAGCTCATGCCAA,PBMC-06-1,PSO15,PSO,SNG,FALSE
TCTCAGCTCGACCATA,PBMC-06-1,PSO15,PSO,SNG,TRUE
TCTCAGCTCTGTAACG,PBMC-06-1,PSA12,PSA,SNG,TRUE
TCTCCGAAGCACTGGA,PBMC-06-1,PSA04,PSA,SNG,TRUE
TCTCCGAAGCAGCCTC,PBMC-06-1,PSA07,PSA,SNG,TRUE
TCTCCGAAGCTGTTCA,PBMC-06-1,PSA07,PSA,SNG,TRUE
TCTCCGAAGGTGCTAG,PBMC-06-1,PSO11,PSO,SNG,TRUE
TCTCCGACAGTTTCGA,PBMC-06-1,PSA17,PSA,SNG,TRUE
TCTCCGACATCATGAC,PBMC-06-1,PSA02,PSA,SNG,TRUE
TCTCCGACATCCTATT,PBMC-06-1,PSA02,PSA,SNG,TRUE
TCTCCGAGTAATGCTC,PBMC-06-1,PSA14,PSA,SNG,TRUE
TCTCCGAGTTCCAGGC,PBMC-06-1,PSO14,PSO,SNG,TRUE
TCTCCGAGTTGTACGT,PBMC-06-1,PSA15,PSA,SNG,TRUE
TCTCTGGAGAATTTGG,PBMC-06-1,PSA06,PSA,DBL,FALSE
TCTCTGGAGCATCAAA,PBMC-06-1,PSO11,PSO,SNG,FALSE
TCTCTGGAGCCGCACT,PBMC-06-1,PSA16,PSA,SNG,TRUE
TCTCTGGAGTCGGGAT,PBMC-06-1,PSO15,PSO,SNG,FALSE
TCTCTGGCAACCTAAC,PBMC-06-1,PSO15,PSO,DBL,FALSE
TCTCTGGCATCGGAAG,PBMC-06-1,PSA17,PSA,SNG,FALSE
TCTCTGGCATCGTCCT,PBMC-06-1,PSA03,PSA,DBL,FALSE
TCTCTGGGTAGCACGA,PBMC-06-1,PSX01,PSX,SNG,TRUE
TCTCTGGGTATCAAGA,PBMC-06-1,PSA06,PSA,SNG,TRUE
TCTCTGGGTCATCTAG,PBMC-06-1,PSA15,PSA,SNG,TRUE
TCTCTGGGTCGAAGCA,PBMC-06-1,PSA16,PSA,SNG,FALSE
TCTCTGGGTCTCTCCA,PBMC-06-1,PSO12,PSO,SNG,FALSE
TCTCTGGGTGATATAG,PBMC-06-1,PSA06,PSA,SNG,TRUE
TCTCTGGGTGCTGCAC,PBMC-06-1,PSA17,PSA,SNG,TRUE
TCTCTGGGTGGGAGAG,PBMC-06-1,PSO13,PSO,DBL,FALSE
TCTCTGGGTTACGATC,PBMC-06-1,PSA16,PSA,DBL,FALSE
TCTCTGGTCCCGAGAC,PBMC-06-1,PSO14,PSO,AMB,FALSE
TCTCTGGTCCGATGTA,PBMC-06-1,PSO15,PSO,SNG,TRUE
TCTCTGGTCCTTCTGG,PBMC-06-1,PSO15,PSO,SNG,TRUE
TCTGCCAAGAGCTGAC,PBMC-06-1,PSO15,PSO,SNG,TRUE
TCTGCCAAGTTGGCTT,PBMC-06-1,PSA15,PSA,SNG,TRUE
TCTGCCACAACAGATA,PBMC-06-1,PSA14,PSA,SNG,TRUE
TCTGCCACACGAGGTA,PBMC-06-1,PSA14,PSA,SNG,TRUE
TCTGCCACACTGAATC,PBMC-06-1,PSA13,PSA,SNG,TRUE
TCTGCCACAGCTCATA,PBMC-06-1,PSA17,PSA,SNG,FALSE
TCTGCCACAGTGTGCC,PBMC-06-1,PSO12,PSO,DBL,FALSE
TCTGCCAGTACAATAG,PBMC-06-1,PSA02,PSA,SNG,TRUE
TCTGCCAGTCCAAGAG,PBMC-06-1,PSA07,PSA,SNG,FALSE
TCTGCCAGTGCACGCT,PBMC-06-1,PSA02,PSA,SNG,TRUE
TCTGCCAGTGTCCACG,PBMC-06-1,PSX01,PSX,SNG,TRUE
TCTGCCAGTTGCCGCA,PBMC-06-1,PSA02,PSA,SNG,TRUE
TCTGCCAGTTTCCATT,PBMC-06-1,PSA07,PSA,SNG,TRUE
TCTGCCATCACTAGCA,PBMC-06-1,PSA02,PSA,SNG,TRUE
TCTGCCATCAGTGGGA,PBMC-06-1,PSA05,PSA,SNG,TRUE
TCTGCCATCATAGCAC,PBMC-06-1,PSO14,PSO,SNG,TRUE
TCTGCCATCCAGCTCT,PBMC-06-1,PSA12,PSA,SNG,TRUE
TCTGCCATCCGTATAG,PBMC-06-1,PSA03,PSA,SNG,TRUE
TCTGCCATCCGTGTCT,PBMC-06-1,PSA12,PSA,SNG,FALSE
TCTGCCATCTATACGG,PBMC-06-1,PSO14,PSO,SNG,FALSE
TCTGCCATCTATTCGT,PBMC-06-1,PSA06,PSA,DBL,FALSE
TCTGCCATCTGCCTCA,PBMC-06-1,PSO12,PSO,SNG,TRUE
TCTGCCATCTTAGGAC,PBMC-06-1,PSO14,PSO,SNG,TRUE
TCTGGCTAGAGCGACT,PBMC-06-1,PSA05,PSA,SNG,TRUE
TCTGGCTAGCACGTCC,PBMC-06-1,PSA17,PSA,SNG,TRUE
TCTGGCTAGCCTAGGA,PBMC-06-1,PSA17,PSA,SNG,TRUE
TCTGGCTAGCGCCATC,PBMC-06-1,PSO15,PSO,DBL,FALSE
TCTGGCTAGGATGCGT,PBMC-06-1,PSO13,PSO,DBL,FALSE
TCTGGCTAGGTGCTTT,PBMC-06-1,PSA06,PSA,DBL,FALSE
TCTGGCTAGTCTACCA,PBMC-06-1,PSX01,PSX,DBL,FALSE
TCTGGCTCACCAGGTC,PBMC-06-1,PSA07,PSA,DBL,FALSE
TCTGGCTCAGACGCTC,PBMC-06-1,PSA17,PSA,SNG,TRUE
TCTGGCTCAGCTGCCA,PBMC-06-1,PSA13,PSA,SNG,TRUE
TCTGGCTCATTACTCT,PBMC-06-1,PSX01,PSX,SNG,TRUE
TCTGGCTCATTCAGGT,PBMC-06-1,PSA12,PSA,AMB,FALSE
TCTGGCTGTAAGCGGT,PBMC-06-1,PSA17,PSA,SNG,TRUE
TCTGGCTGTAATCAGA,PBMC-06-1,PSA17,PSA,SNG,TRUE
TCTGGCTGTAGAGACC,PBMC-06-1,PSX01,PSX,SNG,TRUE
TCTGGCTGTATCGTGT,PBMC-06-1,PSX04,PSX,SNG,TRUE
TCTGGCTGTCAAGTTC,PBMC-06-1,PSA15,PSA,SNG,TRUE
TCTGGCTGTGATAGTA,PBMC-06-1,PSA02,PSA,SNG,TRUE
TCTGGCTGTGGTCTTA,PBMC-06-1,PSA16,PSA,SNG,TRUE
TCTGGCTGTGTGAATA,PBMC-06-1,PSA05,PSA,SNG,TRUE
TCTGGCTTCAATGCAC,PBMC-06-1,PSX01,PSX,DBL,FALSE
TCTGGCTTCCGTCCTA,PBMC-06-1,PSA02,PSA,SNG,TRUE
TCTGGCTTCCTCTCTT,PBMC-06-1,PSX04,PSX,SNG,TRUE
TCTGGCTTCGCTGATA,PBMC-06-1,PSO13,PSO,SNG,TRUE
TCTGGCTTCGTACCTC,PBMC-06-1,PSX04,PSX,SNG,TRUE
TCTGGCTTCTCCTGTG,PBMC-06-1,PSA17,PSA,DBL,FALSE
TCTGTCGCAAGCAGGT,PBMC-06-1,PSO15,PSO,SNG,TRUE
TCTGTCGCACCGTCTT,PBMC-06-1,PSA06,PSA,SNG,TRUE
TCTGTCGCAGAGTTCT,PBMC-06-1,PSA17,PSA,SNG,FALSE
TCTGTCGCATGTGTCA,PBMC-06-1,PSO14,PSO,SNG,TRUE
TCTGTCGGTCCTCCAT,PBMC-06-1,PSX01,PSX,SNG,TRUE
TCTGTCGGTGATGGCA,PBMC-06-1,PSA03,PSA,SNG,FALSE
TCTGTCGGTGCTGCAC,PBMC-06-1,PSA05,PSA,SNG,TRUE
TCTGTCGGTGGAAATT,PBMC-06-1,PSA06,PSA,SNG,TRUE
TCTGTCGGTGTGCCTG,PBMC-06-1,PSA05,PSA,SNG,TRUE
TCTGTCGGTTCTTAGG,PBMC-06-1,PSA15,PSA,SNG,FALSE
TCTGTCGGTTGATGTC,PBMC-06-1,PSO15,PSO,SNG,FALSE
TCTTAGTAGACCATAA,PBMC-06-1,PSA13,PSA,SNG,TRUE
TCTTAGTAGAGCCTGA,PBMC-06-1,PSA16,PSA,DBL,FALSE
TCTTAGTAGGATTACA,PBMC-06-1,PSA12,PSA,DBL,FALSE
TCTTAGTAGGTCCAGA,PBMC-06-1,PSA17,PSA,SNG,TRUE
TCTTAGTAGTTGAAGT,PBMC-06-1,PSA07,PSA,SNG,FALSE
TCTTAGTCAACGTAAA,PBMC-06-1,PSO14,PSO,SNG,TRUE
TCTTAGTCAAGACCTT,PBMC-06-1,PSO15,PSO,SNG,FALSE
TCTTAGTCAAGTTGGG,PBMC-06-1,PSA06,PSA,SNG,TRUE
TCTTAGTCAATTGCAC,PBMC-06-1,PSA03,PSA,SNG,TRUE
TCTTAGTCACCTGCAG,PBMC-06-1,PSO15,PSO,DBL,FALSE
TCTTAGTCACCTTCCA,PBMC-06-1,PSA15,PSA,SNG,TRUE
TCTTAGTCACGCACCA,PBMC-06-1,PSA05,PSA,SNG,TRUE
TCTTAGTCAGAGTAAT,PBMC-06-1,PSA16,PSA,SNG,TRUE
TCTTAGTCATCTTAGG,PBMC-06-1,PSA07,PSA,SNG,TRUE
TCTTAGTGTACGATCT,PBMC-06-1,PSA02,PSA,SNG,TRUE
TCTTAGTGTAGTCCTA,PBMC-06-1,PSA16,PSA,SNG,TRUE
TCTTAGTGTCTCAGAT,PBMC-06-1,PSA06,PSA,SNG,TRUE
TCTTAGTGTGCAATAA,PBMC-06-1,PSA14,PSA,DBL,FALSE
TCTTAGTTCATCTCTA,PBMC-06-1,PSA07,PSA,SNG,TRUE
TCTTAGTTCCCAACTC,PBMC-06-1,PSA07,PSA,SNG,TRUE
TCTTAGTTCGAACCTA,PBMC-06-1,PSA13,PSA,DBL,FALSE
TCTTCCTAGACGTCGA,PBMC-06-1,PSO15,PSO,SNG,TRUE
TCTTCCTAGTTGGGAC,PBMC-06-1,PSA17,PSA,SNG,TRUE
TCTTCCTCAAATGCGG,PBMC-06-1,PSA17,PSA,DBL,FALSE
TCTTCCTCACGGATCC,PBMC-06-1,PSA17,PSA,SNG,TRUE
TCTTCCTCAGCAAGAC,PBMC-06-1,PSA02,PSA,SNG,TRUE
TCTTCCTCAGTGTGCC,PBMC-06-1,PSA04,PSA,SNG,TRUE
TCTTCCTCATAGGAGC,PBMC-06-1,PSO14,PSO,SNG,TRUE
TCTTCCTGTAGGTTTC,PBMC-06-1,PSA07,PSA,SNG,TRUE
TCTTCCTGTCGATGCC,PBMC-06-1,PSA12,PSA,SNG,TRUE
TCTTCCTGTGTGAATA,PBMC-06-1,PSX01,PSX,SNG,FALSE
TCTTCCTGTTTCCAAG,PBMC-06-1,PSX01,PSX,DBL,FALSE
TCTTCCTTCCACATAG,PBMC-06-1,PSA12,PSA,SNG,FALSE
TCTTCCTTCCCTTTGG,PBMC-06-1,PSA17,PSA,DBL,FALSE
TCTTCCTTCTTGGCTC,PBMC-06-1,PSO11,PSO,SNG,TRUE
TCTTGCGAGAGAAGGT,PBMC-06-1,PSA16,PSA,SNG,TRUE
TCTTGCGAGGCGATAC,PBMC-06-1,PSA17,PSA,SNG,TRUE
TCTTGCGCACACGTGC,PBMC-06-1,PSA07,PSA,SNG,TRUE
TCTTGCGCACCTGCTT,PBMC-06-1,PSA16,PSA,SNG,FALSE
TCTTGCGCACGACGAA,PBMC-06-1,PSO14,PSO,AMB,FALSE
TCTTGCGCACGGTGCT,PBMC-06-1,PSA17,PSA,SNG,TRUE
TCTTGCGCACTCATAG,PBMC-06-1,PSO14,PSO,SNG,TRUE
TCTTGCGCATCTCATT,PBMC-06-1,PSA07,PSA,SNG,TRUE
TCTTGCGCATTGGCAT,PBMC-06-1,PSA14,PSA,SNG,TRUE
TCTTGCGGTACGGGAT,PBMC-06-1,PSA14,PSA,SNG,FALSE
TCTTGCGGTATCGCAT,PBMC-06-1,PSA04,PSA,SNG,TRUE
TCTTGCGGTCGCCTAG,PBMC-06-1,PSA07,PSA,SNG,FALSE
TCTTGCGTCAAAGAAC,PBMC-06-1,PSA07,PSA,SNG,TRUE
TCTTGCGTCCAACCAA,PBMC-06-1,PSA16,PSA,SNG,TRUE
TCTTGCGTCCCGTTGT,PBMC-06-1,PSA14,PSA,SNG,TRUE
TCTTGCGTCGCCACTT,PBMC-06-1,PSA14,PSA,SNG,TRUE
TCTTGCGTCGGTCGAC,PBMC-06-1,PSA02,PSA,SNG,TRUE
TCTTGCGTCTGTCTCG,PBMC-06-1,PSX01,PSX,SNG,TRUE
TCTTTGAAGAAACTAC,PBMC-06-1,PSA03,PSA,SNG,TRUE
TCTTTGAAGAACAAGG,PBMC-06-1,PSX04,PSX,SNG,TRUE
TCTTTGAAGAACCGCA,PBMC-06-1,PSA15,PSA,SNG,TRUE
TCTTTGAAGACCATTC,PBMC-06-1,PSO12,PSO,AMB,FALSE
TCTTTGAAGGTTCCGC,PBMC-06-1,PSX01,PSX,SNG,TRUE
TCTTTGACAAATCAAG,PBMC-06-1,PSA07,PSA,SNG,TRUE
TCTTTGACACCCTTAC,PBMC-06-1,PSO13,PSO,SNG,TRUE
TCTTTGACACGCCAGT,PBMC-06-1,PSA02,PSA,SNG,TRUE
TCTTTGACACTCCGAG,PBMC-06-1,PSA12,PSA,SNG,TRUE
TCTTTGACAGAAACCG,PBMC-06-1,PSX01,PSX,SNG,TRUE
TCTTTGACAGAATGTA,PBMC-06-1,PSA02,PSA,SNG,TRUE
TCTTTGACAGAGTGTG,PBMC-06-1,PSA02,PSA,DBL,FALSE
TCTTTGACATTGCCGG,PBMC-06-1,PSO11,PSO,DBL,FALSE
TCTTTGAGTAGCGCCT,PBMC-06-1,PSA14,PSA,SNG,TRUE
TCTTTGAGTGGCTACC,PBMC-06-1,PSA17,PSA,SNG,TRUE
TCTTTGAGTTGCATAC,PBMC-06-1,PSO12,PSO,SNG,TRUE
TCTTTGAGTTTCGTGA,PBMC-06-1,PSA04,PSA,DBL,FALSE
TCTTTGAGTTTGGAGG,PBMC-06-1,PSA14,PSA,SNG,TRUE
TCTTTGATCAAAGAAC,PBMC-06-1,PSO12,PSO,SNG,FALSE
TCTTTGATCCGTGTCT,PBMC-06-1,PSA05,PSA,SNG,TRUE
TCTTTGATCGTTGTTT,PBMC-06-1,PSA15,PSA,SNG,FALSE
TCTTTGATCTGTCGTC,PBMC-06-1,PSA02,PSA,SNG,TRUE
TCTTTGATCTTCCCAG,PBMC-06-1,PSO11,PSO,SNG,TRUE
TGAACGTAGCGCCTTG,PBMC-06-1,PSO15,PSO,SNG,TRUE
TGAACGTCACGATTCA,PBMC-06-1,PSA06,PSA,SNG,TRUE
TGAACGTCAGCATCTA,PBMC-06-1,PSA13,PSA,SNG,TRUE
TGAACGTCAGCTGTCG,PBMC-06-1,PSA05,PSA,SNG,TRUE
TGAACGTCAGTATTCG,PBMC-06-1,PSA06,PSA,SNG,TRUE
TGAACGTCATCGGAAG,PBMC-06-1,PSA02,PSA,SNG,TRUE
TGAACGTCATGCAGGA,PBMC-06-1,PSA12,PSA,DBL,FALSE
TGAACGTCATGGAAGC,PBMC-06-1,PSA07,PSA,SNG,TRUE
TGAACGTGTAATCAAG,PBMC-06-1,PSA07,PSA,SNG,TRUE
TGAACGTGTACAAACA,PBMC-06-1,PSX04,PSX,SNG,TRUE
TGAACGTGTCGAGATG,PBMC-06-1,PSX01,PSX,SNG,TRUE
TGAACGTGTCGTAATC,PBMC-06-1,PSA12,PSA,SNG,TRUE
TGAACGTGTTAGGACG,PBMC-06-1,PSA14,PSA,SNG,TRUE
TGAACGTGTTGGCCGT,PBMC-06-1,PSX01,PSX,AMB,FALSE
TGAACGTTCCGAGCTG,PBMC-06-1,PSO11,PSO,DBL,FALSE
TGAACGTTCCGTGACG,PBMC-06-1,PSO16,PSO,SNG,TRUE
TGAACGTTCGAGAAAT,PBMC-06-1,PSA02,PSA,SNG,TRUE
TGAACGTTCTGCCTCA,PBMC-06-1,PSA02,PSA,SNG,TRUE
TGAACGTTCTTCACAT,PBMC-06-1,PSA03,PSA,SNG,TRUE
TGAATCGAGACGGTCA,PBMC-06-1,PSO12,PSO,DBL,FALSE
TGAATCGAGATAGCAT,PBMC-06-1,PSA16,PSA,SNG,TRUE
TGAATCGAGGCGAAGG,PBMC-06-1,PSX04,PSX,SNG,FALSE
TGAATCGAGTCACTAC,PBMC-06-1,PSA15,PSA,SNG,TRUE
TGAATCGCAAACCATC,PBMC-06-1,PSA15,PSA,SNG,TRUE
TGAATCGCAAACGTGG,PBMC-06-1,PSA13,PSA,SNG,TRUE
TGAATCGCAATACAGA,PBMC-06-1,PSA15,PSA,SNG,TRUE
TGAATCGCACAACGTT,PBMC-06-1,PSA12,PSA,SNG,FALSE
TGAATCGCACCTTCCA,PBMC-06-1,PSA07,PSA,SNG,TRUE
TGAATCGCACGCAAAG,PBMC-06-1,PSA15,PSA,DBL,FALSE
TGAATCGCAGAGCTAG,PBMC-06-1,PSA17,PSA,AMB,FALSE
TGAATCGCATGAGGGT,PBMC-06-1,PSA14,PSA,SNG,TRUE
TGAATCGCATTGGCAT,PBMC-06-1,PSO13,PSO,SNG,TRUE
TGAATCGGTAAGCAAT,PBMC-06-1,PSA06,PSA,SNG,TRUE
TGAATCGGTATGCGTT,PBMC-06-1,PSA02,PSA,SNG,TRUE
TGAATCGGTCCTTTGC,PBMC-06-1,PSX01,PSX,SNG,TRUE
TGAATCGTCACCCTGT,PBMC-06-1,PSA02,PSA,SNG,TRUE
TGAATCGTCCGGCTTT,PBMC-06-1,PSX01,PSX,SNG,FALSE
TGAATCGTCCTAAACG,PBMC-06-1,PSA02,PSA,SNG,TRUE
TGAATCGTCGAAGGAC,PBMC-06-1,PSX04,PSX,SNG,TRUE
TGAATCGTCTGCAGCG,PBMC-06-1,PSA07,PSA,DBL,FALSE
TGAATGCAGAACGTGC,PBMC-06-1,PSA17,PSA,SNG,FALSE
TGAATGCAGATGCTTC,PBMC-06-1,PSA16,PSA,SNG,TRUE
TGAATGCAGCTTAGTC,PBMC-06-1,PSA06,PSA,SNG,TRUE
TGAATGCAGGGTTAGC,PBMC-06-1,PSA17,PSA,SNG,TRUE
TGAATGCAGTAATACG,PBMC-06-1,PSO15,PSO,SNG,TRUE
TGAATGCCAAGGCGTA,PBMC-06-1,PSO16,PSO,SNG,TRUE
TGAATGCCAGACTCTA,PBMC-06-1,PSX04,PSX,SNG,TRUE
TGAATGCCAGGTAGTG,PBMC-06-1,PSO15,PSO,SNG,TRUE
TGAATGCCAGTGTGGA,PBMC-06-1,PSX04,PSX,AMB,FALSE
TGAATGCGTATAGCTC,PBMC-06-1,PSA16,PSA,SNG,FALSE
TGAATGCGTCAAAGCG,PBMC-06-1,PSA16,PSA,SNG,TRUE
TGAATGCGTGAGAACC,PBMC-06-1,PSA06,PSA,SNG,TRUE
TGAATGCGTGCCTACG,PBMC-06-1,PSA16,PSA,SNG,TRUE
TGAATGCTCAATCGGT,PBMC-06-1,PSA02,PSA,SNG,TRUE
TGAATGCTCATCGACA,PBMC-06-1,PSA02,PSA,DBL,FALSE
TGAATGCTCATCGCCT,PBMC-06-1,PSA16,PSA,SNG,TRUE
TGAATGCTCCCAACTC,PBMC-06-1,PSA06,PSA,SNG,TRUE
TGAATGCTCCTGTAAG,PBMC-06-1,PSA02,PSA,SNG,TRUE
TGAATGCTCGTGTTCC,PBMC-06-1,PSA07,PSA,AMB,FALSE
TGAATGCTCTCATTTG,PBMC-06-1,PSX01,PSX,SNG,FALSE
TGACAGTAGGTTCTAC,PBMC-06-1,PSA16,PSA,SNG,TRUE
TGACAGTAGTTGCTCA,PBMC-06-1,PSX04,PSX,SNG,FALSE
TGACAGTCAATTTCCT,PBMC-06-1,PSA12,PSA,SNG,TRUE
TGACAGTCACGACCTG,PBMC-06-1,PSA06,PSA,SNG,TRUE
TGACAGTCAGATTTCG,PBMC-06-1,PSA07,PSA,DBL,FALSE
TGACAGTCAGCAGTGA,PBMC-06-1,PSA07,PSA,SNG,TRUE
TGACAGTCAGCGCGTT,PBMC-06-1,PSO12,PSO,SNG,TRUE
TGACAGTCATTGACTG,PBMC-06-1,PSA04,PSA,SNG,TRUE
TGACAGTGTAACTAAG,PBMC-06-1,PSA05,PSA,SNG,TRUE
TGACAGTGTCACCCTT,PBMC-06-1,PSA06,PSA,AMB,FALSE
TGACAGTGTCGTTCAA,PBMC-06-1,PSA14,PSA,SNG,TRUE
TGACAGTGTGAATTAG,PBMC-06-1,PSO15,PSO,SNG,TRUE
TGACAGTGTGCACATT,PBMC-06-1,PSA07,PSA,SNG,TRUE
TGACAGTGTGCATGTT,PBMC-06-1,PSX01,PSX,SNG,TRUE
TGACAGTTCAAGCTGT,PBMC-06-1,PSA06,PSA,SNG,FALSE
TGACAGTTCACTACGA,PBMC-06-1,PSA17,PSA,SNG,TRUE
TGACAGTTCATGTCTT,PBMC-06-1,PSA06,PSA,SNG,FALSE
TGACAGTTCATTCTTG,PBMC-06-1,PSA15,PSA,AMB,FALSE
TGACAGTTCCGTATAG,PBMC-06-1,PSO12,PSO,SNG,FALSE
TGACAGTTCGCTAGCG,PBMC-06-1,PSX04,PSX,DBL,FALSE
TGACAGTTCTAGTGAC,PBMC-06-1,PSX01,PSX,SNG,TRUE
TGACAGTTCTCGCTCA,PBMC-06-1,PSA05,PSA,SNG,TRUE
TGACAGTTCTTCGATT,PBMC-06-1,PSA17,PSA,SNG,TRUE
TGACCCTAGAAGTCCG,PBMC-06-1,PSO12,PSO,DBL,FALSE
TGACCCTAGATTGCGG,PBMC-06-1,PSA06,PSA,SNG,TRUE
TGACCCTAGCAGGTCA,PBMC-06-1,PSA04,PSA,DBL,FALSE
TGACCCTAGGTAAAGG,PBMC-06-1,PSA03,PSA,SNG,TRUE
TGACCCTAGTTTGGCT,PBMC-06-1,PSX01,PSX,DBL,FALSE
TGACCCTCACTGCGAC,PBMC-06-1,PSA14,PSA,SNG,TRUE
TGACCCTCAGCAATTC,PBMC-06-1,PSA14,PSA,SNG,TRUE
TGACCCTCATAGAATG,PBMC-06-1,PSA13,PSA,SNG,TRUE
TGACCCTCATCGCTAA,PBMC-06-1,PSA07,PSA,SNG,TRUE
TGACCCTCATGGCCAC,PBMC-06-1,PSA03,PSA,DBL,FALSE
TGACCCTGTAACAGGC,PBMC-06-1,PSA17,PSA,SNG,TRUE
TGACCCTGTACGAGCA,PBMC-06-1,PSA02,PSA,SNG,TRUE
TGACCCTGTACGCTTA,PBMC-06-1,PSA07,PSA,DBL,FALSE
TGACCCTGTGGCTTGC,PBMC-06-1,PSA05,PSA,SNG,TRUE
TGACCCTTCACCTCTG,PBMC-06-1,PSX04,PSX,SNG,TRUE
TGACCCTTCACTGGTA,PBMC-06-1,PSA07,PSA,SNG,FALSE
TGACCCTTCAGAACCT,PBMC-06-1,PSA16,PSA,SNG,TRUE
TGACCCTTCAGGTAAA,PBMC-06-1,PSX01,PSX,SNG,TRUE
TGACCCTTCATCTGTT,PBMC-06-1,PSA15,PSA,SNG,TRUE
TGACCCTTCCGAGGCT,PBMC-06-1,PSA02,PSA,SNG,TRUE
TGACCCTTCTTTGCGC,PBMC-06-1,PSO15,PSO,AMB,FALSE
TGACGCGAGCACTCTA,PBMC-06-1,PSA04,PSA,SNG,FALSE
TGACGCGAGCAGTACG,PBMC-06-1,PSA02,PSA,SNG,TRUE
TGACGCGAGCCTCGTG,PBMC-06-1,PSA12,PSA,SNG,TRUE
TGACGCGAGCGGGTTA,PBMC-06-1,PSA14,PSA,SNG,TRUE
TGACGCGAGGAACTAT,PBMC-06-1,PSA03,PSA,SNG,TRUE
TGACGCGAGGATGAGA,PBMC-06-1,PSA06,PSA,SNG,TRUE
TGACGCGAGGTGCAGT,PBMC-06-1,PSA07,PSA,SNG,TRUE
TGACGCGAGGTTCCAT,PBMC-06-1,PSX01,PSX,SNG,TRUE
TGACGCGCAACTTGGT,PBMC-06-1,PSA04,PSA,SNG,TRUE
TGACGCGCAGACAAAT,PBMC-06-1,PSO15,PSO,SNG,TRUE
TGACGCGCAGTTACCA,PBMC-06-1,PSO15,PSO,SNG,TRUE
TGACGCGCAGTTTCAG,PBMC-06-1,PSO14,PSO,AMB,FALSE
TGACGCGGTAACCAGG,PBMC-06-1,PSA15,PSA,SNG,TRUE
TGACGCGGTAAGGTCG,PBMC-06-1,PSX01,PSX,SNG,TRUE
TGACGCGGTCCCTGAG,PBMC-06-1,PSA02,PSA,SNG,TRUE
TGACGCGGTGATATAG,PBMC-06-1,PSA02,PSA,SNG,TRUE
TGACGCGGTTCTGACA,PBMC-06-1,PSO12,PSO,AMB,FALSE
TGACGCGTCATTGGTG,PBMC-06-1,PSA04,PSA,SNG,FALSE
TGACGCGTCCCAATAG,PBMC-06-1,PSA14,PSA,SNG,TRUE
TGACGCGTCGGTCGAC,PBMC-06-1,PSX04,PSX,SNG,TRUE
TGACGCGTCTCGCGTT,PBMC-06-1,PSX01,PSX,SNG,TRUE
TGACTCCAGAGCAGAA,PBMC-06-1,PSA07,PSA,SNG,TRUE
TGACTCCAGATGAACT,PBMC-06-1,PSA04,PSA,SNG,TRUE
TGACTCCAGGGTGAGG,PBMC-06-1,PSA04,PSA,SNG,FALSE
TGACTCCAGTATGGAT,PBMC-06-1,PSA03,PSA,SNG,TRUE
TGACTCCCAAATTGGA,PBMC-06-1,PSA06,PSA,AMB,FALSE
TGACTCCCAACCGCTG,PBMC-06-1,PSO15,PSO,DBL,FALSE
TGACTCCCAAGACAAT,PBMC-06-1,PSA12,PSA,SNG,TRUE
TGACTCCCAAGTATCC,PBMC-06-1,PSX01,PSX,SNG,TRUE
TGACTCCCACCAAATC,PBMC-06-1,PSA14,PSA,DBL,FALSE
TGACTCCCAGGTGTTT,PBMC-06-1,PSA16,PSA,DBL,FALSE
TGACTCCCATAGATGA,PBMC-06-1,PSA15,PSA,SNG,TRUE
TGACTCCCATGTGCTA,PBMC-06-1,PSX01,PSX,SNG,TRUE
TGACTCCGTAGAGCTG,PBMC-06-1,PSX04,PSX,SNG,TRUE
TGACTCCGTAGTGTGG,PBMC-06-1,PSA15,PSA,SNG,FALSE
TGACTCCGTTCAATCG,PBMC-06-1,PSA06,PSA,SNG,TRUE
TGACTCCGTTGTTGTG,PBMC-06-1,PSA12,PSA,SNG,TRUE
TGACTCCTCCATGATG,PBMC-06-1,PSA04,PSA,SNG,TRUE
TGACTCCTCGCTATTT,PBMC-06-1,PSX01,PSX,SNG,TRUE
TGAGACTAGAATTTGG,PBMC-06-1,PSO12,PSO,SNG,TRUE
TGAGACTAGATACCAA,PBMC-06-1,PSA14,PSA,SNG,TRUE
TGAGACTAGATAGGGA,PBMC-06-1,PSX01,PSX,DBL,FALSE
TGAGACTAGATGGGCT,PBMC-06-1,PSO15,PSO,SNG,TRUE
TGAGACTAGCAATAAC,PBMC-06-1,PSA16,PSA,DBL,FALSE
TGAGACTAGCCTATCA,PBMC-06-1,PSA14,PSA,DBL,FALSE
TGAGACTAGCTCGCAC,PBMC-06-1,PSO16,PSO,SNG,TRUE
TGAGACTAGCTCTGTA,PBMC-06-1,PSO13,PSO,SNG,TRUE
TGAGACTAGGTAAACT,PBMC-06-1,PSO14,PSO,DBL,FALSE
TGAGACTAGTAATTGG,PBMC-06-1,PSA12,PSA,SNG,TRUE
TGAGACTAGTACCATC,PBMC-06-1,PSO15,PSO,SNG,TRUE
TGAGACTCAACATACC,PBMC-06-1,PSA07,PSA,SNG,TRUE
TGAGACTCAACCGTGC,PBMC-06-1,PSA15,PSA,SNG,TRUE
TGAGACTCAAGAGATT,PBMC-06-1,PSX01,PSX,SNG,TRUE
TGAGACTCACCGAATT,PBMC-06-1,PSA03,PSA,SNG,FALSE
TGAGACTCACGGCACT,PBMC-06-1,PSO15,PSO,DBL,FALSE
TGAGACTCACGTGTGC,PBMC-06-1,PSA03,PSA,SNG,TRUE
TGAGACTCAGCGTATT,PBMC-06-1,PSA05,PSA,SNG,TRUE
TGAGACTCAGTAACGG,PBMC-06-1,PSO11,PSO,SNG,FALSE
TGAGACTCATCAGCGC,PBMC-06-1,PSA15,PSA,SNG,TRUE
TGAGACTCATCCGGTG,PBMC-06-1,PSO15,PSO,SNG,TRUE
TGAGACTCATCGCCTT,PBMC-06-1,PSA05,PSA,AMB,FALSE
TGAGACTGTAAGGAGA,PBMC-06-1,PSA12,PSA,SNG,TRUE
TGAGACTGTAGTATAG,PBMC-06-1,PSX04,PSX,SNG,TRUE
TGAGACTGTATGGAAT,PBMC-06-1,PSA06,PSA,SNG,TRUE
TGAGACTGTCAAAGAT,PBMC-06-1,PSA04,PSA,SNG,TRUE
TGAGACTGTCTATGAC,PBMC-06-1,PSA07,PSA,SNG,FALSE
TGAGACTGTGTAAACA,PBMC-06-1,PSA03,PSA,SNG,TRUE
TGAGACTTCATCGCTC,PBMC-06-1,PSA06,PSA,SNG,TRUE
TGAGACTTCGTGCAGC,PBMC-06-1,PSO14,PSO,DBL,FALSE
TGAGACTTCTCCCATG,PBMC-06-1,PSO15,PSO,DBL,FALSE
TGAGACTTCTCGTGGG,PBMC-06-1,PSA02,PSA,SNG,FALSE
TGAGCATAGACTTGTC,PBMC-06-1,PSA05,PSA,SNG,TRUE
TGAGCATAGCTGACAG,PBMC-06-1,PSX01,PSX,SNG,TRUE
TGAGCATAGGTTGGAC,PBMC-06-1,PSA06,PSA,DBL,FALSE
TGAGCATCACTCTAGA,PBMC-06-1,PSA12,PSA,SNG,TRUE
TGAGCATCAGAGTTGG,PBMC-06-1,PSO15,PSO,SNG,TRUE
TGAGCATCAGCCATTA,PBMC-06-1,PSA14,PSA,SNG,TRUE
TGAGCATGTAGATCCT,PBMC-06-1,PSA07,PSA,SNG,TRUE
TGAGCATGTCAACACT,PBMC-06-1,PSA16,PSA,SNG,FALSE
TGAGCATGTGGATCGA,PBMC-06-1,PSA12,PSA,SNG,FALSE
TGAGCATGTGTAAATG,PBMC-06-1,PSA06,PSA,SNG,TRUE
TGAGCATGTTGGGATG,PBMC-06-1,PSO12,PSO,DBL,FALSE
TGAGCATTCTGAATCG,PBMC-06-1,PSA05,PSA,SNG,TRUE
TGAGCATTCTTCTAAC,PBMC-06-1,PSA06,PSA,SNG,TRUE
TGAGCGCAGAACCCGA,PBMC-06-1,PSX01,PSX,SNG,TRUE
TGAGCGCAGAAGGATG,PBMC-06-1,PSX01,PSX,SNG,TRUE
TGAGCGCAGAGGTGCT,PBMC-06-1,PSA14,PSA,SNG,TRUE
TGAGCGCAGGAAGTGA,PBMC-06-1,PSA02,PSA,SNG,TRUE
TGAGCGCAGGATAATC,PBMC-06-1,PSA07,PSA,DBL,FALSE
TGAGCGCAGGTGCCTC,PBMC-06-1,PSA16,PSA,SNG,FALSE
TGAGCGCAGTCACACT,PBMC-06-1,PSA16,PSA,SNG,TRUE
TGAGCGCCAAACTCTG,PBMC-06-1,PSA15,PSA,SNG,TRUE
TGAGCGCCAAAGGATT,PBMC-06-1,PSA03,PSA,SNG,TRUE
TGAGCGCCAAATCAAG,PBMC-06-1,PSX01,PSX,SNG,TRUE
TGAGCGCCAAGTGTCT,PBMC-06-1,PSO15,PSO,SNG,TRUE
TGAGCGCCACTGCGAC,PBMC-06-1,PSO12,PSO,SNG,TRUE
TGAGCGCCATCTGGGC,PBMC-06-1,PSX01,PSX,SNG,TRUE
TGAGCGCCATGTAACC,PBMC-06-1,PSX04,PSX,SNG,TRUE
TGAGCGCGTAGATGTA,PBMC-06-1,PSO16,PSO,SNG,TRUE
TGAGCGCGTGCTGATT,PBMC-06-1,PSA15,PSA,SNG,TRUE
TGAGCGCGTTGGACCC,PBMC-06-1,PSO13,PSO,SNG,TRUE
TGAGCGCTCACGGGAA,PBMC-06-1,PSA04,PSA,SNG,FALSE
TGAGCGCTCATCGCTC,PBMC-06-1,PSA17,PSA,DBL,FALSE
TGAGCGCTCCAAAGGG,PBMC-06-1,PSX01,PSX,SNG,TRUE
TGAGCGCTCTCTAGGA,PBMC-06-1,PSX04,PSX,DBL,FALSE
TGAGGAGAGCACTCTA,PBMC-06-1,PSA06,PSA,SNG,TRUE
TGAGGAGAGCATAGGC,PBMC-06-1,PSA07,PSA,DBL,FALSE
TGAGGAGAGTGGAAAG,PBMC-06-1,PSA12,PSA,AMB,FALSE
TGAGGAGCAAGCGCAA,PBMC-06-1,PSX01,PSX,SNG,TRUE
TGAGGAGCAATAGAGT,PBMC-06-1,PSA02,PSA,SNG,TRUE
TGAGGAGCAATAGTGA,PBMC-06-1,PSO14,PSO,DBL,FALSE
TGAGGAGCAATGACCT,PBMC-06-1,PSA03,PSA,SNG,TRUE
TGAGGAGCAGATTAAG,PBMC-06-1,PSO14,PSO,DBL,FALSE
TGAGGAGGTAACGCGA,PBMC-06-1,PSO15,PSO,SNG,TRUE
TGAGGAGGTAAGGAGA,PBMC-06-1,PSO14,PSO,SNG,FALSE
TGAGGAGGTGACAGCA,PBMC-06-1,PSA12,PSA,SNG,TRUE
TGAGGAGGTTACGTAC,PBMC-06-1,PSO15,PSO,SNG,TRUE
TGAGGAGGTTGCGTAT,PBMC-06-1,PSO15,PSO,SNG,TRUE
TGAGGAGTCCCTATTA,PBMC-06-1,PSX01,PSX,DBL,FALSE
TGAGGAGTCCTAACAG,PBMC-06-1,PSO16,PSO,AMB,FALSE
TGAGGGACAAAGAGTT,PBMC-06-1,PSA02,PSA,SNG,TRUE
TGAGGGACAATCTAGC,PBMC-06-1,PSA04,PSA,SNG,TRUE
TGAGGGACAGAGCCCT,PBMC-06-1,PSA02,PSA,SNG,TRUE
TGAGGGACAGGCAATG,PBMC-06-1,PSA04,PSA,SNG,TRUE
TGAGGGACATGGCGCT,PBMC-06-1,PSA04,PSA,SNG,TRUE
TGAGGGAGTAGAGTTA,PBMC-06-1,PSA05,PSA,SNG,TRUE
TGAGGGAGTAGGCAAC,PBMC-06-1,PSA06,PSA,SNG,TRUE
TGAGGGAGTCCAGCCA,PBMC-06-1,PSA15,PSA,SNG,TRUE
TGAGGGAGTCCGTACG,PBMC-06-1,PSO15,PSO,DBL,FALSE
TGAGGGAGTGGCTGCT,PBMC-06-1,PSA17,PSA,SNG,TRUE
TGAGGGAGTGTGTCCG,PBMC-06-1,PSA07,PSA,SNG,TRUE
TGAGGGAGTTGGCCTG,PBMC-06-1,PSX04,PSX,SNG,TRUE
TGAGGTTAGGTAAAGG,PBMC-06-1,PSA17,PSA,DBL,FALSE
TGAGGTTAGGTTGACG,PBMC-06-1,PSA16,PSA,SNG,TRUE
TGAGGTTAGTTGGAGC,PBMC-06-1,PSA16,PSA,SNG,FALSE
TGAGGTTCAACTGATC,PBMC-06-1,PSA07,PSA,SNG,TRUE
TGAGGTTCAATTGCTG,PBMC-06-1,PSA05,PSA,SNG,TRUE
TGAGGTTCAATTTCTC,PBMC-06-1,PSA06,PSA,SNG,FALSE
TGAGGTTCAGTGGCTC,PBMC-06-1,PSA07,PSA,DBL,FALSE
TGAGGTTCATGGCCAC,PBMC-06-1,PSX01,PSX,SNG,TRUE
TGAGGTTGTAGCGTTT,PBMC-06-1,PSA05,PSA,SNG,TRUE
TGAGGTTGTATGGAGC,PBMC-06-1,PSA06,PSA,SNG,TRUE
TGAGGTTGTGGCTCTG,PBMC-06-1,PSA14,PSA,SNG,TRUE
TGAGGTTGTTATAGCC,PBMC-06-1,PSA07,PSA,SNG,FALSE
TGAGGTTGTTCTCCCA,PBMC-06-1,PSA03,PSA,SNG,TRUE
TGAGGTTTCAGACATC,PBMC-06-1,PSA06,PSA,SNG,TRUE
TGAGGTTTCATTGCGA,PBMC-06-1,PSA15,PSA,DBL,FALSE
TGAGGTTTCCTAAGTG,PBMC-06-1,PSA15,PSA,SNG,TRUE
TGAGGTTTCTGATGGT,PBMC-06-1,PSA02,PSA,SNG,TRUE
TGAGGTTTCTGCACCT,PBMC-06-1,PSA05,PSA,SNG,TRUE
TGAGTCACATAACAGA,PBMC-06-1,PSA12,PSA,SNG,TRUE
TGAGTCACATGGGCAA,PBMC-06-1,PSO15,PSO,SNG,TRUE
TGAGTCAGTATGGAAT,PBMC-06-1,PSA14,PSA,SNG,TRUE
TGAGTCAGTCCATCTC,PBMC-06-1,PSX04,PSX,SNG,TRUE
TGAGTCAGTCCTGGTG,PBMC-06-1,PSA13,PSA,AMB,FALSE
TGAGTCAGTTACCTTT,PBMC-06-1,PSA16,PSA,AMB,FALSE
TGAGTCAGTTGCCTAA,PBMC-06-1,PSX01,PSX,SNG,FALSE
TGATCAGAGACCACGA,PBMC-06-1,PSO12,PSO,DBL,FALSE
TGATCAGAGAGCTTTC,PBMC-06-1,PSA13,PSA,DBL,FALSE
TGATCAGAGGAACTAT,PBMC-06-1,PSO14,PSO,AMB,FALSE
TGATCAGAGTATAGGT,PBMC-06-1,PSA07,PSA,SNG,TRUE
TGATCAGCAATGTCTG,PBMC-06-1,PSO13,PSO,SNG,TRUE
TGATCAGCACCTCGTT,PBMC-06-1,PSA12,PSA,SNG,TRUE
TGATCAGCACGGCTAC,PBMC-06-1,PSA05,PSA,SNG,TRUE
TGATCAGCATTGTGCA,PBMC-06-1,PSA07,PSA,DBL,FALSE
TGATCAGGTCATCTAG,PBMC-06-1,PSA07,PSA,SNG,TRUE
TGATCAGGTCCGCAGT,PBMC-06-1,PSO12,PSO,AMB,FALSE
TGATCAGGTCTTGTCC,PBMC-06-1,PSA02,PSA,SNG,TRUE
TGATCAGGTGTGTACT,PBMC-06-1,PSA16,PSA,SNG,TRUE
TGATCAGGTTCGTGCG,PBMC-06-1,PSX01,PSX,SNG,TRUE
TGATCAGGTTCTCACC,PBMC-06-1,PSA16,PSA,SNG,FALSE
TGATCAGGTTTCCAAG,PBMC-06-1,PSA16,PSA,SNG,TRUE
TGATCAGTCAAGTGTC,PBMC-06-1,PSA07,PSA,SNG,TRUE
TGATCTTCACTCTAGA,PBMC-06-1,PSA16,PSA,SNG,TRUE
TGATCTTCAGTGCGCT,PBMC-06-1,PSX04,PSX,SNG,TRUE
TGATCTTCATCCTTGC,PBMC-06-1,PSO15,PSO,SNG,TRUE
TGATCTTCATGAGTAA,PBMC-06-1,PSA02,PSA,DBL,FALSE
TGATCTTCATTAAAGG,PBMC-06-1,PSA07,PSA,SNG,FALSE
TGATCTTGTAAGTTGA,PBMC-06-1,PSA07,PSA,DBL,FALSE
TGATCTTGTAGACAAT,PBMC-06-1,PSA17,PSA,SNG,TRUE
TGATCTTGTTGACGGA,PBMC-06-1,PSA03,PSA,SNG,TRUE
TGATCTTGTTTACGAC,PBMC-06-1,PSA14,PSA,SNG,FALSE
TGATGCAAGCGCCTCA,PBMC-06-1,PSA04,PSA,SNG,TRUE
TGATGCAAGTCACTAC,PBMC-06-1,PSO15,PSO,DBL,FALSE
TGATGCACAAATAAGC,PBMC-06-1,PSX04,PSX,DBL,FALSE
TGATGCACAACAGAGC,PBMC-06-1,PSA03,PSA,SNG,TRUE
TGATGCACACAGTGAG,PBMC-06-1,PSA16,PSA,SNG,TRUE
TGATGCACACCGCTAG,PBMC-06-1,PSA06,PSA,SNG,TRUE
TGATGCACACCTCTGT,PBMC-06-1,PSA13,PSA,SNG,TRUE
TGATGCACACTCATAG,PBMC-06-1,PSA12,PSA,SNG,TRUE
TGATGCACATGAGATA,PBMC-06-1,PSA16,PSA,SNG,FALSE
TGATGCACATGTCAGT,PBMC-06-1,PSA06,PSA,SNG,TRUE
TGATGCAGTAAGACCG,PBMC-06-1,PSX04,PSX,DBL,FALSE
TGATGCAGTCTCTCCA,PBMC-06-1,PSA17,PSA,SNG,TRUE
TGATGCAGTGACGCCT,PBMC-06-1,PSX04,PSX,SNG,TRUE
TGATGCAGTGGCAACA,PBMC-06-1,PSA03,PSA,SNG,TRUE
TGATGCATCCACGAAT,PBMC-06-1,PSA15,PSA,SNG,TRUE
TGATGCATCCACTGAA,PBMC-06-1,PSA03,PSA,SNG,TRUE
TGATGCATCGACGCGT,PBMC-06-1,PSA07,PSA,SNG,TRUE
TGATGCATCGTCTAAG,PBMC-06-1,PSO15,PSO,SNG,FALSE
TGATGCATCTCCAAGA,PBMC-06-1,PSX04,PSX,SNG,TRUE
TGATGGTCAACTGTGT,PBMC-06-1,PSA16,PSA,SNG,FALSE
TGATGGTCAATCGTCA,PBMC-06-1,PSO16,PSO,AMB,FALSE
TGATGGTCAATTCTCT,PBMC-06-1,PSX01,PSX,SNG,TRUE
TGATGGTCACACTTAG,PBMC-06-1,PSX01,PSX,SNG,TRUE
TGATGGTCACCCAATA,PBMC-06-1,PSO16,PSO,SNG,TRUE
TGATGGTCACTAAACC,PBMC-06-1,PSX04,PSX,SNG,FALSE
TGATGGTCAGATTTCG,PBMC-06-1,PSO15,PSO,SNG,TRUE
TGATGGTCAGCAGGAT,PBMC-06-1,PSA04,PSA,SNG,FALSE
TGATGGTCAGTCAGTT,PBMC-06-1,PSO11,PSO,SNG,TRUE
TGATGGTCATGGGATG,PBMC-06-1,PSA05,PSA,SNG,FALSE
TGATGGTGTACGATCT,PBMC-06-1,PSA06,PSA,SNG,TRUE
TGATGGTGTCAAAGCG,PBMC-06-1,PSX04,PSX,DBL,FALSE
TGATGGTGTCTTACAG,PBMC-06-1,PSA02,PSA,DBL,FALSE
TGATGGTGTGCCTAAT,PBMC-06-1,PSA14,PSA,SNG,TRUE
TGATGGTGTGTGCTTA,PBMC-06-1,PSA17,PSA,SNG,FALSE
TGATTCTCAAGCTGTT,PBMC-06-1,PSA02,PSA,DBL,FALSE
TGATTCTCAGAGCCCT,PBMC-06-1,PSX04,PSX,DBL,FALSE
TGATTCTCAGGCCCTA,PBMC-06-1,PSA04,PSA,SNG,TRUE
TGATTCTCAGTTACCA,PBMC-06-1,PSO12,PSO,SNG,TRUE
TGATTCTCATAGAAAC,PBMC-06-1,PSA13,PSA,SNG,FALSE
TGATTCTCATCCGAGC,PBMC-06-1,PSA07,PSA,SNG,TRUE
TGATTCTGTAGTCTGT,PBMC-06-1,PSA03,PSA,SNG,TRUE
TGATTCTGTCAGGTAG,PBMC-06-1,PSA06,PSA,DBL,FALSE
TGATTCTGTCGTACAT,PBMC-06-1,PSA04,PSA,SNG,TRUE
TGATTCTGTTCGGTTA,PBMC-06-1,PSA06,PSA,DBL,FALSE
TGATTCTGTTGGTGTT,PBMC-06-1,PSA07,PSA,SNG,FALSE
TGATTCTTCATACGGT,PBMC-06-1,PSO15,PSO,SNG,TRUE
TGATTCTTCATGTCAG,PBMC-06-1,PSX01,PSX,SNG,TRUE
TGATTCTTCATTCGTT,PBMC-06-1,PSA14,PSA,SNG,FALSE
TGATTCTTCTACTATC,PBMC-06-1,PSA02,PSA,SNG,TRUE
TGATTTCAGCGGCTCT,PBMC-06-1,PSA17,PSA,SNG,TRUE
TGATTTCAGGGTACGT,PBMC-06-1,PSA16,PSA,SNG,TRUE
TGATTTCCACAGACGA,PBMC-06-1,PSA03,PSA,SNG,TRUE
TGATTTCCAGCTGTGC,PBMC-06-1,PSO15,PSO,SNG,TRUE
TGATTTCCAGGCATTT,PBMC-06-1,PSO13,PSO,SNG,FALSE
TGATTTCGTAAGTCAA,PBMC-06-1,PSA07,PSA,DBL,FALSE
TGATTTCGTATGCGGA,PBMC-06-1,PSO14,PSO,SNG,TRUE
TGATTTCGTGGCGCTT,PBMC-06-1,PSA12,PSA,SNG,TRUE
TGATTTCGTGGGTATG,PBMC-06-1,PSX04,PSX,DBL,FALSE
TGATTTCTCAGAGCAG,PBMC-06-1,PSA02,PSA,SNG,TRUE
TGATTTCTCCAAGGGA,PBMC-06-1,PSA07,PSA,SNG,TRUE
TGATTTCTCCCGTAAA,PBMC-06-1,PSA17,PSA,SNG,FALSE
TGATTTCTCCTCTTTC,PBMC-06-1,PSA15,PSA,SNG,TRUE
TGATTTCTCCTGTACC,PBMC-06-1,PSA05,PSA,DBL,FALSE
TGATTTCTCTCTCCGA,PBMC-06-1,PSO15,PSO,SNG,FALSE
TGATTTCTCTGAGCAT,PBMC-06-1,PSX01,PSX,SNG,FALSE
TGATTTCTCTTCTGTA,PBMC-06-1,PSA06,PSA,SNG,TRUE
TGCACGGAGAAGAACG,PBMC-06-1,PSA13,PSA,SNG,TRUE
TGCACGGAGAATAACC,PBMC-06-1,PSO16,PSO,AMB,FALSE
TGCACGGAGATGCAGC,PBMC-06-1,PSA15,PSA,SNG,TRUE
TGCACGGAGCGCCATC,PBMC-06-1,PSA05,PSA,SNG,TRUE
TGCACGGAGGGCAGAG,PBMC-06-1,PSO11,PSO,SNG,TRUE
TGCACGGAGTAGACAT,PBMC-06-1,PSA06,PSA,SNG,FALSE
TGCACGGAGTCAGGGT,PBMC-06-1,PSX01,PSX,SNG,TRUE
TGCACGGAGTTTGGCT,PBMC-06-1,PSA12,PSA,DBL,FALSE
TGCACGGCAAACAGGC,PBMC-06-1,PSO14,PSO,SNG,FALSE
TGCACGGCAAGTATAG,PBMC-06-1,PSO15,PSO,SNG,TRUE
TGCACGGCAGCCCACA,PBMC-06-1,PSA15,PSA,DBL,FALSE
TGCACGGCAGCTTTGA,PBMC-06-1,PSA04,PSA,SNG,TRUE
TGCACGGCATAACGGG,PBMC-06-1,PSA05,PSA,SNG,TRUE
TGCACGGGTATGCTAC,PBMC-06-1,PSA15,PSA,SNG,TRUE
TGCACGGGTATTCCTT,PBMC-06-1,PSA12,PSA,SNG,TRUE
TGCACGGGTCACCGAC,PBMC-06-1,PSA05,PSA,SNG,TRUE
TGCACGGGTGAGATAT,PBMC-06-1,PSO13,PSO,SNG,TRUE
TGCACGGGTGAGCCAA,PBMC-06-1,PSO14,PSO,SNG,TRUE
TGCACGGGTTCTCAGA,PBMC-06-1,PSA12,PSA,SNG,TRUE
TGCACGGTCAAGGAGC,PBMC-06-1,PSA15,PSA,SNG,TRUE
TGCACGGTCTGGACTA,PBMC-06-1,PSX01,PSX,SNG,TRUE
TGCAGATAGAGGGTAA,PBMC-06-1,PSO12,PSO,SNG,TRUE
TGCAGATAGATGGCGT,PBMC-06-1,PSA14,PSA,SNG,FALSE
TGCAGATAGCATGCGA,PBMC-06-1,PSA14,PSA,SNG,FALSE
TGCAGATAGGCTGAAC,PBMC-06-1,PSA12,PSA,SNG,TRUE
TGCAGATAGGGTTGCA,PBMC-06-1,PSA14,PSA,SNG,FALSE
TGCAGATAGGTCTTTG,PBMC-06-1,PSO11,PSO,SNG,FALSE
TGCAGATAGTATAGAC,PBMC-06-1,PSO15,PSO,SNG,TRUE
TGCAGATAGTATGGAT,PBMC-06-1,PSA02,PSA,SNG,TRUE
TGCAGATAGTCGGCAA,PBMC-06-1,PSO14,PSO,SNG,TRUE
TGCAGATAGTGTACCT,PBMC-06-1,PSA14,PSA,SNG,TRUE
TGCAGATAGTTCACTG,PBMC-06-1,PSA16,PSA,DBL,FALSE
TGCAGATCAACAGCCC,PBMC-06-1,PSA15,PSA,SNG,TRUE
TGCAGATCAGATTCGT,PBMC-06-1,PSO15,PSO,SNG,FALSE
TGCAGATGTAATGATG,PBMC-06-1,PSA07,PSA,SNG,TRUE
TGCAGATGTAGCGCCT,PBMC-06-1,PSO12,PSO,SNG,TRUE
TGCAGATGTAGCTGAG,PBMC-06-1,PSA04,PSA,SNG,TRUE
TGCAGATGTATGAGGC,PBMC-06-1,PSX04,PSX,SNG,TRUE
TGCAGATGTGGCCCAT,PBMC-06-1,PSA12,PSA,SNG,TRUE
TGCAGATGTTCAGCGC,PBMC-06-1,PSA02,PSA,DBL,FALSE
TGCAGATTCAAGGACG,PBMC-06-1,PSA17,PSA,SNG,TRUE
TGCAGATTCACAAGGG,PBMC-06-1,PSO16,PSO,AMB,FALSE
TGCAGATTCAGGCGAA,PBMC-06-1,PSA02,PSA,DBL,FALSE
TGCAGATTCGGAAACG,PBMC-06-1,PSA13,PSA,SNG,TRUE
TGCAGATTCGGCACTG,PBMC-06-1,PSA02,PSA,SNG,FALSE
TGCAGATTCGGCTGAC,PBMC-06-1,PSO12,PSO,SNG,TRUE
TGCAGATTCGTGTGAT,PBMC-06-1,PSA16,PSA,SNG,FALSE
TGCAGGCAGCGTATAA,PBMC-06-1,PSA14,PSA,SNG,TRUE
TGCAGGCAGCTATCCA,PBMC-06-1,PSA13,PSA,SNG,TRUE
TGCAGGCAGTGGAATT,PBMC-06-1,PSA15,PSA,SNG,TRUE
TGCAGGCCAAACTCGT,PBMC-06-1,PSA17,PSA,DBL,FALSE
TGCAGGCCATGGGTTT,PBMC-06-1,PSA05,PSA,DBL,FALSE
TGCAGGCGTAGTCCTA,PBMC-06-1,PSA17,PSA,SNG,TRUE
TGCAGGCGTGAGTAGC,PBMC-06-1,PSA07,PSA,SNG,TRUE
TGCAGGCTCAGCCTCT,PBMC-06-1,PSO12,PSO,SNG,TRUE
TGCAGGCTCATGCAGT,PBMC-06-1,PSA15,PSA,SNG,TRUE
TGCAGGCTCGACATTG,PBMC-06-1,PSA03,PSA,SNG,FALSE
TGCAGTAAGAATTCAG,PBMC-06-1,PSA07,PSA,SNG,TRUE
TGCAGTAAGACGACTG,PBMC-06-1,PSX04,PSX,SNG,TRUE
TGCAGTAAGACTGGGT,PBMC-06-1,PSA03,PSA,SNG,TRUE
TGCAGTAAGAGGCTGT,PBMC-06-1,PSA02,PSA,SNG,TRUE
TGCAGTAAGCACTTTG,PBMC-06-1,PSA13,PSA,AMB,FALSE
TGCAGTAAGCTGAAAT,PBMC-06-1,PSO15,PSO,SNG,TRUE
TGCAGTACAACTGGTT,PBMC-06-1,PSA17,PSA,SNG,TRUE
TGCAGTACACACCGAC,PBMC-06-1,PSO15,PSO,SNG,TRUE
TGCAGTACACCAGCTG,PBMC-06-1,PSA03,PSA,SNG,FALSE
TGCAGTACACTGCGAC,PBMC-06-1,PSA14,PSA,DBL,FALSE
TGCAGTAGTATGAGGC,PBMC-06-1,PSO12,PSO,DBL,FALSE
TGCAGTAGTCCCGGTA,PBMC-06-1,PSA07,PSA,DBL,FALSE
TGCAGTAGTGAACCGA,PBMC-06-1,PSO14,PSO,SNG,TRUE
TGCAGTAGTGTTCCTC,PBMC-06-1,PSO14,PSO,SNG,TRUE
TGCAGTATCAGACAAA,PBMC-06-1,PSA14,PSA,SNG,TRUE
TGCAGTATCCCGGTAG,PBMC-06-1,PSA07,PSA,DBL,FALSE
TGCAGTATCTCACTCG,PBMC-06-1,PSA16,PSA,SNG,TRUE
TGCAGTATCTCCCATG,PBMC-06-1,PSA17,PSA,SNG,TRUE
TGCAGTATCTCGACCT,PBMC-06-1,PSA07,PSA,SNG,FALSE
TGCATCCAGCAGATAT,PBMC-06-1,PSA12,PSA,SNG,TRUE
TGCATCCAGGATATGT,PBMC-06-1,PSA05,PSA,SNG,TRUE
TGCATCCAGGGTGGGA,PBMC-06-1,PSO12,PSO,SNG,TRUE
TGCATCCAGGTGCATG,PBMC-06-1,PSO15,PSO,SNG,TRUE
TGCATCCCACAACGCC,PBMC-06-1,PSO13,PSO,SNG,TRUE
TGCATCCCACTTGAAC,PBMC-06-1,PSA13,PSA,SNG,TRUE
TGCATCCCAGGCGAAT,PBMC-06-1,PSA17,PSA,DBL,FALSE
TGCATCCCATCAGTGT,PBMC-06-1,PSA04,PSA,SNG,FALSE
TGCATCCCATCCAATG,PBMC-06-1,PSO15,PSO,SNG,TRUE
TGCATCCGTAAGACCG,PBMC-06-1,PSA16,PSA,SNG,TRUE
TGCATCCGTACGGTTT,PBMC-06-1,PSA14,PSA,AMB,FALSE
TGCATCCGTAGATTAG,PBMC-06-1,PSO15,PSO,DBL,FALSE
TGCATCCGTATGAAGT,PBMC-06-1,PSO15,PSO,DBL,FALSE
TGCATCCGTGCCTGAC,PBMC-06-1,PSO12,PSO,SNG,TRUE
TGCATCCGTGGACCAA,PBMC-06-1,PSA13,PSA,SNG,TRUE
TGCATCCGTTTACGTG,PBMC-06-1,PSO13,PSO,SNG,TRUE
TGCATCCTCAATCCGA,PBMC-06-1,PSA13,PSA,DBL,FALSE
TGCATCCTCAATCGGT,PBMC-06-1,PSA07,PSA,SNG,TRUE
TGCATCCTCATTCATC,PBMC-06-1,PSA15,PSA,SNG,TRUE
TGCATCCTCCCTCGTA,PBMC-06-1,PSO15,PSO,SNG,TRUE
TGCATCCTCGGCAGTC,PBMC-06-1,PSX04,PSX,DBL,FALSE
TGCATCCTCTACACTT,PBMC-06-1,PSO11,PSO,SNG,TRUE
TGCATCCTCTAGACCA,PBMC-06-1,PSO11,PSO,SNG,TRUE
TGCATGAAGAAGTCAT,PBMC-06-1,PSO12,PSO,DBL,FALSE
TGCATGAAGCCATTCA,PBMC-06-1,PSA07,PSA,SNG,FALSE
TGCATGAAGCTCCACG,PBMC-06-1,PSA15,PSA,SNG,TRUE
TGCATGAAGCTTTCCC,PBMC-06-1,PSO16,PSO,SNG,TRUE
TGCATGAAGGGTATAT,PBMC-06-1,PSO16,PSO,AMB,FALSE
TGCATGAAGTCGCGAA,PBMC-06-1,PSX01,PSX,AMB,FALSE
TGCATGAAGTTGTACC,PBMC-06-1,PSX01,PSX,DBL,FALSE
TGCATGACAACTGAAA,PBMC-06-1,PSA17,PSA,SNG,TRUE
TGCATGACAATTTCTC,PBMC-06-1,PSX01,PSX,SNG,TRUE
TGCATGACACTCTCGT,PBMC-06-1,PSA03,PSA,SNG,TRUE
TGCATGACAGCTCATA,PBMC-06-1,PSA14,PSA,SNG,TRUE
TGCATGACAGGTGAGT,PBMC-06-1,PSA16,PSA,SNG,TRUE
TGCATGACAGTCAGAG,PBMC-06-1,PSA02,PSA,SNG,TRUE
TGCATGACATCTGCGG,PBMC-06-1,PSA02,PSA,SNG,FALSE
TGCATGAGTACACGTT,PBMC-06-1,PSA14,PSA,SNG,TRUE
TGCATGAGTACGACTT,PBMC-06-1,PSX01,PSX,SNG,TRUE
TGCATGAGTATAATGG,PBMC-06-1,PSA15,PSA,SNG,TRUE
TGCATGAGTATCATGC,PBMC-06-1,PSO15,PSO,DBL,FALSE
TGCATGAGTCGAAACG,PBMC-06-1,PSA02,PSA,SNG,TRUE
TGCATGAGTGGACCTC,PBMC-06-1,PSA16,PSA,DBL,FALSE
TGCATGATCAGCGTCG,PBMC-06-1,PSO15,PSO,SNG,TRUE
TGCATGATCAGGACGA,PBMC-06-1,PSO15,PSO,SNG,TRUE
TGCATGATCATCGTAG,PBMC-06-1,PSX01,PSX,DBL,FALSE
TGCATGATCCACCTGT,PBMC-06-1,PSA02,PSA,SNG,TRUE
TGCATGATCCGGTAAT,PBMC-06-1,PSA03,PSA,DBL,FALSE
TGCATGATCCGTATGA,PBMC-06-1,PSO15,PSO,SNG,FALSE
TGCATGATCCGTGGTG,PBMC-06-1,PSX01,PSX,SNG,TRUE
TGCATGATCCTACTGC,PBMC-06-1,PSA02,PSA,SNG,TRUE
TGCATGATCCTTATGT,PBMC-06-1,PSA02,PSA,SNG,TRUE
TGCATGATCGAGCACC,PBMC-06-1,PSA07,PSA,AMB,FALSE
TGCATGATCTCTCGCA,PBMC-06-1,PSA05,PSA,SNG,TRUE
TGCATGATCTGTTGGA,PBMC-06-1,PSX04,PSX,SNG,TRUE
TGCATGATCTTCGCTG,PBMC-06-1,PSA13,PSA,SNG,TRUE
TGCCGAGAGGAGCAAA,PBMC-06-1,PSA17,PSA,SNG,TRUE
TGCCGAGCAAAGGCGT,PBMC-06-1,PSA06,PSA,SNG,TRUE
TGCCGAGCAAATGGTA,PBMC-06-1,PSA14,PSA,SNG,TRUE
TGCCGAGCAAATTGCC,PBMC-06-1,PSA16,PSA,SNG,TRUE
TGCCGAGCAACGGGTA,PBMC-06-1,PSA03,PSA,SNG,TRUE
TGCCGAGCAGGATTCT,PBMC-06-1,PSA02,PSA,SNG,TRUE
TGCCGAGGTCCCTAAA,PBMC-06-1,PSA13,PSA,DBL,FALSE
TGCCGAGTCGACATCA,PBMC-06-1,PSA07,PSA,DBL,FALSE
TGCCGAGTCGCAATGT,PBMC-06-1,PSA14,PSA,SNG,TRUE
TGCCGAGTCGGTATGT,PBMC-06-1,PSA17,PSA,DBL,FALSE
TGCCGAGTCTTGGTGA,PBMC-06-1,PSA16,PSA,SNG,TRUE
TGCGACGAGAAACTGT,PBMC-06-1,PSA16,PSA,DBL,FALSE
TGCGACGAGAACAGGA,PBMC-06-1,PSO14,PSO,AMB,FALSE
TGCGACGAGAGCAGTC,PBMC-06-1,PSA15,PSA,SNG,TRUE
TGCGACGAGGGCTTCC,PBMC-06-1,PSA02,PSA,SNG,TRUE
TGCGACGCACCGGTCA,PBMC-06-1,PSA06,PSA,SNG,TRUE
TGCGACGCACTCCCTA,PBMC-06-1,PSA16,PSA,DBL,FALSE
TGCGACGCACTTTAGG,PBMC-06-1,PSO15,PSO,SNG,FALSE
TGCGACGCAGATAAAC,PBMC-06-1,PSA16,PSA,SNG,TRUE
TGCGACGCAGTTGTTG,PBMC-06-1,PSA04,PSA,SNG,TRUE
TGCGACGCATCTCGTC,PBMC-06-1,PSO12,PSO,SNG,TRUE
TGCGACGCATGTTCGA,PBMC-06-1,PSA07,PSA,SNG,TRUE
TGCGACGGTAGCGCCT,PBMC-06-1,PSA02,PSA,DBL,FALSE
TGCGACGGTGGCTTAT,PBMC-06-1,PSA14,PSA,SNG,TRUE
TGCGACGGTGGTATGG,PBMC-06-1,PSA12,PSA,SNG,FALSE
TGCGACGGTGGTCTCG,PBMC-06-1,PSA02,PSA,SNG,TRUE
TGCGACGGTGTTTGCA,PBMC-06-1,PSO11,PSO,DBL,FALSE
TGCGACGGTTAGAAGT,PBMC-06-1,PSA02,PSA,SNG,TRUE
TGCGACGTCAGCTCTC,PBMC-06-1,PSA15,PSA,SNG,TRUE
TGCGACGTCGCCGATG,PBMC-06-1,PSO15,PSO,DBL,FALSE
TGCGACGTCGCGCCAA,PBMC-06-1,PSA15,PSA,SNG,TRUE
TGCGACGTCTGGGCAC,PBMC-06-1,PSA17,PSA,SNG,TRUE
TGCGATAAGCTAGAAT,PBMC-06-1,PSA17,PSA,SNG,TRUE
TGCGATAAGGAACGCT,PBMC-06-1,PSA07,PSA,SNG,FALSE
TGCGATAAGTTAGTAG,PBMC-06-1,PSA07,PSA,SNG,TRUE
TGCGATACAAACCACT,PBMC-06-1,PSX04,PSX,SNG,TRUE
TGCGATACAACCCTAA,PBMC-06-1,PSX04,PSX,SNG,FALSE
TGCGATACAAGCTACT,PBMC-06-1,PSA07,PSA,SNG,TRUE
TGCGATACACCTCGTT,PBMC-06-1,PSO16,PSO,SNG,TRUE
TGCGATACAGGCAATG,PBMC-06-1,PSO12,PSO,SNG,TRUE
TGCGATACATGTGGCC,PBMC-06-1,PSO14,PSO,SNG,FALSE
TGCGATAGTAACTTCG,PBMC-06-1,PSA06,PSA,SNG,TRUE
TGCGATAGTAGCCAGA,PBMC-06-1,PSA06,PSA,SNG,TRUE
TGCGATAGTATGGGAC,PBMC-06-1,PSO11,PSO,AMB,FALSE
TGCGATAGTCATCCGG,PBMC-06-1,PSA16,PSA,SNG,TRUE
TGCGATAGTCTCTCAC,PBMC-06-1,PSX01,PSX,SNG,TRUE
TGCGATAGTGGTATGG,PBMC-06-1,PSA04,PSA,SNG,TRUE
TGCGATATCAACGAGG,PBMC-06-1,PSA04,PSA,SNG,TRUE
TGCGATATCACAAGAA,PBMC-06-1,PSO15,PSO,SNG,FALSE
TGCGATATCGACCATA,PBMC-06-1,PSA15,PSA,SNG,TRUE
TGCGGCAAGAGGGTCT,PBMC-06-1,PSA04,PSA,SNG,TRUE
TGCGGCAAGGCTTCCG,PBMC-06-1,PSA16,PSA,SNG,TRUE
TGCGGCAAGTATGTAG,PBMC-06-1,PSX04,PSX,SNG,TRUE
TGCGGCACAAAGTGTA,PBMC-06-1,PSA16,PSA,SNG,TRUE
TGCGGCACAAGATGGC,PBMC-06-1,PSO14,PSO,SNG,FALSE
TGCGGCACAGAAACCG,PBMC-06-1,PSA05,PSA,SNG,TRUE
TGCGGCACAGATCCTA,PBMC-06-1,PSX01,PSX,SNG,TRUE
TGCGGCACAGCAAGAC,PBMC-06-1,PSA07,PSA,SNG,TRUE
TGCGGCACAGTGTACT,PBMC-06-1,PSO13,PSO,AMB,FALSE
TGCGGCAGTATGAGAT,PBMC-06-1,PSO12,PSO,SNG,FALSE
TGCGGCAGTCACTCAA,PBMC-06-1,PSA14,PSA,SNG,TRUE
TGCGGCAGTCGGCTAC,PBMC-06-1,PSO11,PSO,DBL,FALSE
TGCGGCAGTCGGTAAG,PBMC-06-1,PSA06,PSA,SNG,FALSE
TGCGGCAGTCTCGCGA,PBMC-06-1,PSA07,PSA,DBL,FALSE
TGCGGCAGTGGTATGG,PBMC-06-1,PSA06,PSA,SNG,TRUE
TGCGGCAGTTGTGTAC,PBMC-06-1,PSA07,PSA,SNG,TRUE
TGCGGCATCAGTCAGT,PBMC-06-1,PSA07,PSA,SNG,FALSE
TGCGGCATCCAATCCC,PBMC-06-1,PSA06,PSA,AMB,FALSE
TGCGGCATCCACGTCT,PBMC-06-1,PSA02,PSA,SNG,TRUE
TGCGGCATCCTAACAG,PBMC-06-1,PSA06,PSA,AMB,FALSE
TGCGGCATCCTCTTTC,PBMC-06-1,PSA02,PSA,SNG,TRUE
TGCGGCATCTCAAAGC,PBMC-06-1,PSA15,PSA,SNG,TRUE
TGCGGCATCTCCCATG,PBMC-06-1,PSO12,PSO,SNG,TRUE
TGCGGCATCTGCGGGT,PBMC-06-1,PSO15,PSO,DBL,FALSE
TGCGGGTAGCCTTCTC,PBMC-06-1,PSA12,PSA,DBL,FALSE
TGCGGGTAGCTCGACC,PBMC-06-1,PSA07,PSA,SNG,FALSE
TGCGGGTAGCTTAAGA,PBMC-06-1,PSA03,PSA,SNG,FALSE
TGCGGGTAGGTCACCC,PBMC-06-1,PSA15,PSA,SNG,FALSE
TGCGGGTCACATGTTG,PBMC-06-1,PSX04,PSX,SNG,TRUE
TGCGGGTCACGTAGTT,PBMC-06-1,PSO13,PSO,SNG,TRUE
TGCGGGTCAGCAGATG,PBMC-06-1,PSA17,PSA,SNG,TRUE
TGCGGGTCAGTTCTAG,PBMC-06-1,PSA12,PSA,AMB,FALSE
TGCGGGTCATGATAGA,PBMC-06-1,PSA05,PSA,DBL,FALSE
TGCGGGTGTAATGCGG,PBMC-06-1,PSA03,PSA,SNG,TRUE
TGCGGGTGTCAAGCGA,PBMC-06-1,PSA04,PSA,DBL,FALSE
TGCGGGTGTCCACTCT,PBMC-06-1,PSA15,PSA,SNG,TRUE
TGCGGGTGTCTCTCCA,PBMC-06-1,PSA03,PSA,SNG,TRUE
TGCGGGTGTGTACGCC,PBMC-06-1,PSX04,PSX,DBL,FALSE
TGCGGGTGTTCCGCAG,PBMC-06-1,PSA07,PSA,SNG,TRUE
TGCGGGTTCAAGCTGT,PBMC-06-1,PSA16,PSA,SNG,TRUE
TGCGGGTTCCGAGCTG,PBMC-06-1,PSO12,PSO,AMB,FALSE
TGCGGGTTCCTCACGT,PBMC-06-1,PSO14,PSO,DBL,FALSE
TGCGGGTTCGAAACAA,PBMC-06-1,PSA16,PSA,SNG,FALSE
TGCGGGTTCGACCAAT,PBMC-06-1,PSA07,PSA,SNG,TRUE
TGCTCCAAGGAAGTGA,PBMC-06-1,PSA04,PSA,SNG,TRUE
TGCTCCAAGGCACAAC,PBMC-06-1,PSA05,PSA,SNG,TRUE
TGCTCCAAGGTGCAGT,PBMC-06-1,PSO16,PSO,SNG,TRUE
TGCTCCAAGGTTGGAC,PBMC-06-1,PSA17,PSA,SNG,TRUE
TGCTCCAAGTCCTACA,PBMC-06-1,PSA05,PSA,SNG,TRUE
TGCTCCAAGTGGTCAG,PBMC-06-1,PSO13,PSO,SNG,TRUE
TGCTCCACATGCTGCG,PBMC-06-1,PSO16,PSO,SNG,TRUE
TGCTCCAGTTAACAGA,PBMC-06-1,PSA14,PSA,SNG,TRUE
TGCTCCAGTTAGTTCG,PBMC-06-1,PSA16,PSA,SNG,TRUE
TGCTCCAGTTTGGAGG,PBMC-06-1,PSO12,PSO,SNG,TRUE
TGCTCCATCACTACGA,PBMC-06-1,PSA02,PSA,SNG,TRUE
TGCTCCATCCGACGGT,PBMC-06-1,PSX01,PSX,SNG,TRUE
TGCTCCATCCTTACCG,PBMC-06-1,PSX01,PSX,SNG,TRUE
TGCTCCATCGATACTG,PBMC-06-1,PSA15,PSA,DBL,FALSE
TGCTCCATCTCACTCG,PBMC-06-1,PSA04,PSA,SNG,TRUE
TGCTCCATCTGGACCG,PBMC-06-1,PSA15,PSA,SNG,TRUE
TGCTCGTAGAAGGGAT,PBMC-06-1,PSO15,PSO,SNG,FALSE
TGCTCGTAGACCAAAT,PBMC-06-1,PSA03,PSA,SNG,TRUE
TGCTCGTAGAGAGCCT,PBMC-06-1,PSA05,PSA,SNG,TRUE
TGCTCGTAGCAATAAC,PBMC-06-1,PSA04,PSA,SNG,TRUE
TGCTCGTAGCTGGCCT,PBMC-06-1,PSA02,PSA,SNG,TRUE
TGCTCGTAGGTATTGA,PBMC-06-1,PSA02,PSA,DBL,FALSE
TGCTCGTAGTGTCATC,PBMC-06-1,PSO16,PSO,DBL,FALSE
TGCTCGTCAAATGATG,PBMC-06-1,PSX01,PSX,DBL,FALSE
TGCTCGTCAAATTAGG,PBMC-06-1,PSA13,PSA,SNG,TRUE
TGCTCGTCACACCTGG,PBMC-06-1,PSX04,PSX,SNG,TRUE
TGCTCGTCACACGTGC,PBMC-06-1,PSA07,PSA,SNG,TRUE
TGCTCGTCACGGGCTT,PBMC-06-1,PSX01,PSX,SNG,TRUE
TGCTCGTCATACGCAT,PBMC-06-1,PSA02,PSA,SNG,TRUE
TGCTCGTGTATCTCTT,PBMC-06-1,PSA12,PSA,SNG,FALSE
TGCTCGTGTCGCATGC,PBMC-06-1,PSX01,PSX,SNG,TRUE
TGCTCGTGTGGGAGAG,PBMC-06-1,PSA02,PSA,SNG,TRUE
TGCTCGTGTTCTGAGT,PBMC-06-1,PSX04,PSX,SNG,TRUE
TGCTCGTTCCAAGCTA,PBMC-06-1,PSO12,PSO,SNG,TRUE
TGCTCGTTCCGTGGTG,PBMC-06-1,PSA02,PSA,SNG,TRUE
TGCTCGTTCCGTTGGG,PBMC-06-1,PSO15,PSO,SNG,TRUE
TGCTCGTTCGATACAC,PBMC-06-1,PSA04,PSA,SNG,TRUE
TGCTGAACAAACTAGA,PBMC-06-1,PSO14,PSO,SNG,TRUE
TGCTGAACAACCGGAA,PBMC-06-1,PSA15,PSA,SNG,TRUE
TGCTGAACAAGAGTTA,PBMC-06-1,PSA07,PSA,SNG,TRUE
TGCTGAACACAAGGTG,PBMC-06-1,PSA05,PSA,SNG,TRUE
TGCTGAACACAGTGAG,PBMC-06-1,PSO15,PSO,SNG,TRUE
TGCTGAACACATGTTG,PBMC-06-1,PSO15,PSO,SNG,TRUE
TGCTGAACATCCTCAC,PBMC-06-1,PSO11,PSO,SNG,TRUE
TGCTGAAGTCCTACAA,PBMC-06-1,PSO11,PSO,SNG,TRUE
TGCTGAAGTTAAGGAT,PBMC-06-1,PSA13,PSA,SNG,TRUE
TGCTGAAGTTACCGTA,PBMC-06-1,PSA17,PSA,AMB,FALSE
TGCTGAAGTTCATCTT,PBMC-06-1,PSO15,PSO,SNG,TRUE
TGCTGAAGTTGTGTAC,PBMC-06-1,PSA07,PSA,SNG,FALSE
TGCTTCGAGCGTGAGT,PBMC-06-1,PSA15,PSA,DBL,FALSE
TGCTTCGAGCGTGCCT,PBMC-06-1,PSO12,PSO,SNG,TRUE
TGCTTCGAGCTGACCC,PBMC-06-1,PSX04,PSX,SNG,TRUE
TGCTTCGAGGCGAAGG,PBMC-06-1,PSA07,PSA,SNG,TRUE
TGCTTCGAGGTCCCTG,PBMC-06-1,PSO12,PSO,SNG,TRUE
TGCTTCGAGTCCCAGC,PBMC-06-1,PSA13,PSA,DBL,FALSE
TGCTTCGCACACCTGG,PBMC-06-1,PSA03,PSA,SNG,TRUE
TGCTTCGCACCTATCC,PBMC-06-1,PSA06,PSA,DBL,FALSE
TGCTTCGCACGGTCTG,PBMC-06-1,PSO15,PSO,SNG,TRUE
TGCTTCGCAGATCCAT,PBMC-06-1,PSX01,PSX,SNG,TRUE
TGCTTCGCATTGTAGC,PBMC-06-1,PSA05,PSA,SNG,TRUE
TGCTTCGGTAACATAG,PBMC-06-1,PSO16,PSO,SNG,FALSE
TGCTTCGGTCTCCTGT,PBMC-06-1,PSO15,PSO,SNG,TRUE
TGCTTCGGTGACACAG,PBMC-06-1,PSA07,PSA,AMB,FALSE
TGCTTCGGTGAGTCAG,PBMC-06-1,PSX01,PSX,SNG,TRUE
TGCTTCGGTGCGTTTA,PBMC-06-1,PSA17,PSA,SNG,TRUE
TGCTTCGGTTGTTGAC,PBMC-06-1,PSO14,PSO,AMB,FALSE
TGCTTCGGTTTAAGGA,PBMC-06-1,PSA05,PSA,SNG,TRUE
TGCTTCGTCCCGAATA,PBMC-06-1,PSO12,PSO,SNG,TRUE
TGCTTCGTCGACCACG,PBMC-06-1,PSA05,PSA,SNG,FALSE
TGCTTCGTCGCTTACC,PBMC-06-1,PSA13,PSA,SNG,FALSE
TGCTTGCAGACCAAGC,PBMC-06-1,PSA07,PSA,SNG,TRUE
TGCTTGCAGCTTTCTT,PBMC-06-1,PSA06,PSA,SNG,TRUE
TGCTTGCAGGTCCTGC,PBMC-06-1,PSO13,PSO,SNG,TRUE
TGCTTGCAGGTCTTTG,PBMC-06-1,PSA17,PSA,SNG,TRUE
TGCTTGCCAAACTCTG,PBMC-06-1,PSA15,PSA,SNG,TRUE
TGCTTGCCAAAGGCAC,PBMC-06-1,PSA16,PSA,SNG,TRUE
TGCTTGCCAACCTATG,PBMC-06-1,PSA15,PSA,DBL,FALSE
TGCTTGCCAAGGAGTC,PBMC-06-1,PSA14,PSA,SNG,TRUE
TGCTTGCCAAGGTCAG,PBMC-06-1,PSO14,PSO,AMB,FALSE
TGCTTGCCAATAGTCC,PBMC-06-1,PSA12,PSA,SNG,FALSE
TGCTTGCCACAATGCT,PBMC-06-1,PSA17,PSA,SNG,TRUE
TGCTTGCCACGTATAC,PBMC-06-1,PSA06,PSA,SNG,TRUE
TGCTTGCCAGACAATA,PBMC-06-1,PSX01,PSX,DBL,FALSE
TGCTTGCCAGACTGCC,PBMC-06-1,PSA07,PSA,SNG,TRUE
TGCTTGCGTACTGGGA,PBMC-06-1,PSX01,PSX,DBL,FALSE
TGCTTGCGTACTGTTG,PBMC-06-1,PSA12,PSA,SNG,TRUE
TGCTTGCGTACTTCCC,PBMC-06-1,PSA12,PSA,SNG,TRUE
TGCTTGCGTATGGAGC,PBMC-06-1,PSX01,PSX,SNG,TRUE
TGCTTGCGTGACGTCC,PBMC-06-1,PSO11,PSO,SNG,TRUE
TGCTTGCGTGAGAACC,PBMC-06-1,PSO14,PSO,SNG,TRUE
TGCTTGCGTTCAAGGG,PBMC-06-1,PSO13,PSO,SNG,TRUE
TGCTTGCGTTCAGCTA,PBMC-06-1,PSA12,PSA,SNG,TRUE
TGCTTGCTCCCTTGTG,PBMC-06-1,PSO13,PSO,SNG,TRUE
TGCTTGCTCCTTGAAG,PBMC-06-1,PSA17,PSA,SNG,TRUE
TGCTTGCTCGTAATGC,PBMC-06-1,PSO12,PSO,AMB,FALSE
TGCTTGCTCTCGACCT,PBMC-06-1,PSA07,PSA,SNG,TRUE
TGCTTGCTCTTTCCAA,PBMC-06-1,PSA07,PSA,SNG,TRUE
TGGAACTCACCGTGGT,PBMC-06-1,PSO15,PSO,SNG,FALSE
TGGAACTCAGAACGCA,PBMC-06-1,PSA05,PSA,SNG,TRUE
TGGAACTCAGAGAAAG,PBMC-06-1,PSX01,PSX,SNG,FALSE
TGGAACTCAGTCGCAC,PBMC-06-1,PSA17,PSA,SNG,TRUE
TGGAACTGTACCGGAA,PBMC-06-1,PSO12,PSO,SNG,TRUE
TGGAACTGTCGTATTG,PBMC-06-1,PSA16,PSA,DBL,FALSE
TGGAACTGTCTTACAG,PBMC-06-1,PSA02,PSA,DBL,FALSE
TGGAACTGTTCTGACA,PBMC-06-1,PSA02,PSA,SNG,TRUE
TGGAGAGAGACGAGCT,PBMC-06-1,PSA03,PSA,SNG,TRUE
TGGAGAGAGAGTGGCT,PBMC-06-1,PSA16,PSA,AMB,FALSE
TGGAGAGAGATAACGT,PBMC-06-1,PSA16,PSA,SNG,TRUE
TGGAGAGAGATCCTAC,PBMC-06-1,PSA13,PSA,SNG,TRUE
TGGAGAGAGCCGGATA,PBMC-06-1,PSX01,PSX,DBL,FALSE
TGGAGAGAGCCTGTCG,PBMC-06-1,PSA12,PSA,SNG,FALSE
TGGAGAGAGCCTTTCC,PBMC-06-1,PSX04,PSX,SNG,TRUE
TGGAGAGAGCGCCTCA,PBMC-06-1,PSO11,PSO,DBL,FALSE
TGGAGAGAGGACATCG,PBMC-06-1,PSA16,PSA,SNG,TRUE
TGGAGAGAGGTCGTGA,PBMC-06-1,PSX04,PSX,SNG,TRUE
TGGAGAGAGTCTACCA,PBMC-06-1,PSA14,PSA,SNG,FALSE
TGGAGAGCAAGCCATT,PBMC-06-1,PSA14,PSA,SNG,TRUE
TGGAGAGCAAGCGCAA,PBMC-06-1,PSA02,PSA,SNG,TRUE
TGGAGAGCAAGTGTCT,PBMC-06-1,PSA03,PSA,SNG,TRUE
TGGAGAGCACCCAAGC,PBMC-06-1,PSA07,PSA,SNG,TRUE
TGGAGAGCAGAAATCA,PBMC-06-1,PSA06,PSA,DBL,FALSE
TGGAGAGCATTCAGCA,PBMC-06-1,PSX04,PSX,DBL,FALSE
TGGAGAGGTAACTGCT,PBMC-06-1,PSA12,PSA,DBL,FALSE
TGGAGAGGTACGCGTC,PBMC-06-1,PSA06,PSA,SNG,TRUE
TGGAGAGGTCAACACT,PBMC-06-1,PSA06,PSA,SNG,TRUE
TGGAGAGGTCATTCCC,PBMC-06-1,PSO15,PSO,SNG,FALSE
TGGAGAGGTGAGTGAC,PBMC-06-1,PSO12,PSO,SNG,FALSE
TGGAGAGGTTCTGACA,PBMC-06-1,PSX01,PSX,SNG,TRUE
TGGAGAGTCGAGTCTA,PBMC-06-1,PSA14,PSA,DBL,FALSE
TGGAGAGTCGCATGAT,PBMC-06-1,PSA05,PSA,SNG,TRUE
TGGAGAGTCGGCGATC,PBMC-06-1,PSO14,PSO,SNG,TRUE
TGGAGGAAGAGTCAAT,PBMC-06-1,PSO13,PSO,SNG,TRUE
TGGAGGAAGTGACACG,PBMC-06-1,PSA03,PSA,SNG,FALSE
TGGAGGACAACGTATC,PBMC-06-1,PSA14,PSA,SNG,TRUE
TGGAGGACACCTCTAC,PBMC-06-1,PSO14,PSO,DBL,FALSE
TGGAGGACAGAGTAAT,PBMC-06-1,PSO15,PSO,DBL,FALSE
TGGAGGACAGGTGTTT,PBMC-06-1,PSA07,PSA,DBL,FALSE
TGGAGGACATTACGGT,PBMC-06-1,PSA07,PSA,SNG,TRUE
TGGAGGAGTACTGCGC,PBMC-06-1,PSO12,PSO,SNG,TRUE
TGGAGGAGTAGAAACT,PBMC-06-1,PSO15,PSO,DBL,FALSE
TGGAGGAGTCGTCGGT,PBMC-06-1,PSX01,PSX,SNG,TRUE
TGGAGGAGTGGTCCCA,PBMC-06-1,PSO15,PSO,SNG,TRUE
TGGAGGATCATCGCTC,PBMC-06-1,PSA16,PSA,SNG,FALSE
TGGAGGATCCCGTGAG,PBMC-06-1,PSA02,PSA,SNG,TRUE
TGGAGGATCCGGACGT,PBMC-06-1,PSX01,PSX,SNG,TRUE
TGGAGGATCGTTGTAG,PBMC-06-1,PSA03,PSA,SNG,TRUE
TGGAGGATCTATTCGT,PBMC-06-1,PSO15,PSO,SNG,TRUE
TGGAGGATCTCAAAGC,PBMC-06-1,PSA12,PSA,SNG,FALSE
TGGAGGATCTCTGACC,PBMC-06-1,PSO11,PSO,SNG,FALSE
TGGATCAAGACTGAGC,PBMC-06-1,PSA03,PSA,DBL,FALSE
TGGATCAAGATCCCAT,PBMC-06-1,PSA15,PSA,SNG,TRUE
TGGATCAAGGTGCTAG,PBMC-06-1,PSA13,PSA,SNG,TRUE
TGGATCAAGTCTGCAT,PBMC-06-1,PSX04,PSX,SNG,TRUE
TGGATCACAAGAGCTG,PBMC-06-1,PSA17,PSA,SNG,TRUE
TGGATCACAAGTATAG,PBMC-06-1,PSA17,PSA,SNG,TRUE
TGGATCACACCGCTGA,PBMC-06-1,PSO11,PSO,SNG,FALSE
TGGATCACACTGCACG,PBMC-06-1,PSO14,PSO,SNG,FALSE
TGGATCACAGTGTATC,PBMC-06-1,PSX01,PSX,SNG,TRUE
TGGATCAGTACAATAG,PBMC-06-1,PSO15,PSO,SNG,TRUE
TGGATCAGTCGTACTA,PBMC-06-1,PSO12,PSO,SNG,TRUE
TGGATCAGTCTGTGCG,PBMC-06-1,PSA07,PSA,DBL,FALSE
TGGATCAGTGAAGCTG,PBMC-06-1,PSA07,PSA,SNG,FALSE
TGGATCATCAAGAGGC,PBMC-06-1,PSA05,PSA,SNG,TRUE
TGGATCATCCTAAGTG,PBMC-06-1,PSA14,PSA,SNG,FALSE
TGGATCATCGTGTGGC,PBMC-06-1,PSA15,PSA,SNG,TRUE
TGGATCATCTTGAGCA,PBMC-06-1,PSA16,PSA,SNG,TRUE
TGGATCATCTTTACAC,PBMC-06-1,PSA12,PSA,AMB,FALSE
TGGATGTAGGGCAGAG,PBMC-06-1,PSA16,PSA,SNG,TRUE
TGGATGTAGTTTGAGA,PBMC-06-1,PSX01,PSX,SNG,TRUE
TGGATGTCAAGCGGAT,PBMC-06-1,PSA02,PSA,DBL,FALSE
TGGATGTCAATCACGT,PBMC-06-1,PSO12,PSO,SNG,TRUE
TGGATGTCACATACGT,PBMC-06-1,PSA07,PSA,SNG,TRUE
TGGATGTCACATTACG,PBMC-06-1,PSA04,PSA,SNG,TRUE
TGGATGTCACCACTGG,PBMC-06-1,PSX04,PSX,SNG,FALSE
TGGATGTCAGGCACAA,PBMC-06-1,PSA07,PSA,SNG,FALSE
TGGATGTGTCTCGCGA,PBMC-06-1,PSA16,PSA,SNG,FALSE
TGGATGTGTTCCCACT,PBMC-06-1,PSX01,PSX,SNG,TRUE
TGGATGTTCAAACTGC,PBMC-06-1,PSA07,PSA,SNG,TRUE
TGGATGTTCAGAGCAG,PBMC-06-1,PSO12,PSO,SNG,TRUE
TGGATGTTCAGTAGGG,PBMC-06-1,PSO12,PSO,SNG,TRUE
TGGATGTTCAGTCAGT,PBMC-06-1,PSA16,PSA,SNG,TRUE
TGGATGTTCCCTTGTG,PBMC-06-1,PSA07,PSA,SNG,FALSE
TGGATGTTCGCCGAAC,PBMC-06-1,PSA16,PSA,SNG,TRUE
TGGATGTTCGTAGGGA,PBMC-06-1,PSA07,PSA,SNG,TRUE
TGGATGTTCTGCGGGT,PBMC-06-1,PSA12,PSA,SNG,TRUE
TGGCGTGAGAATAACC,PBMC-06-1,PSA17,PSA,SNG,TRUE
TGGCGTGAGACTTCAC,PBMC-06-1,PSO15,PSO,AMB,FALSE
TGGCGTGAGAGCCCAA,PBMC-06-1,PSA04,PSA,SNG,TRUE
TGGCGTGAGCCGGAAT,PBMC-06-1,PSA15,PSA,DBL,FALSE
TGGCGTGAGCCTCTGG,PBMC-06-1,PSA16,PSA,SNG,TRUE
TGGCGTGCAAGGTCAG,PBMC-06-1,PSA14,PSA,SNG,TRUE
TGGCGTGCACTGAATC,PBMC-06-1,PSA13,PSA,SNG,TRUE
TGGCGTGCAGCGGTCT,PBMC-06-1,PSA12,PSA,DBL,FALSE
TGGCGTGGTACAGCGA,PBMC-06-1,PSA02,PSA,AMB,FALSE
TGGCGTGGTACTCAAC,PBMC-06-1,PSA02,PSA,DBL,FALSE
TGGCGTGGTCCAGCAC,PBMC-06-1,PSA12,PSA,DBL,FALSE
TGGCGTGGTGGAACAC,PBMC-06-1,PSA15,PSA,SNG,TRUE
TGGCGTGGTTGCCATA,PBMC-06-1,PSA06,PSA,SNG,TRUE
TGGCGTGTCATCGTAG,PBMC-06-1,PSO15,PSO,DBL,FALSE
TGGCGTGTCCGATCGG,PBMC-06-1,PSO11,PSO,SNG,FALSE
TGGCGTGTCGACATAC,PBMC-06-1,PSA07,PSA,DBL,FALSE
TGGCGTGTCGCCTAGG,PBMC-06-1,PSX04,PSX,SNG,FALSE
TGGCGTGTCTTCCCGA,PBMC-06-1,PSA05,PSA,DBL,FALSE
TGGGAAGAGCCGAACA,PBMC-06-1,PSX01,PSX,SNG,TRUE
TGGGAAGAGCGTTAGG,PBMC-06-1,PSA15,PSA,SNG,TRUE
TGGGAAGAGGTAACTA,PBMC-06-1,PSX01,PSX,SNG,TRUE
TGGGAAGAGGTCCAGA,PBMC-06-1,PSA05,PSA,DBL,FALSE
TGGGAAGCACGACCTG,PBMC-06-1,PSO15,PSO,SNG,FALSE
TGGGAAGCAGCCGGTT,PBMC-06-1,PSO12,PSO,DBL,FALSE
TGGGAAGCAGTTGTCA,PBMC-06-1,PSA06,PSA,DBL,FALSE
TGGGAAGCATTGGGAG,PBMC-06-1,PSA17,PSA,SNG,TRUE
TGGGAAGGTCGGTGAA,PBMC-06-1,PSA12,PSA,DBL,FALSE
TGGGAAGGTCTCACAA,PBMC-06-1,PSO12,PSO,SNG,TRUE
TGGGAAGGTTAAGAAC,PBMC-06-1,PSA04,PSA,SNG,TRUE
TGGGAAGGTTCGTGCG,PBMC-06-1,PSO11,PSO,SNG,FALSE
TGGGAAGGTTGCATAC,PBMC-06-1,PSO15,PSO,SNG,FALSE
TGGGAAGTCACCTGTC,PBMC-06-1,PSA17,PSA,SNG,TRUE
TGGGAAGTCGCTTGAA,PBMC-06-1,PSA06,PSA,SNG,FALSE
TGGGAAGTCTGGGATT,PBMC-06-1,PSA04,PSA,SNG,TRUE
TGGGAGAAGACCTTTG,PBMC-06-1,PSA02,PSA,SNG,TRUE
TGGGAGAAGGTTGCCC,PBMC-06-1,PSO11,PSO,SNG,TRUE
TGGGAGAAGTCATGGG,PBMC-06-1,PSA03,PSA,SNG,TRUE
TGGGAGAAGTGGTCAG,PBMC-06-1,PSA07,PSA,SNG,FALSE
TGGGAGACAACCGTAT,PBMC-06-1,PSA03,PSA,AMB,FALSE
TGGGAGACAACGTTAC,PBMC-06-1,PSO12,PSO,SNG,TRUE
TGGGAGACACCAACAT,PBMC-06-1,PSA07,PSA,SNG,TRUE
TGGGAGACACTTGGCG,PBMC-06-1,PSA15,PSA,SNG,TRUE
TGGGAGACAGAACATA,PBMC-06-1,PSA02,PSA,SNG,TRUE
TGGGAGACAGTTAAAG,PBMC-06-1,PSA06,PSA,SNG,TRUE
TGGGAGACATTAGGCT,PBMC-06-1,PSA07,PSA,SNG,FALSE
TGGGAGAGTAATCAGA,PBMC-06-1,PSA07,PSA,SNG,TRUE
TGGGAGAGTAGCTTTG,PBMC-06-1,PSO14,PSO,SNG,TRUE
TGGGAGAGTCAGCTTA,PBMC-06-1,PSA12,PSA,SNG,FALSE
TGGGAGAGTGAGAGGG,PBMC-06-1,PSA03,PSA,SNG,TRUE
TGGGAGATCAAAGGTA,PBMC-06-1,PSA05,PSA,SNG,FALSE
TGGGAGATCCCGTTGT,PBMC-06-1,PSA02,PSA,DBL,FALSE
TGGGAGATCCTATTGT,PBMC-06-1,PSO11,PSO,SNG,TRUE
TGGGAGATCGAGAGCA,PBMC-06-1,PSO15,PSO,DBL,FALSE
TGGGAGATCGCGTTTC,PBMC-06-1,PSA02,PSA,SNG,TRUE
TGGGAGATCGCTTGAA,PBMC-06-1,PSA04,PSA,SNG,TRUE
TGGGAGATCGTTACCC,PBMC-06-1,PSA14,PSA,SNG,TRUE
TGGGAGATCTCTATGT,PBMC-06-1,PSA13,PSA,SNG,TRUE
TGGGAGATCTGAGAAA,PBMC-06-1,PSA16,PSA,SNG,TRUE
TGGGAGATCTGGTGGC,PBMC-06-1,PSA02,PSA,SNG,TRUE
TGGGATTAGATTGACA,PBMC-06-1,PSA17,PSA,DBL,FALSE
TGGGATTAGCAAGCCA,PBMC-06-1,PSO12,PSO,SNG,TRUE
TGGGATTAGCCGCTTG,PBMC-06-1,PSO15,PSO,SNG,TRUE
TGGGATTAGCTGTCCG,PBMC-06-1,PSA17,PSA,SNG,TRUE
TGGGATTAGGTGCAGT,PBMC-06-1,PSX01,PSX,DBL,FALSE
TGGGATTCACCCATAA,PBMC-06-1,PSA17,PSA,SNG,TRUE
TGGGATTCAGCAGATG,PBMC-06-1,PSA02,PSA,DBL,FALSE
TGGGATTCAGTTCACA,PBMC-06-1,PSO12,PSO,SNG,FALSE
TGGGATTGTAATGTGA,PBMC-06-1,PSA16,PSA,SNG,TRUE
TGGGATTGTACCCACG,PBMC-06-1,PSA14,PSA,SNG,TRUE
TGGGATTGTCGAAGCA,PBMC-06-1,PSA02,PSA,SNG,TRUE
TGGGATTGTGTGAGCA,PBMC-06-1,PSA04,PSA,SNG,FALSE
TGGGATTGTTGACGGA,PBMC-06-1,PSO13,PSO,DBL,FALSE
TGGGATTTCAGACAAA,PBMC-06-1,PSA02,PSA,SNG,TRUE
TGGGATTTCAGACCCG,PBMC-06-1,PSA07,PSA,SNG,TRUE
TGGGATTTCCTTTAGT,PBMC-06-1,PSX01,PSX,SNG,TRUE
TGGGATTTCTCTCGAC,PBMC-06-1,PSO15,PSO,DBL,FALSE
TGGGATTTCTGCCTGT,PBMC-06-1,PSX04,PSX,SNG,TRUE
TGGGCGTAGCATCGAG,PBMC-06-1,PSA07,PSA,SNG,TRUE
TGGGCGTAGCGTTGTT,PBMC-06-1,PSA13,PSA,SNG,TRUE
TGGGCGTAGCTGCGAA,PBMC-06-1,PSA03,PSA,SNG,TRUE
TGGGCGTAGTCACGCC,PBMC-06-1,PSA02,PSA,SNG,TRUE
TGGGCGTCACCTGCTT,PBMC-06-1,PSX01,PSX,DBL,FALSE
TGGGCGTCACGCTGAC,PBMC-06-1,PSA02,PSA,SNG,TRUE
TGGGCGTCAGAAGCGT,PBMC-06-1,PSO13,PSO,SNG,TRUE
TGGGCGTCAGGGACTA,PBMC-06-1,PSA03,PSA,SNG,TRUE
TGGGCGTCAGGTATGG,PBMC-06-1,PSO16,PSO,DBL,FALSE
TGGGCGTCAGTAGTGG,PBMC-06-1,PSO11,PSO,SNG,FALSE
TGGGCGTCAGTGACCC,PBMC-06-1,PSA05,PSA,SNG,FALSE
TGGGCGTCATATAGCC,PBMC-06-1,PSA15,PSA,SNG,TRUE
TGGGCGTCATTGACCA,PBMC-06-1,PSX01,PSX,AMB,FALSE
TGGGCGTGTCCGGTCA,PBMC-06-1,PSA07,PSA,SNG,TRUE
TGGGCGTGTTTCACAG,PBMC-06-1,PSA16,PSA,SNG,TRUE
TGGGCGTTCAAGTTGC,PBMC-06-1,PSA02,PSA,DBL,FALSE
TGGGCGTTCATGAAAG,PBMC-06-1,PSA02,PSA,SNG,TRUE
TGGGCGTTCCACTTTA,PBMC-06-1,PSA16,PSA,SNG,TRUE
TGGGCGTTCCGATAAC,PBMC-06-1,PSA14,PSA,SNG,TRUE
TGGGCGTTCGAGATGG,PBMC-06-1,PSX04,PSX,SNG,TRUE
TGGGCTGAGAACGTGC,PBMC-06-1,PSA15,PSA,SNG,TRUE
TGGGCTGAGAGCATTA,PBMC-06-1,PSA07,PSA,SNG,TRUE
TGGGCTGAGAGCTTTC,PBMC-06-1,PSO12,PSO,SNG,TRUE
TGGGCTGAGAGTTGCG,PBMC-06-1,PSO14,PSO,SNG,TRUE
TGGGCTGAGCCTGTCG,PBMC-06-1,PSA07,PSA,SNG,TRUE
TGGGCTGCAAGCCCAC,PBMC-06-1,PSO14,PSO,SNG,FALSE
TGGGCTGCAATAAGGT,PBMC-06-1,PSO15,PSO,SNG,TRUE
TGGGCTGCAATGGCAG,PBMC-06-1,PSO15,PSO,SNG,TRUE
TGGGCTGCAGACTGCC,PBMC-06-1,PSO13,PSO,SNG,FALSE
TGGGCTGCAGAGAAAG,PBMC-06-1,PSA02,PSA,DBL,FALSE
TGGGCTGCAGCAGTCC,PBMC-06-1,PSO13,PSO,AMB,FALSE
TGGGCTGCATCCGAGC,PBMC-06-1,PSA05,PSA,SNG,TRUE
TGGGCTGGTAAGATCA,PBMC-06-1,PSO15,PSO,SNG,TRUE
TGGGCTGGTCAGATTC,PBMC-06-1,PSO16,PSO,DBL,FALSE
TGGGCTGGTGGGTTGA,PBMC-06-1,PSA04,PSA,SNG,TRUE
TGGGCTGGTTAATGAG,PBMC-06-1,PSA17,PSA,SNG,TRUE
TGGGCTGTCAGAGCAG,PBMC-06-1,PSA05,PSA,SNG,TRUE
TGGGTTAAGTCGAGGT,PBMC-06-1,PSO15,PSO,DBL,FALSE
TGGGTTAAGTTGCTGT,PBMC-06-1,PSA03,PSA,SNG,TRUE
TGGGTTAAGTTGGAAT,PBMC-06-1,PSO15,PSO,DBL,FALSE
TGGGTTACAAGCTACT,PBMC-06-1,PSO13,PSO,SNG,TRUE
TGGGTTACAGCCTTCT,PBMC-06-1,PSA14,PSA,SNG,FALSE
TGGGTTACAGTCGGAA,PBMC-06-1,PSA03,PSA,DBL,FALSE
TGGGTTACATAACGGG,PBMC-06-1,PSA16,PSA,SNG,TRUE
TGGGTTACATGGCTGC,PBMC-06-1,PSX01,PSX,SNG,TRUE
TGGGTTAGTAAGTTGA,PBMC-06-1,PSA07,PSA,SNG,TRUE
TGGGTTAGTCCAGAAG,PBMC-06-1,PSA12,PSA,SNG,TRUE
TGGGTTAGTCGAGTTT,PBMC-06-1,PSX01,PSX,SNG,TRUE
TGGGTTAGTGACAACG,PBMC-06-1,PSA02,PSA,SNG,FALSE
TGGGTTAGTGCCAAGA,PBMC-06-1,PSA17,PSA,SNG,TRUE
TGGGTTAGTTATAGCC,PBMC-06-1,PSA16,PSA,SNG,TRUE
TGGGTTAGTTCAATCG,PBMC-06-1,PSO11,PSO,SNG,TRUE
TGGGTTAGTTCTCCTG,PBMC-06-1,PSA15,PSA,DBL,FALSE
TGGGTTATCATTGCGA,PBMC-06-1,PSO11,PSO,SNG,TRUE
TGGGTTATCGCAGATT,PBMC-06-1,PSA15,PSA,SNG,TRUE
TGGGTTATCGGAGTAG,PBMC-06-1,PSA13,PSA,SNG,TRUE
TGGGTTATCTAGACAC,PBMC-06-1,PSX01,PSX,DBL,FALSE
TGGGTTATCTTACTGT,PBMC-06-1,PSA17,PSA,DBL,FALSE
TGGTACAAGATGGCGT,PBMC-06-1,PSO14,PSO,SNG,TRUE
TGGTACAAGCACCGAA,PBMC-06-1,PSA04,PSA,SNG,TRUE
TGGTACAAGTAAGAGG,PBMC-06-1,PSA17,PSA,SNG,TRUE
TGGTACAAGTCATGAA,PBMC-06-1,PSO14,PSO,SNG,FALSE
TGGTACAAGTCGTTAC,PBMC-06-1,PSO12,PSO,SNG,TRUE
TGGTACAAGTTAGTAG,PBMC-06-1,PSA17,PSA,SNG,TRUE
TGGTACACACGGGCTT,PBMC-06-1,PSX01,PSX,SNG,TRUE
TGGTACACAGAGGCAT,PBMC-06-1,PSO15,PSO,SNG,TRUE
TGGTACACATGGCTAT,PBMC-06-1,PSA03,PSA,SNG,TRUE
TGGTACAGTAACTGCT,PBMC-06-1,PSA16,PSA,SNG,TRUE
TGGTACAGTACCTAGT,PBMC-06-1,PSA05,PSA,SNG,TRUE
TGGTACAGTCCGCAGT,PBMC-06-1,PSA16,PSA,SNG,TRUE
TGGTACAGTTGGAGAC,PBMC-06-1,PSA07,PSA,DBL,FALSE
TGGTACATCAAGAGTA,PBMC-06-1,PSX01,PSX,SNG,TRUE
TGGTACATCGATTCCC,PBMC-06-1,PSA04,PSA,SNG,TRUE
TGGTACATCGCCTTGT,PBMC-06-1,PSO12,PSO,DBL,FALSE
TGGTACATCTTGGATG,PBMC-06-1,PSA02,PSA,SNG,TRUE
TGGTAGTAGCGTTCAT,PBMC-06-1,PSA15,PSA,SNG,TRUE
TGGTAGTCAAAGGTTA,PBMC-06-1,PSA07,PSA,AMB,FALSE
TGGTAGTCAAGTATCC,PBMC-06-1,PSO15,PSO,SNG,FALSE
TGGTAGTCAATTGGTC,PBMC-06-1,PSO15,PSO,SNG,TRUE
TGGTAGTCACGTACAT,PBMC-06-1,PSA07,PSA,SNG,TRUE
TGGTAGTCAGACCCGT,PBMC-06-1,PSO12,PSO,SNG,TRUE
TGGTAGTCAGTACTAC,PBMC-06-1,PSA07,PSA,SNG,FALSE
TGGTAGTCATATGAAG,PBMC-06-1,PSO11,PSO,SNG,TRUE
TGGTAGTCATCGGTTA,PBMC-06-1,PSA14,PSA,SNG,TRUE
TGGTAGTGTATGCAAA,PBMC-06-1,PSA07,PSA,SNG,TRUE
TGGTAGTGTCGTGTTA,PBMC-06-1,PSA07,PSA,DBL,FALSE
TGGTAGTGTGTCTTAG,PBMC-06-1,PSA14,PSA,SNG,TRUE
TGGTAGTGTGTTTACG,PBMC-06-1,PSA13,PSA,SNG,TRUE
TGGTAGTGTTCCTACC,PBMC-06-1,PSA12,PSA,SNG,TRUE
TGGTAGTGTTGTCAGT,PBMC-06-1,PSA03,PSA,SNG,TRUE
TGGTAGTTCGCCAATA,PBMC-06-1,PSA13,PSA,SNG,TRUE
TGGTGATAGAAGTCCG,PBMC-06-1,PSO12,PSO,SNG,TRUE
TGGTGATAGCACTCAT,PBMC-06-1,PSA17,PSA,SNG,TRUE
TGGTGATAGGTCCCGT,PBMC-06-1,PSA16,PSA,SNG,TRUE
TGGTGATCAAAGCACG,PBMC-06-1,PSA17,PSA,SNG,FALSE
TGGTGATCAGAAGCGT,PBMC-06-1,PSA07,PSA,SNG,TRUE
TGGTGATCATTAGGAA,PBMC-06-1,PSA06,PSA,SNG,TRUE
TGGTGATGTAGGATAT,PBMC-06-1,PSA02,PSA,SNG,TRUE
TGGTGATGTATTTCGG,PBMC-06-1,PSO15,PSO,SNG,TRUE
TGGTGATGTATTTCTC,PBMC-06-1,PSA15,PSA,DBL,FALSE
TGGTGATGTCGCGTTG,PBMC-06-1,PSX01,PSX,DBL,FALSE
TGGTGATTCAACTGAC,PBMC-06-1,PSA05,PSA,SNG,TRUE
TGGTGATTCACTGCTC,PBMC-06-1,PSO15,PSO,SNG,TRUE
TGGTGATTCTCCGAAA,PBMC-06-1,PSA14,PSA,SNG,TRUE
TGGTTAGAGAGAATCT,PBMC-06-1,PSA06,PSA,DBL,FALSE
TGGTTAGAGCGGTATG,PBMC-06-1,PSA17,PSA,SNG,TRUE
TGGTTAGAGGCTCTCG,PBMC-06-1,PSA14,PSA,SNG,FALSE
TGGTTAGCAAGCGCAA,PBMC-06-1,PSA05,PSA,SNG,TRUE
TGGTTAGCAGCAGAAC,PBMC-06-1,PSX04,PSX,SNG,TRUE
TGGTTAGGTACCACGC,PBMC-06-1,PSA14,PSA,SNG,TRUE
TGGTTAGGTGTCACAT,PBMC-06-1,PSA02,PSA,SNG,TRUE
TGGTTAGGTGTTAACC,PBMC-06-1,PSA12,PSA,SNG,FALSE
TGGTTAGTCTATCGTT,PBMC-06-1,PSA16,PSA,SNG,TRUE
TGGTTAGTCTTGGTCC,PBMC-06-1,PSA16,PSA,SNG,TRUE
TGTAACGAGAAGTCAT,PBMC-06-1,PSA17,PSA,SNG,TRUE
TGTAACGAGACATATG,PBMC-06-1,PSA14,PSA,SNG,TRUE
TGTAACGAGACATCAA,PBMC-06-1,PSA17,PSA,SNG,TRUE
TGTAACGAGACGAAGA,PBMC-06-1,PSA14,PSA,SNG,TRUE
TGTAACGAGCATGAAT,PBMC-06-1,PSA03,PSA,SNG,TRUE
TGTAACGAGCCTCCAG,PBMC-06-1,PSX01,PSX,SNG,TRUE
TGTAACGAGCCTCTTC,PBMC-06-1,PSA06,PSA,AMB,FALSE
TGTAACGAGTGGCAGT,PBMC-06-1,PSA07,PSA,SNG,TRUE
TGTAACGAGTTGAATG,PBMC-06-1,PSA04,PSA,SNG,TRUE
TGTAACGCAAAGGATT,PBMC-06-1,PSA14,PSA,DBL,FALSE
TGTAACGCAACCGCTG,PBMC-06-1,PSO15,PSO,DBL,FALSE
TGTAACGCAGGTTACT,PBMC-06-1,PSA14,PSA,SNG,TRUE
TGTAACGGTCGCACGT,PBMC-06-1,PSO16,PSO,SNG,TRUE
TGTAACGGTGAGGCAT,PBMC-06-1,PSX04,PSX,SNG,FALSE
TGTAACGGTGGATCAG,PBMC-06-1,PSA16,PSA,SNG,TRUE
TGTAACGGTGTATTGC,PBMC-06-1,PSA05,PSA,SNG,TRUE
TGTAACGGTTTCGTGA,PBMC-06-1,PSA06,PSA,SNG,TRUE
TGTAACGTCAAAGACA,PBMC-06-1,PSO11,PSO,SNG,TRUE
TGTAACGTCCATGATG,PBMC-06-1,PSX04,PSX,SNG,TRUE
TGTAACGTCGACGAGA,PBMC-06-1,PSA06,PSA,DBL,FALSE
TGTAACGTCGATTCCC,PBMC-06-1,PSA14,PSA,SNG,TRUE
TGTAACGTCTTCGTAT,PBMC-06-1,PSO12,PSO,SNG,TRUE
TGTAAGCAGGTCGCCT,PBMC-06-1,PSO13,PSO,AMB,FALSE
TGTAAGCAGTCTTCGA,PBMC-06-1,PSA12,PSA,SNG,TRUE
TGTAAGCCAACATCGT,PBMC-06-1,PSA15,PSA,SNG,FALSE
TGTAAGCCAACCACAT,PBMC-06-1,PSA16,PSA,SNG,TRUE
TGTAAGCCAATATCCG,PBMC-06-1,PSO15,PSO,SNG,TRUE
TGTAAGCCAATCTAGC,PBMC-06-1,PSA02,PSA,SNG,TRUE
TGTAAGCCAATTAGGA,PBMC-06-1,PSO15,PSO,SNG,TRUE
TGTAAGCCACAGCATT,PBMC-06-1,PSA02,PSA,AMB,FALSE
TGTAAGCCACTTTATC,PBMC-06-1,PSA17,PSA,SNG,TRUE
TGTAAGCCAGGACGAT,PBMC-06-1,PSA17,PSA,SNG,TRUE
TGTAAGCCAGGCACTC,PBMC-06-1,PSA03,PSA,SNG,FALSE
TGTAAGCCAGGCGTTC,PBMC-06-1,PSA02,PSA,SNG,TRUE
TGTAAGCGTGACTGAG,PBMC-06-1,PSA16,PSA,SNG,TRUE
TGTAAGCGTGTTTGCA,PBMC-06-1,PSA03,PSA,SNG,TRUE
TGTAAGCGTTCCTTGC,PBMC-06-1,PSA07,PSA,SNG,FALSE
TGTAAGCGTTCGTACA,PBMC-06-1,PSX01,PSX,SNG,TRUE
TGTAAGCTCGCGTGCA,PBMC-06-1,PSO15,PSO,SNG,TRUE
TGTAAGCTCGGTAGGA,PBMC-06-1,PSA07,PSA,SNG,TRUE
TGTAAGCTCTTGGGCG,PBMC-06-1,PSX01,PSX,SNG,TRUE
TGTACAGAGCACGGAT,PBMC-06-1,PSA14,PSA,SNG,FALSE
TGTACAGCAATACAGA,PBMC-06-1,PSA07,PSA,DBL,FALSE
TGTACAGCACACTTAG,PBMC-06-1,PSA17,PSA,SNG,TRUE
TGTACAGCACTCACTC,PBMC-06-1,PSA02,PSA,SNG,TRUE
TGTACAGCATACACCA,PBMC-06-1,PSA17,PSA,SNG,TRUE
TGTACAGCATATGAAG,PBMC-06-1,PSA15,PSA,SNG,TRUE
TGTACAGCATGACTCA,PBMC-06-1,PSX01,PSX,SNG,TRUE
TGTACAGGTATCCTTT,PBMC-06-1,PSO15,PSO,SNG,FALSE
TGTACAGGTATGCGGA,PBMC-06-1,PSA13,PSA,SNG,TRUE
TGTACAGGTCAAATCC,PBMC-06-1,PSA07,PSA,SNG,TRUE
TGTACAGGTCTGTAGT,PBMC-06-1,PSA16,PSA,SNG,FALSE
TGTACAGGTGAATAAC,PBMC-06-1,PSA13,PSA,SNG,TRUE
TGTACAGGTTAAGAAC,PBMC-06-1,PSA02,PSA,DBL,FALSE
TGTACAGGTTCCTAGA,PBMC-06-1,PSO12,PSO,SNG,FALSE
TGTACAGTCAAACGAA,PBMC-06-1,PSA07,PSA,SNG,TRUE
TGTACAGTCCAGCTCT,PBMC-06-1,PSA15,PSA,SNG,TRUE
TGTACAGTCGCAATTG,PBMC-06-1,PSA06,PSA,SNG,TRUE
TGTACAGTCGTCGATA,PBMC-06-1,PSA04,PSA,SNG,TRUE
TGTACAGTCGTGTGAT,PBMC-06-1,PSA07,PSA,SNG,FALSE
TGTAGACAGACGCTCC,PBMC-06-1,PSA15,PSA,SNG,TRUE
TGTAGACAGCCATTTG,PBMC-06-1,PSO14,PSO,SNG,FALSE
TGTAGACAGGAAGTGA,PBMC-06-1,PSA16,PSA,SNG,FALSE
TGTAGACAGGACTATA,PBMC-06-1,PSO15,PSO,SNG,FALSE
TGTAGACAGTGTTGTC,PBMC-06-1,PSO12,PSO,SNG,TRUE
TGTAGACAGTTAACGA,PBMC-06-1,PSX04,PSX,DBL,FALSE
TGTAGACCAACTCATG,PBMC-06-1,PSA07,PSA,SNG,TRUE
TGTAGACCAATTGTGC,PBMC-06-1,PSA02,PSA,SNG,FALSE
TGTAGACCACAAGCAG,PBMC-06-1,PSO15,PSO,SNG,TRUE
TGTAGACCAGAAACCG,PBMC-06-1,PSA05,PSA,SNG,TRUE
TGTAGACCAGCACAGA,PBMC-06-1,PSA04,PSA,SNG,TRUE
TGTAGACCAGGTGTGA,PBMC-06-1,PSX01,PSX,SNG,TRUE
TGTAGACCAGTCAGTT,PBMC-06-1,PSX04,PSX,DBL,FALSE
TGTAGACCATCTATCT,PBMC-06-1,PSA16,PSA,SNG,FALSE
TGTAGACCATCTTAGG,PBMC-06-1,PSO14,PSO,SNG,TRUE
TGTAGACCATGCTGCG,PBMC-06-1,PSA15,PSA,AMB,FALSE
TGTAGACGTCACTCTC,PBMC-06-1,PSA07,PSA,SNG,TRUE
TGTAGACGTGCAGATG,PBMC-06-1,PSA16,PSA,SNG,TRUE
TGTAGACGTTCGAACT,PBMC-06-1,PSA07,PSA,SNG,TRUE
TGTAGACGTTGCAAGG,PBMC-06-1,PSA06,PSA,SNG,TRUE
TGTAGACTCATTGAGC,PBMC-06-1,PSA12,PSA,SNG,TRUE
TGTAGACTCCCATTCG,PBMC-06-1,PSA17,PSA,DBL,FALSE
TGTAGACTCGGATAAA,PBMC-06-1,PSO15,PSO,SNG,FALSE
TGTAGACTCGTTGTTT,PBMC-06-1,PSA02,PSA,SNG,FALSE
TGTAGACTCTTGGCTC,PBMC-06-1,PSO14,PSO,DBL,FALSE
TGTCAGAAGACGAAGA,PBMC-06-1,PSA15,PSA,SNG,TRUE
TGTCAGAAGAGGGTCT,PBMC-06-1,PSA03,PSA,DBL,FALSE
TGTCAGAAGATAGCAT,PBMC-06-1,PSO15,PSO,DBL,FALSE
TGTCAGAAGCAGCAGT,PBMC-06-1,PSO15,PSO,SNG,FALSE
TGTCAGAAGCATTTCG,PBMC-06-1,PSX01,PSX,SNG,TRUE
TGTCAGAAGCTATCCA,PBMC-06-1,PSA17,PSA,SNG,TRUE
TGTCAGAAGTAAGGGA,PBMC-06-1,PSO15,PSO,SNG,TRUE
TGTCAGAAGTACAGCG,PBMC-06-1,PSA12,PSA,DBL,FALSE
TGTCAGACAAAGAGTT,PBMC-06-1,PSO15,PSO,SNG,TRUE
TGTCAGACAACACGTT,PBMC-06-1,PSA15,PSA,SNG,TRUE
TGTCAGACAAGTTGGG,PBMC-06-1,PSA13,PSA,SNG,TRUE
TGTCAGACACAGAAGC,PBMC-06-1,PSA07,PSA,SNG,TRUE
TGTCAGACACATTACG,PBMC-06-1,PSA13,PSA,SNG,TRUE
TGTCAGACAGAAATTG,PBMC-06-1,PSO12,PSO,SNG,TRUE
TGTCAGACAGTGTGCC,PBMC-06-1,PSA13,PSA,SNG,TRUE
TGTCAGACATGGAAGC,PBMC-06-1,PSA16,PSA,SNG,TRUE
TGTCAGACATGGCGCT,PBMC-06-1,PSA05,PSA,SNG,TRUE
TGTCAGAGTATTGGCT,PBMC-06-1,PSA17,PSA,SNG,TRUE
TGTCAGAGTCACGACC,PBMC-06-1,PSO15,PSO,SNG,TRUE
TGTCAGAGTGTCCATA,PBMC-06-1,PSA13,PSA,DBL,FALSE
TGTCAGATCGAGAACG,PBMC-06-1,PSO13,PSO,AMB,FALSE
TGTCAGATCTCTTAAC,PBMC-06-1,PSA12,PSA,SNG,TRUE
TGTCCACAGCGTGAGT,PBMC-06-1,PSA06,PSA,SNG,TRUE
TGTCCACAGCTCGGCT,PBMC-06-1,PSA04,PSA,SNG,TRUE
TGTCCACAGGCCACTC,PBMC-06-1,PSA02,PSA,DBL,FALSE
TGTCCACCAAATGCTC,PBMC-06-1,PSO16,PSO,DBL,FALSE
TGTCCACCAACTGTGT,PBMC-06-1,PSA17,PSA,SNG,TRUE
TGTCCACCAGGCAATG,PBMC-06-1,PSA04,PSA,SNG,TRUE
TGTCCACCATGTGGTT,PBMC-06-1,PSA03,PSA,SNG,TRUE
TGTCCACGTACAACGG,PBMC-06-1,PSA03,PSA,SNG,FALSE
TGTCCACGTACGATCT,PBMC-06-1,PSA07,PSA,SNG,TRUE
TGTCCACGTCTGCGCA,PBMC-06-1,PSA14,PSA,SNG,FALSE
TGTCCACGTTACACAC,PBMC-06-1,PSA15,PSA,SNG,TRUE
TGTCCACGTTGTCAGT,PBMC-06-1,PSO15,PSO,DBL,FALSE
TGTCCACTCCGCACGA,PBMC-06-1,PSA17,PSA,SNG,TRUE
TGTCCACTCGCTCCTA,PBMC-06-1,PSA14,PSA,SNG,TRUE
TGTCCACTCGCTGATA,PBMC-06-1,PSO14,PSO,SNG,TRUE
TGTCCCAAGACAACTA,PBMC-06-1,PSO11,PSO,DBL,FALSE
TGTCCCAAGACGCATG,PBMC-06-1,PSA05,PSA,SNG,TRUE
TGTCCCAAGCCAACCC,PBMC-06-1,PSA15,PSA,SNG,TRUE
TGTCCCAAGTACCGGA,PBMC-06-1,PSA05,PSA,SNG,TRUE
TGTCCCAAGTCGCTAT,PBMC-06-1,PSA04,PSA,SNG,FALSE
TGTCCCAAGTTTGTCG,PBMC-06-1,PSX04,PSX,SNG,TRUE
TGTCCCACACCGTGGT,PBMC-06-1,PSA16,PSA,DBL,FALSE
TGTCCCACACTCATAG,PBMC-06-1,PSA05,PSA,SNG,FALSE
TGTCCCACAGAAATTG,PBMC-06-1,PSA03,PSA,DBL,FALSE
TGTCCCACAGTGGCTC,PBMC-06-1,PSA13,PSA,SNG,TRUE
TGTCCCACAGTTGCGC,PBMC-06-1,PSA15,PSA,SNG,TRUE
TGTCCCACATAGATGA,PBMC-06-1,PSA02,PSA,SNG,TRUE
TGTCCCAGTATGTCCA,PBMC-06-1,PSA12,PSA,SNG,TRUE
TGTCCCAGTCATCGGC,PBMC-06-1,PSA12,PSA,SNG,FALSE
TGTCCCAGTCCAAATC,PBMC-06-1,PSA17,PSA,SNG,TRUE
TGTCCCAGTTGCATCA,PBMC-06-1,PSA12,PSA,SNG,TRUE
TGTCCCAGTTGTGCCG,PBMC-06-1,PSX01,PSX,DBL,FALSE
TGTCCCAGTTTGGAAA,PBMC-06-1,PSO12,PSO,SNG,TRUE
TGTCCCATCGAACGCC,PBMC-06-1,PSA07,PSA,SNG,TRUE
TGTCCCATCGGTCACG,PBMC-06-1,PSA16,PSA,SNG,TRUE
TGTCCCATCTGTCGTC,PBMC-06-1,PSO13,PSO,SNG,TRUE
TGTCCTGAGCGACTGA,PBMC-06-1,PSX04,PSX,DBL,FALSE
TGTCCTGAGGATGTTA,PBMC-06-1,PSO16,PSO,SNG,TRUE
TGTCCTGAGGTAAGGA,PBMC-06-1,PSX04,PSX,SNG,TRUE
TGTCCTGAGTAAACAC,PBMC-06-1,PSX01,PSX,SNG,TRUE
TGTCCTGAGTCTCCTC,PBMC-06-1,PSA04,PSA,SNG,FALSE
TGTCCTGCAAACTAGA,PBMC-06-1,PSO12,PSO,SNG,FALSE
TGTCCTGCAGATTAAG,PBMC-06-1,PSA05,PSA,SNG,TRUE
TGTCCTGGTAACATGA,PBMC-06-1,PSA16,PSA,SNG,TRUE
TGTCCTGGTCACCTTC,PBMC-06-1,PSA02,PSA,SNG,TRUE
TGTCCTGGTCGTTGCG,PBMC-06-1,PSA15,PSA,SNG,FALSE
TGTCCTGGTGTTCCAA,PBMC-06-1,PSA15,PSA,SNG,TRUE
TGTCCTGGTTGGAGAC,PBMC-06-1,PSA02,PSA,SNG,TRUE
TGTCCTGTCAAACCCA,PBMC-06-1,PSA14,PSA,SNG,TRUE
TGTCCTGTCAAGCTGT,PBMC-06-1,PSA14,PSA,SNG,TRUE
TGTCCTGTCCAGTACA,PBMC-06-1,PSA05,PSA,SNG,TRUE
TGTCCTGTCTATACTC,PBMC-06-1,PSA06,PSA,SNG,TRUE
TGTCCTGTCTCTTGCG,PBMC-06-1,PSX01,PSX,SNG,TRUE
TGTCCTGTCTGGTCAA,PBMC-06-1,PSA17,PSA,SNG,TRUE
TGTGAGTAGAAACTGT,PBMC-06-1,PSA04,PSA,SNG,TRUE
TGTGAGTAGTTCAACC,PBMC-06-1,PSO15,PSO,DBL,FALSE
TGTGAGTCAAGCCATT,PBMC-06-1,PSA06,PSA,SNG,TRUE
TGTGAGTCACACAGAG,PBMC-06-1,PSA06,PSA,SNG,FALSE
TGTGAGTCACCAGTAT,PBMC-06-1,PSA04,PSA,SNG,TRUE
TGTGAGTCACTTCTCG,PBMC-06-1,PSO15,PSO,SNG,TRUE
TGTGAGTCAGCAGTAG,PBMC-06-1,PSA14,PSA,SNG,TRUE
TGTGAGTCAGGTGAGT,PBMC-06-1,PSA04,PSA,SNG,TRUE
TGTGAGTCATAACTCG,PBMC-06-1,PSX01,PSX,SNG,TRUE
TGTGAGTGTATTTCGG,PBMC-06-1,PSA13,PSA,SNG,TRUE
TGTGAGTGTCAGCTTA,PBMC-06-1,PSA07,PSA,DBL,FALSE
TGTGAGTGTGTGTGTT,PBMC-06-1,PSX04,PSX,SNG,TRUE
TGTGAGTGTTATTCCT,PBMC-06-1,PSA17,PSA,SNG,TRUE
TGTGAGTGTTCCAAAC,PBMC-06-1,PSO15,PSO,SNG,TRUE
TGTGAGTTCAACTACG,PBMC-06-1,PSO14,PSO,SNG,TRUE
TGTGAGTTCAAGGTGG,PBMC-06-1,PSA16,PSA,SNG,TRUE
TGTGAGTTCACCTGTC,PBMC-06-1,PSA12,PSA,SNG,TRUE
TGTGAGTTCATGTCTT,PBMC-06-1,PSA15,PSA,SNG,TRUE
TGTGAGTTCGCATTAG,PBMC-06-1,PSO12,PSO,SNG,TRUE
TGTGAGTTCTAGCCAA,PBMC-06-1,PSA17,PSA,SNG,TRUE
TGTGAGTTCTCCTACG,PBMC-06-1,PSA15,PSA,SNG,FALSE
TGTGATGAGCTAGATA,PBMC-06-1,PSA12,PSA,SNG,FALSE
TGTGATGCAACTGCTA,PBMC-06-1,PSA15,PSA,DBL,FALSE
TGTGATGCAAGAAACT,PBMC-06-1,PSO14,PSO,DBL,FALSE
TGTGATGCAAGTTCGT,PBMC-06-1,PSA07,PSA,SNG,TRUE
TGTGATGCACTAACCA,PBMC-06-1,PSA02,PSA,SNG,TRUE
TGTGATGCAGAGAGGG,PBMC-06-1,PSX04,PSX,SNG,TRUE
TGTGATGCAGAGGCAT,PBMC-06-1,PSA02,PSA,SNG,TRUE
TGTGATGCAGTTACCA,PBMC-06-1,PSO14,PSO,SNG,TRUE
TGTGATGCATAATCGC,PBMC-06-1,PSX01,PSX,SNG,TRUE
TGTGATGGTAGACAAT,PBMC-06-1,PSA13,PSA,SNG,TRUE
TGTGATGGTAGCTGAG,PBMC-06-1,PSA02,PSA,DBL,FALSE
TGTGATGGTGTCTCCT,PBMC-06-1,PSA07,PSA,SNG,TRUE
TGTGATGGTTAAACAG,PBMC-06-1,PSA02,PSA,SNG,TRUE
TGTGATGGTTAGGAGC,PBMC-06-1,PSA02,PSA,SNG,TRUE
TGTGATGTCAAAGGTA,PBMC-06-1,PSA04,PSA,SNG,TRUE
TGTGATGTCAGTCCGG,PBMC-06-1,PSX04,PSX,SNG,TRUE
TGTGATGTCTTCGTGC,PBMC-06-1,PSO15,PSO,SNG,TRUE
TGTGCGGAGATGACAT,PBMC-06-1,PSA07,PSA,DBL,FALSE
TGTGCGGAGGAGCAAA,PBMC-06-1,PSA14,PSA,SNG,TRUE
TGTGCGGAGTACCCTA,PBMC-06-1,PSA03,PSA,SNG,TRUE
TGTGCGGAGTATGCAA,PBMC-06-1,PSA04,PSA,SNG,TRUE
TGTGCGGAGTCAGGGT,PBMC-06-1,PSA07,PSA,SNG,FALSE
TGTGCGGAGTCGAAGC,PBMC-06-1,PSA14,PSA,SNG,FALSE
TGTGCGGCAACTGGTT,PBMC-06-1,PSA04,PSA,SNG,TRUE
TGTGCGGCACCCTATC,PBMC-06-1,PSO15,PSO,AMB,FALSE
TGTGCGGCATCTTAGG,PBMC-06-1,PSX04,PSX,SNG,TRUE
TGTGCGGGTACCGCGT,PBMC-06-1,PSO15,PSO,SNG,TRUE
TGTGCGGGTACCTAGT,PBMC-06-1,PSX04,PSX,SNG,TRUE
TGTGCGGGTACCTGTA,PBMC-06-1,PSA17,PSA,SNG,TRUE
TGTGCGGGTAGGTAGC,PBMC-06-1,PSA14,PSA,SNG,TRUE
TGTGCGGGTCACCACG,PBMC-06-1,PSA14,PSA,DBL,FALSE
TGTGCGGGTGATAGTA,PBMC-06-1,PSA03,PSA,SNG,TRUE
TGTGCGGGTGCGCTCA,PBMC-06-1,PSA14,PSA,SNG,FALSE
TGTGCGGGTTTCCAAG,PBMC-06-1,PSA02,PSA,DBL,FALSE
TGTGCGGTCTATACTC,PBMC-06-1,PSA04,PSA,SNG,TRUE
TGTGCGGTCTGTGTGA,PBMC-06-1,PSA02,PSA,SNG,TRUE
TGTGGCGAGAATAGTC,PBMC-06-1,PSO15,PSO,SNG,TRUE
TGTGGCGAGCGACAGT,PBMC-06-1,PSA05,PSA,SNG,TRUE
TGTGGCGAGCGATTCT,PBMC-06-1,PSA13,PSA,DBL,FALSE
TGTGGCGAGGATTCCT,PBMC-06-1,PSX04,PSX,SNG,TRUE
TGTGGCGAGGCTTAAA,PBMC-06-1,PSA14,PSA,SNG,TRUE
TGTGGCGAGTATAACG,PBMC-06-1,PSA07,PSA,SNG,TRUE
TGTGGCGCAACAGCCC,PBMC-06-1,PSA17,PSA,SNG,TRUE
TGTGGCGCACCCTGAG,PBMC-06-1,PSA07,PSA,DBL,FALSE
TGTGGCGCACGTATAC,PBMC-06-1,PSA02,PSA,SNG,TRUE
TGTGGCGCACTCCCTA,PBMC-06-1,PSA07,PSA,SNG,TRUE
TGTGGCGCAGCACACC,PBMC-06-1,PSX04,PSX,SNG,FALSE
TGTGGCGCATCGTCCT,PBMC-06-1,PSA15,PSA,SNG,TRUE
TGTGGCGGTAAGTTGA,PBMC-06-1,PSA05,PSA,SNG,FALSE
TGTGGCGGTAGGTGCA,PBMC-06-1,PSX04,PSX,DBL,FALSE
TGTGGCGGTCACGTGC,PBMC-06-1,PSA15,PSA,SNG,TRUE
TGTGGCGGTCTAGATC,PBMC-06-1,PSA17,PSA,SNG,FALSE
TGTGGCGGTGCCCACA,PBMC-06-1,PSO14,PSO,AMB,FALSE
TGTGGCGGTGCGGTAA,PBMC-06-1,PSA13,PSA,AMB,FALSE
TGTGGCGGTTACGTAC,PBMC-06-1,PSA03,PSA,SNG,TRUE
TGTGGCGGTTAGTCGT,PBMC-06-1,PSA14,PSA,SNG,TRUE
TGTGGCGTCGATGCTA,PBMC-06-1,PSX01,PSX,SNG,TRUE
TGTGGCGTCGGCCCAA,PBMC-06-1,PSA02,PSA,SNG,TRUE
TGTGGCGTCTAGATCG,PBMC-06-1,PSX01,PSX,SNG,TRUE
TGTGGCGTCTGCTCTG,PBMC-06-1,PSA16,PSA,SNG,TRUE
TGTGTGAAGAATCCCT,PBMC-06-1,PSX01,PSX,DBL,FALSE
TGTGTGAAGAGAGTGA,PBMC-06-1,PSA06,PSA,SNG,TRUE
TGTGTGAAGGAGGCAG,PBMC-06-1,PSX04,PSX,SNG,TRUE
TGTGTGAAGGCATCAG,PBMC-06-1,PSX01,PSX,SNG,TRUE
TGTGTGAAGGTGTGAC,PBMC-06-1,PSA04,PSA,SNG,TRUE
TGTGTGAAGTTTGGCT,PBMC-06-1,PSA12,PSA,DBL,FALSE
TGTGTGACAGCCGTCA,PBMC-06-1,PSA03,PSA,SNG,TRUE
TGTGTGAGTAATACCC,PBMC-06-1,PSO13,PSO,DBL,FALSE
TGTGTGAGTCCACTCT,PBMC-06-1,PSA17,PSA,SNG,TRUE
TGTGTGAGTCCGCAGT,PBMC-06-1,PSA05,PSA,SNG,TRUE
TGTGTGAGTCTGTTAG,PBMC-06-1,PSA04,PSA,SNG,TRUE
TGTGTGAGTCTTACAG,PBMC-06-1,PSA14,PSA,SNG,TRUE
TGTGTGAGTGCAATGG,PBMC-06-1,PSO13,PSO,SNG,TRUE
TGTGTGAGTTAGCGGA,PBMC-06-1,PSA03,PSA,DBL,FALSE
TGTGTGATCCGAAATC,PBMC-06-1,PSA15,PSA,DBL,FALSE
TGTGTGATCGACCTAA,PBMC-06-1,PSA02,PSA,SNG,TRUE
TGTGTGATCGTCGACG,PBMC-06-1,PSA04,PSA,AMB,FALSE
TGTGTGATCTATCACT,PBMC-06-1,PSA07,PSA,SNG,TRUE
TGTTACTAGACTCTTG,PBMC-06-1,PSX01,PSX,SNG,TRUE
TGTTACTAGCAGCCTC,PBMC-06-1,PSO13,PSO,SNG,TRUE
TGTTACTCAAATGAGT,PBMC-06-1,PSA02,PSA,DBL,FALSE
TGTTACTCAAGAAATC,PBMC-06-1,PSA16,PSA,SNG,TRUE
TGTTACTCAGGTTACT,PBMC-06-1,PSA07,PSA,SNG,FALSE
TGTTACTCAGTCAGCC,PBMC-06-1,PSA05,PSA,AMB,FALSE
TGTTACTCATATGCGT,PBMC-06-1,PSX01,PSX,SNG,TRUE
TGTTACTCATGAAAGT,PBMC-06-1,PSX01,PSX,SNG,TRUE
TGTTACTCATTAGGAA,PBMC-06-1,PSO15,PSO,DBL,FALSE
TGTTACTGTACTCGTA,PBMC-06-1,PSA06,PSA,SNG,TRUE
TGTTACTGTACTGCGC,PBMC-06-1,PSA12,PSA,SNG,FALSE
TGTTACTTCATTACGG,PBMC-06-1,PSA15,PSA,SNG,TRUE
TGTTACTTCCCTCTTT,PBMC-06-1,PSX04,PSX,SNG,TRUE
TGTTACTTCCTATGGA,PBMC-06-1,PSO15,PSO,DBL,FALSE
TGTTACTTCCTGTAAG,PBMC-06-1,PSA03,PSA,SNG,TRUE
TGTTACTTCGGTGTTA,PBMC-06-1,PSO12,PSO,DBL,FALSE
TGTTCATAGAACTTCC,PBMC-06-1,PSO15,PSO,SNG,TRUE
TGTTCATAGAGATCGC,PBMC-06-1,PSX01,PSX,SNG,TRUE
TGTTCATAGCCAAGTG,PBMC-06-1,PSA12,PSA,SNG,TRUE
TGTTCATAGTGATCGG,PBMC-06-1,PSA17,PSA,SNG,FALSE
TGTTCATCAAAGGCAC,PBMC-06-1,PSO13,PSO,SNG,TRUE
TGTTCATCAAGTCGTT,PBMC-06-1,PSX01,PSX,SNG,TRUE
TGTTCATCAATGGCCC,PBMC-06-1,PSO15,PSO,SNG,TRUE
TGTTCATCAATTCACG,PBMC-06-1,PSA16,PSA,DBL,FALSE
TGTTCATCAGCATCTA,PBMC-06-1,PSA07,PSA,SNG,TRUE
TGTTCATCAGTGTGGA,PBMC-06-1,PSX01,PSX,SNG,TRUE
TGTTCATCAGTTGCGC,PBMC-06-1,PSA16,PSA,SNG,FALSE
TGTTCATCATAAGCGG,PBMC-06-1,PSA02,PSA,SNG,TRUE
TGTTCATCATATCTGG,PBMC-06-1,PSA05,PSA,SNG,TRUE
TGTTCATGTCCGAAAG,PBMC-06-1,PSA07,PSA,SNG,TRUE
TGTTCATGTTCACGAT,PBMC-06-1,PSA06,PSA,SNG,TRUE
TGTTCATGTTGATCGT,PBMC-06-1,PSA06,PSA,DBL,FALSE
TGTTCATTCAACCGAT,PBMC-06-1,PSA12,PSA,SNG,TRUE
TGTTCATTCACAATGC,PBMC-06-1,PSA14,PSA,SNG,TRUE
TGTTCATTCCATTGCC,PBMC-06-1,PSO15,PSO,SNG,TRUE
TGTTCATTCCGGCAGT,PBMC-06-1,PSO15,PSO,SNG,TRUE
TGTTCCGAGCAACAGC,PBMC-06-1,PSO15,PSO,DBL,FALSE
TGTTCCGAGCAATAAC,PBMC-06-1,PSA16,PSA,SNG,TRUE
TGTTCCGAGGAGGGTG,PBMC-06-1,PSA12,PSA,SNG,TRUE
TGTTCCGAGGTAAACT,PBMC-06-1,PSA13,PSA,SNG,TRUE
TGTTCCGCAAAGGCAC,PBMC-06-1,PSO13,PSO,SNG,FALSE
TGTTCCGCAAAGTATG,PBMC-06-1,PSA06,PSA,SNG,TRUE
TGTTCCGCAATCGTCA,PBMC-06-1,PSA04,PSA,SNG,TRUE
TGTTCCGCAATTGGTC,PBMC-06-1,PSA12,PSA,SNG,TRUE
TGTTCCGCACGTCTCT,PBMC-06-1,PSA02,PSA,SNG,TRUE
TGTTCCGCAGAATTCC,PBMC-06-1,PSA16,PSA,SNG,TRUE
TGTTCCGCAGACCAAG,PBMC-06-1,PSO12,PSO,SNG,TRUE
TGTTCCGCAGCTAACT,PBMC-06-1,PSA16,PSA,SNG,TRUE
TGTTCCGCAGGCGATA,PBMC-06-1,PSA14,PSA,SNG,TRUE
TGTTCCGGTAATTAGG,PBMC-06-1,PSO15,PSO,SNG,FALSE
TGTTCCGGTATCGCAT,PBMC-06-1,PSA07,PSA,SNG,TRUE
TGTTCCGGTGCTAGCC,PBMC-06-1,PSA05,PSA,DBL,FALSE
TGTTCCGGTTCAATCG,PBMC-06-1,PSA12,PSA,SNG,FALSE
TGTTCCGTCAAGCCCG,PBMC-06-1,PSA04,PSA,SNG,TRUE
TGTTCCGTCATTTGTC,PBMC-06-1,PSX01,PSX,DBL,FALSE
TGTTCTAAGGCTATCT,PBMC-06-1,PSA16,PSA,SNG,TRUE
TGTTCTAAGGGTATAT,PBMC-06-1,PSX04,PSX,SNG,TRUE
TGTTCTAAGTATGACA,PBMC-06-1,PSA17,PSA,DBL,FALSE
TGTTCTAAGTTGGAGC,PBMC-06-1,PSA05,PSA,DBL,FALSE
TGTTCTACACCGCTGA,PBMC-06-1,PSA06,PSA,SNG,TRUE
TGTTCTACACCTGAAT,PBMC-06-1,PSO15,PSO,SNG,TRUE
TGTTCTACAGATCACT,PBMC-06-1,PSA17,PSA,SNG,TRUE
TGTTCTACAGCGTTGC,PBMC-06-1,PSO13,PSO,DBL,FALSE
TGTTCTAGTACGTACT,PBMC-06-1,PSA17,PSA,SNG,TRUE
TGTTCTAGTATTCCGA,PBMC-06-1,PSA12,PSA,SNG,TRUE
TGTTCTAGTCAGGTAG,PBMC-06-1,PSA06,PSA,SNG,TRUE
TGTTCTATCACCGCTT,PBMC-06-1,PSA06,PSA,DBL,FALSE
TGTTCTATCAGCTGTA,PBMC-06-1,PSA05,PSA,SNG,TRUE
TGTTCTATCCTACGGG,PBMC-06-1,PSO14,PSO,SNG,TRUE
TGTTGAGCACTACTTT,PBMC-06-1,PSA14,PSA,SNG,TRUE
TGTTGAGCAGGTGAGT,PBMC-06-1,PSA06,PSA,DBL,FALSE
TGTTGAGCAGTGTACT,PBMC-06-1,PSA13,PSA,SNG,FALSE
TGTTGAGGTATAGGAT,PBMC-06-1,PSO12,PSO,DBL,FALSE
TGTTGAGGTTAGTTCG,PBMC-06-1,PSO14,PSO,SNG,TRUE
TGTTGGAAGGAGATAG,PBMC-06-1,PSA05,PSA,SNG,TRUE
TGTTGGAAGTTGAAGT,PBMC-06-1,PSA05,PSA,AMB,FALSE
TGTTGGACACGCGTGT,PBMC-06-1,PSA13,PSA,AMB,FALSE
TGTTGGACACTTGGCG,PBMC-06-1,PSA12,PSA,SNG,TRUE
TGTTGGACAGCGAACA,PBMC-06-1,PSA03,PSA,SNG,FALSE
TGTTGGACAGGGACTA,PBMC-06-1,PSO12,PSO,SNG,TRUE
TGTTGGACAGTAGTGG,PBMC-06-1,PSA17,PSA,DBL,FALSE
TGTTGGACATCTGGGC,PBMC-06-1,PSO15,PSO,SNG,FALSE
TGTTGGAGTAATCAGA,PBMC-06-1,PSA06,PSA,SNG,TRUE
TGTTGGAGTCTTCCGT,PBMC-06-1,PSO16,PSO,SNG,TRUE
TGTTGGAGTGAGGATC,PBMC-06-1,PSO15,PSO,SNG,TRUE
TGTTGGATCAGCACCG,PBMC-06-1,PSO14,PSO,DBL,FALSE
TGTTGGATCCGATTAG,PBMC-06-1,PSA17,PSA,SNG,FALSE
TGTTGGATCGATGCTA,PBMC-06-1,PSX01,PSX,SNG,TRUE
TGTTGGATCGCCTATC,PBMC-06-1,PSA12,PSA,SNG,TRUE
TGTTGGATCTACACTT,PBMC-06-1,PSX01,PSX,SNG,TRUE
TGTTGGATCTCACCCA,PBMC-06-1,PSA17,PSA,AMB,FALSE
TGTTTGTAGAATGTTG,PBMC-06-1,PSA07,PSA,SNG,TRUE
TGTTTGTAGAGCGACT,PBMC-06-1,PSX01,PSX,SNG,TRUE
TGTTTGTCAAGGACAC,PBMC-06-1,PSA06,PSA,SNG,TRUE
TGTTTGTCACCCTGAG,PBMC-06-1,PSA12,PSA,AMB,FALSE
TGTTTGTCACCGTACG,PBMC-06-1,PSO14,PSO,SNG,FALSE
TGTTTGTCAGGTAGTG,PBMC-06-1,PSA02,PSA,SNG,TRUE
TGTTTGTCATCAACCA,PBMC-06-1,PSO12,PSO,SNG,FALSE
TGTTTGTCATGACTCA,PBMC-06-1,PSA02,PSA,AMB,FALSE
TGTTTGTGTACTTCCC,PBMC-06-1,PSA07,PSA,SNG,TRUE
TGTTTGTGTATCCCTC,PBMC-06-1,PSA02,PSA,SNG,FALSE
TGTTTGTGTCCTGAAT,PBMC-06-1,PSA02,PSA,SNG,TRUE
TGTTTGTGTTGCAAGG,PBMC-06-1,PSA16,PSA,DBL,FALSE
TGTTTGTTCACGAACT,PBMC-06-1,PSA17,PSA,SNG,TRUE
TGTTTGTTCTGAGATC,PBMC-06-1,PSA07,PSA,SNG,TRUE
TTAATCCAGACTTAAG,PBMC-06-1,PSA02,PSA,SNG,TRUE
TTAATCCAGATGCGAC,PBMC-06-1,PSO15,PSO,SNG,TRUE
TTAATCCAGCCAGTAG,PBMC-06-1,PSO15,PSO,DBL,FALSE
TTAATCCAGGCATCGA,PBMC-06-1,PSA14,PSA,SNG,FALSE
TTAATCCAGGGTACGT,PBMC-06-1,PSX01,PSX,SNG,TRUE
TTAATCCCAACTGTGT,PBMC-06-1,PSA16,PSA,SNG,FALSE
TTAATCCCACAAATCC,PBMC-06-1,PSA17,PSA,SNG,TRUE
TTAATCCCACAAGCTT,PBMC-06-1,PSA16,PSA,SNG,TRUE
TTAATCCCACCGCTGA,PBMC-06-1,PSA04,PSA,SNG,TRUE
TTAATCCCACGGTCTG,PBMC-06-1,PSA13,PSA,SNG,TRUE
TTAATCCCATAGGTTC,PBMC-06-1,PSX01,PSX,DBL,FALSE
TTAATCCGTAAGACCG,PBMC-06-1,PSO15,PSO,SNG,FALSE
TTAATCCGTACCGTGC,PBMC-06-1,PSA03,PSA,SNG,TRUE
TTAATCCGTCACTCTC,PBMC-06-1,PSA14,PSA,SNG,TRUE
TTAATCCGTCCGTACG,PBMC-06-1,PSX04,PSX,DBL,FALSE
TTAATCCGTCTCACAA,PBMC-06-1,PSA17,PSA,DBL,FALSE
TTAATCCGTTAACCTG,PBMC-06-1,PSA02,PSA,SNG,TRUE
TTAATCCGTTCTAAGC,PBMC-06-1,PSX04,PSX,DBL,FALSE
TTAATCCGTTTACGAC,PBMC-06-1,PSA07,PSA,SNG,FALSE
TTAATCCTCAAGTCGT,PBMC-06-1,PSA05,PSA,AMB,FALSE
TTAATCCTCGAAATCC,PBMC-06-1,PSO11,PSO,SNG,TRUE
TTAATCCTCGAGAACG,PBMC-06-1,PSA03,PSA,DBL,FALSE
TTAATCCTCTAACACG,PBMC-06-1,PSO15,PSO,SNG,TRUE
TTAATCCTCTACCAGA,PBMC-06-1,PSX04,PSX,DBL,FALSE
TTAATCCTCTGCTGAA,PBMC-06-1,PSX01,PSX,SNG,TRUE
TTACAGGAGAAGTCAT,PBMC-06-1,PSX01,PSX,SNG,TRUE
TTACAGGAGCTCGAAG,PBMC-06-1,PSA16,PSA,SNG,TRUE
TTACAGGAGGGATGTC,PBMC-06-1,PSA16,PSA,SNG,TRUE
TTACAGGCAACTGCTA,PBMC-06-1,PSA07,PSA,SNG,TRUE
TTACAGGCACCTGCAG,PBMC-06-1,PSA07,PSA,SNG,FALSE
TTACAGGCATACGCAT,PBMC-06-1,PSA17,PSA,SNG,TRUE
TTACAGGCATGATGCT,PBMC-06-1,PSA05,PSA,SNG,TRUE
TTACAGGCATGGCTGC,PBMC-06-1,PSA13,PSA,SNG,TRUE
TTACAGGCATGGGTTT,PBMC-06-1,PSA05,PSA,SNG,TRUE
TTACAGGGTCCAACGC,PBMC-06-1,PSA07,PSA,DBL,FALSE
TTACAGGGTCGATTAC,PBMC-06-1,PSA14,PSA,DBL,FALSE
TTACAGGGTGAATGTA,PBMC-06-1,PSA14,PSA,SNG,TRUE
TTACAGGGTGCTAGCC,PBMC-06-1,PSA07,PSA,SNG,TRUE
TTACAGGGTGGGCTCT,PBMC-06-1,PSA07,PSA,SNG,TRUE
TTACAGGTCCACGAAT,PBMC-06-1,PSA02,PSA,SNG,TRUE
TTACAGGTCCGTGTAA,PBMC-06-1,PSA03,PSA,SNG,TRUE
TTACAGGTCTAAGAAG,PBMC-06-1,PSO12,PSO,SNG,TRUE
TTACAGGTCTCTGGTC,PBMC-06-1,PSA16,PSA,SNG,FALSE
TTACCATAGAATCGCG,PBMC-06-1,PSA06,PSA,SNG,TRUE
TTACCATAGCATCAGG,PBMC-06-1,PSA17,PSA,SNG,TRUE
TTACCATAGCGCTTCG,PBMC-06-1,PSO15,PSO,SNG,TRUE
TTACCATAGGCTAACG,PBMC-06-1,PSA15,PSA,SNG,TRUE
TTACCATAGGTCGCCT,PBMC-06-1,PSA12,PSA,SNG,TRUE
TTACCATAGGTGATCG,PBMC-06-1,PSX01,PSX,SNG,FALSE
TTACCATAGTAGGGTC,PBMC-06-1,PSA03,PSA,SNG,FALSE
TTACCATAGTTAGTGA,PBMC-06-1,PSA02,PSA,SNG,TRUE
TTACCATCAATTTCGG,PBMC-06-1,PSA17,PSA,SNG,TRUE
TTACCATCACACCAGC,PBMC-06-1,PSO15,PSO,SNG,TRUE
TTACCATCACCTCGTT,PBMC-06-1,PSA15,PSA,DBL,FALSE
TTACCATCAGAGTCAG,PBMC-06-1,PSA16,PSA,SNG,TRUE
TTACCATCAGCATCTA,PBMC-06-1,PSA16,PSA,SNG,FALSE
TTACCATCATGTTCAG,PBMC-06-1,PSA07,PSA,SNG,TRUE
TTACCATGTCTCTCAC,PBMC-06-1,PSA02,PSA,SNG,TRUE
TTACCATGTGGACCAA,PBMC-06-1,PSA07,PSA,SNG,TRUE
TTACCATTCGTCTCAC,PBMC-06-1,PSA02,PSA,SNG,TRUE
TTACCATTCGTTGTGA,PBMC-06-1,PSA04,PSA,SNG,TRUE
TTACCGCAGATTTGCC,PBMC-06-1,PSO12,PSO,DBL,FALSE
TTACCGCAGCAGCACA,PBMC-06-1,PSA03,PSA,SNG,TRUE
TTACCGCAGCAGCCCT,PBMC-06-1,PSA12,PSA,SNG,TRUE
TTACCGCAGGGCTGAT,PBMC-06-1,PSX04,PSX,SNG,FALSE
TTACCGCAGTATGTAG,PBMC-06-1,PSA06,PSA,DBL,FALSE
TTACCGCCAAGACGGT,PBMC-06-1,PSA04,PSA,SNG,TRUE
TTACCGCCACAAGCAG,PBMC-06-1,PSA07,PSA,SNG,TRUE
TTACCGCCAGCTGAGA,PBMC-06-1,PSO12,PSO,DBL,FALSE
TTACCGCGTAACAGTA,PBMC-06-1,PSA12,PSA,DBL,FALSE
TTACCGCGTAGGTGCA,PBMC-06-1,PSA05,PSA,DBL,FALSE
TTACCGCGTCTCCCTA,PBMC-06-1,PSX04,PSX,DBL,FALSE
TTACCGCGTGACTGTT,PBMC-06-1,PSO12,PSO,SNG,TRUE
TTACCGCGTGATACCT,PBMC-06-1,PSA16,PSA,SNG,TRUE
TTACCGCGTGGCAGAT,PBMC-06-1,PSA12,PSA,SNG,TRUE
TTACCGCTCCGTGCGA,PBMC-06-1,PSA05,PSA,SNG,TRUE
TTACCGCTCGTGAGAG,PBMC-06-1,PSA03,PSA,DBL,FALSE
TTACGCCAGAACTTCC,PBMC-06-1,PSO13,PSO,SNG,FALSE
TTACGCCAGTCCCAGC,PBMC-06-1,PSA02,PSA,SNG,TRUE
TTACGCCAGTTACGGG,PBMC-06-1,PSA12,PSA,SNG,TRUE
TTACGCCCAACATACC,PBMC-06-1,PSO15,PSO,AMB,FALSE
TTACGCCCAAGATCCT,PBMC-06-1,PSX01,PSX,SNG,TRUE
TTACGCCCAGAGTTCT,PBMC-06-1,PSA16,PSA,SNG,TRUE
TTACGCCCAGCCATTA,PBMC-06-1,PSO12,PSO,DBL,FALSE
TTACGCCCATGTAACC,PBMC-06-1,PSA17,PSA,SNG,TRUE
TTACGCCGTAACATAG,PBMC-06-1,PSA16,PSA,SNG,TRUE
TTACGCCGTAGCTGAG,PBMC-06-1,PSO12,PSO,SNG,TRUE
TTACGCCGTGTTCGTA,PBMC-06-1,PSA14,PSA,SNG,FALSE
TTACGCCGTTTACTTC,PBMC-06-1,PSA12,PSA,SNG,TRUE
TTACGCCGTTTCGCTC,PBMC-06-1,PSA14,PSA,SNG,TRUE
TTACGCCTCACATTGG,PBMC-06-1,PSX01,PSX,SNG,TRUE
TTACGCCTCCCGATCT,PBMC-06-1,PSA14,PSA,SNG,TRUE
TTACGTTAGAACCCGA,PBMC-06-1,PSA07,PSA,SNG,FALSE
TTACGTTAGCGTTCCG,PBMC-06-1,PSA03,PSA,DBL,FALSE
TTACGTTAGGCTATCT,PBMC-06-1,PSA16,PSA,DBL,FALSE
TTACGTTAGGTTAGTA,PBMC-06-1,PSX01,PSX,SNG,TRUE
TTACGTTCAACATCGT,PBMC-06-1,PSA05,PSA,SNG,TRUE
TTACGTTCACTTTAGG,PBMC-06-1,PSA03,PSA,SNG,FALSE
TTACGTTCATGACAAA,PBMC-06-1,PSX04,PSX,SNG,TRUE
TTACGTTGTATAATGG,PBMC-06-1,PSO11,PSO,SNG,TRUE
TTACGTTGTATTAAGG,PBMC-06-1,PSA02,PSA,SNG,TRUE
TTACGTTGTCAGATTC,PBMC-06-1,PSA17,PSA,SNG,TRUE
TTACGTTGTCCATACA,PBMC-06-1,PSA04,PSA,SNG,TRUE
TTACGTTGTCGTCATA,PBMC-06-1,PSO15,PSO,SNG,TRUE
TTACGTTGTGATACCT,PBMC-06-1,PSA13,PSA,DBL,FALSE
TTACGTTGTGGTAACG,PBMC-06-1,PSA17,PSA,SNG,TRUE
TTACGTTGTTGGTGTT,PBMC-06-1,PSA12,PSA,SNG,FALSE
TTACGTTTCACCGACG,PBMC-06-1,PSO15,PSO,SNG,FALSE
TTACGTTTCAGTCACA,PBMC-06-1,PSA17,PSA,SNG,TRUE
TTACGTTTCCCTTCCC,PBMC-06-1,PSA07,PSA,SNG,FALSE
TTACGTTTCGACCATA,PBMC-06-1,PSX01,PSX,SNG,TRUE
TTACGTTTCTGAATCG,PBMC-06-1,PSA13,PSA,AMB,FALSE
TTACGTTTCTGATGGT,PBMC-06-1,PSA14,PSA,SNG,TRUE
TTACGTTTCTGGACCG,PBMC-06-1,PSA15,PSA,SNG,TRUE
TTACTGTAGCAGCCCT,PBMC-06-1,PSO15,PSO,DBL,FALSE
TTACTGTAGCCGCACT,PBMC-06-1,PSX01,PSX,SNG,TRUE
TTACTGTAGGGTCAAC,PBMC-06-1,PSA17,PSA,SNG,FALSE
TTACTGTAGGGTTTCT,PBMC-06-1,PSA07,PSA,SNG,TRUE
TTACTGTAGTATGCAA,PBMC-06-1,PSA15,PSA,SNG,TRUE
TTACTGTCAAACACGG,PBMC-06-1,PSO12,PSO,SNG,TRUE
TTACTGTCAAATTAGG,PBMC-06-1,PSA17,PSA,SNG,TRUE
TTACTGTCAAGTGCAG,PBMC-06-1,PSA13,PSA,DBL,FALSE
TTACTGTCACGCGCTA,PBMC-06-1,PSX01,PSX,SNG,TRUE
TTACTGTCAGCTCATA,PBMC-06-1,PSA06,PSA,SNG,FALSE
TTACTGTCAGTAACCT,PBMC-06-1,PSA06,PSA,DBL,FALSE
TTACTGTGTACAGTCT,PBMC-06-1,PSX01,PSX,SNG,TRUE
TTACTGTGTCACAATC,PBMC-06-1,PSA03,PSA,DBL,FALSE
TTACTGTTCATGAGAA,PBMC-06-1,PSA04,PSA,SNG,TRUE
TTACTGTTCCATTCAT,PBMC-06-1,PSA06,PSA,SNG,TRUE
TTACTGTTCCCTTGGT,PBMC-06-1,PSA15,PSA,SNG,TRUE
TTACTGTTCGAGTACT,PBMC-06-1,PSA16,PSA,DBL,FALSE
TTACTGTTCGGATAAA,PBMC-06-1,PSO15,PSO,DBL,FALSE
TTAGGCAAGACCCGCT,PBMC-06-1,PSA02,PSA,SNG,TRUE
TTAGGCAAGAGCCCAA,PBMC-06-1,PSA05,PSA,SNG,TRUE
TTAGGCAAGCGCCTTG,PBMC-06-1,PSO12,PSO,SNG,TRUE
TTAGGCAAGCTTACGT,PBMC-06-1,PSA15,PSA,SNG,TRUE
TTAGGCAAGGCACGAT,PBMC-06-1,PSA04,PSA,SNG,TRUE
TTAGGCAAGTTCACTG,PBMC-06-1,PSX04,PSX,SNG,TRUE
TTAGGCACAAACGGCA,PBMC-06-1,PSA07,PSA,SNG,TRUE
TTAGGCACAAGCAGGT,PBMC-06-1,PSA15,PSA,SNG,FALSE
TTAGGCACAAGCGCTC,PBMC-06-1,PSO11,PSO,SNG,FALSE
TTAGGCACACTACCCT,PBMC-06-1,PSA02,PSA,SNG,TRUE
TTAGGCACAGACAAAT,PBMC-06-1,PSA15,PSA,SNG,TRUE
TTAGGCACAGCAGAAC,PBMC-06-1,PSA06,PSA,SNG,TRUE
TTAGGCACAGCTACCG,PBMC-06-1,PSO15,PSO,DBL,FALSE
TTAGGCACATGACGAG,PBMC-06-1,PSA02,PSA,SNG,TRUE
TTAGGCACATTCTGTT,PBMC-06-1,PSO14,PSO,SNG,TRUE
TTAGGCAGTCAATGGG,PBMC-06-1,PSA03,PSA,SNG,FALSE
TTAGGCAGTCGCACGT,PBMC-06-1,PSA06,PSA,SNG,TRUE
TTAGGCAGTTAGAGAT,PBMC-06-1,PSA02,PSA,SNG,TRUE
TTAGGCAGTTGGGACA,PBMC-06-1,PSO14,PSO,AMB,FALSE
TTAGGCATCAAATGCC,PBMC-06-1,PSO13,PSO,SNG,TRUE
TTAGGCATCAGTCCGG,PBMC-06-1,PSO12,PSO,SNG,TRUE
TTAGGCATCATACGGT,PBMC-06-1,PSO15,PSO,SNG,TRUE
TTAGGCATCGATTGAC,PBMC-06-1,PSA12,PSA,SNG,TRUE
TTAGGCATCGGCTCTT,PBMC-06-1,PSX04,PSX,SNG,TRUE
TTAGGCATCGTGGAAG,PBMC-06-1,PSO12,PSO,SNG,TRUE
TTAGGCATCTCGCAGG,PBMC-06-1,PSA17,PSA,DBL,FALSE
TTAGGCATCTCGGCTT,PBMC-06-1,PSX01,PSX,DBL,FALSE
TTAGGGTAGAAGTCCG,PBMC-06-1,PSA05,PSA,DBL,FALSE
TTAGGGTAGCAACTCT,PBMC-06-1,PSA03,PSA,SNG,TRUE
TTAGGGTAGCAGAAAG,PBMC-06-1,PSX04,PSX,DBL,FALSE
TTAGGGTAGGAAACGA,PBMC-06-1,PSX04,PSX,DBL,FALSE
TTAGGGTAGGTTGACG,PBMC-06-1,PSA03,PSA,DBL,FALSE
TTAGGGTAGTCACGAG,PBMC-06-1,PSA14,PSA,SNG,TRUE
TTAGGGTAGTGGTGGT,PBMC-06-1,PSA05,PSA,SNG,TRUE
TTAGGGTCACACGGTC,PBMC-06-1,PSA05,PSA,DBL,FALSE
TTAGGGTCACTGCATA,PBMC-06-1,PSA12,PSA,SNG,TRUE
TTAGGGTCATTCTCCG,PBMC-06-1,PSA16,PSA,SNG,TRUE
TTAGGGTGTAACTTCG,PBMC-06-1,PSA16,PSA,SNG,TRUE
TTAGGGTGTAGCTAAA,PBMC-06-1,PSA12,PSA,SNG,TRUE
TTAGGGTGTCGGAACA,PBMC-06-1,PSA13,PSA,SNG,FALSE
TTAGGGTGTGTCCACG,PBMC-06-1,PSA02,PSA,DBL,FALSE
TTAGGGTGTTTAAGGA,PBMC-06-1,PSO14,PSO,DBL,FALSE
TTAGGGTTCACGGGAA,PBMC-06-1,PSA05,PSA,SNG,TRUE
TTAGGGTTCATGCCAA,PBMC-06-1,PSO12,PSO,AMB,FALSE
TTAGGGTTCGCGGTAC,PBMC-06-1,PSA07,PSA,DBL,FALSE
TTAGTCTAGAATGTTG,PBMC-06-1,PSA05,PSA,SNG,TRUE
TTAGTCTAGAGAGGGC,PBMC-06-1,PSA05,PSA,SNG,TRUE
TTAGTCTAGATTAGCA,PBMC-06-1,PSX01,PSX,SNG,TRUE
TTAGTCTAGCCTGCCA,PBMC-06-1,PSO14,PSO,DBL,FALSE
TTAGTCTAGCGACTTT,PBMC-06-1,PSA14,PSA,SNG,TRUE
TTAGTCTAGGGCAACT,PBMC-06-1,PSA12,PSA,SNG,TRUE
TTAGTCTAGGTTGGTG,PBMC-06-1,PSA14,PSA,DBL,FALSE
TTAGTCTAGTATGCAA,PBMC-06-1,PSO12,PSO,SNG,TRUE
TTAGTCTAGTTCTCTT,PBMC-06-1,PSA14,PSA,DBL,FALSE
TTAGTCTCAGGGATAC,PBMC-06-1,PSX01,PSX,SNG,TRUE
TTAGTCTCATCCCACT,PBMC-06-1,PSA07,PSA,SNG,TRUE
TTAGTCTCATCTGCGG,PBMC-06-1,PSA15,PSA,DBL,FALSE
TTAGTCTCATGGAATA,PBMC-06-1,PSA14,PSA,SNG,FALSE
TTAGTCTCATGTTTGG,PBMC-06-1,PSA03,PSA,DBL,FALSE
TTAGTCTCATTGAAGA,PBMC-06-1,PSA04,PSA,SNG,TRUE
TTAGTCTGTACACTCA,PBMC-06-1,PSA04,PSA,SNG,FALSE
TTAGTCTGTATTAAGG,PBMC-06-1,PSA16,PSA,SNG,TRUE
TTAGTCTGTCAGGTAG,PBMC-06-1,PSO12,PSO,DBL,FALSE
TTAGTCTGTGTATTGC,PBMC-06-1,PSA07,PSA,SNG,TRUE
TTAGTCTGTTAAGCAA,PBMC-06-1,PSA15,PSA,SNG,TRUE
TTAGTCTGTTCGAAGG,PBMC-06-1,PSO12,PSO,SNG,TRUE
TTAGTCTGTTGGCCGT,PBMC-06-1,PSA14,PSA,DBL,FALSE
TTAGTCTGTTGGGTTT,PBMC-06-1,PSA17,PSA,SNG,TRUE
TTAGTCTTCACTTTGT,PBMC-06-1,PSO15,PSO,SNG,TRUE
TTAGTCTTCCAATGCA,PBMC-06-1,PSA03,PSA,SNG,TRUE
TTAGTCTTCGGCACTG,PBMC-06-1,PSA05,PSA,SNG,TRUE
TTAGTCTTCTAGACCA,PBMC-06-1,PSA13,PSA,SNG,TRUE
TTAGTCTTCTGAATGC,PBMC-06-1,PSO11,PSO,DBL,FALSE
TTATTGCAGCTGACTT,PBMC-06-1,PSA03,PSA,SNG,TRUE
TTATTGCAGGATATAC,PBMC-06-1,PSA05,PSA,SNG,TRUE
TTATTGCAGTAAACAC,PBMC-06-1,PSA17,PSA,SNG,TRUE
TTATTGCAGTTGAATG,PBMC-06-1,PSA02,PSA,SNG,TRUE
TTATTGCCACGCTGAC,PBMC-06-1,PSX04,PSX,SNG,TRUE
TTATTGCCACTTACAG,PBMC-06-1,PSA13,PSA,DBL,FALSE
TTATTGCCAGAGATGC,PBMC-06-1,PSA02,PSA,DBL,FALSE
TTATTGCCATACAGGG,PBMC-06-1,PSA14,PSA,SNG,TRUE
TTATTGCCATCACAGT,PBMC-06-1,PSO13,PSO,SNG,TRUE
TTATTGCGTAAGGTCG,PBMC-06-1,PSA02,PSA,SNG,TRUE
TTATTGCGTAGTATAG,PBMC-06-1,PSA17,PSA,SNG,TRUE
TTATTGCGTAGTCTTG,PBMC-06-1,PSA07,PSA,SNG,FALSE
TTATTGCGTCGCGTCA,PBMC-06-1,PSA02,PSA,SNG,TRUE
TTATTGCGTGTTCAGT,PBMC-06-1,PSA05,PSA,SNG,TRUE
TTATTGCTCACCCTCA,PBMC-06-1,PSO14,PSO,SNG,TRUE
TTATTGCTCAGACTGT,PBMC-06-1,PSO14,PSO,SNG,FALSE
TTATTGCTCCACGTAA,PBMC-06-1,PSO15,PSO,SNG,TRUE
TTATTGCTCCTACAAG,PBMC-06-1,PSO11,PSO,SNG,FALSE
TTATTGCTCGCATGAT,PBMC-06-1,PSO15,PSO,SNG,TRUE
TTCAATCAGAGCAGAA,PBMC-06-1,PSA02,PSA,AMB,FALSE
TTCAATCAGGCTGTAG,PBMC-06-1,PSX04,PSX,SNG,TRUE
TTCAATCCAAGAAACT,PBMC-06-1,PSA07,PSA,SNG,TRUE
TTCAATCCAAGCAGGT,PBMC-06-1,PSO12,PSO,SNG,TRUE
TTCAATCCACCTGCGA,PBMC-06-1,PSO14,PSO,SNG,TRUE
TTCAATCCAGATCACT,PBMC-06-1,PSA02,PSA,SNG,TRUE
TTCAATCCATTAGGAA,PBMC-06-1,PSO13,PSO,DBL,FALSE
TTCAATCGTAATGCGG,PBMC-06-1,PSX04,PSX,SNG,TRUE
TTCAATCGTGTATTCG,PBMC-06-1,PSA05,PSA,SNG,FALSE
TTCAATCGTGTTATCG,PBMC-06-1,PSO15,PSO,SNG,TRUE
TTCAATCTCATGAGGG,PBMC-06-1,PSA03,PSA,SNG,FALSE
TTCAATCTCTACCCAC,PBMC-06-1,PSX01,PSX,SNG,TRUE
TTCACCGAGATGACCG,PBMC-06-1,PSO12,PSO,SNG,FALSE
TTCACCGAGCTCCATA,PBMC-06-1,PSA16,PSA,SNG,FALSE
TTCACCGAGGCCTAGA,PBMC-06-1,PSX01,PSX,SNG,TRUE
TTCACCGAGTAACGAT,PBMC-06-1,PSO12,PSO,DBL,FALSE
TTCACCGAGTATTAGG,PBMC-06-1,PSO12,PSO,SNG,FALSE
TTCACCGCAAGTGTCT,PBMC-06-1,PSA06,PSA,DBL,FALSE
TTCACCGCACTCCGGA,PBMC-06-1,PSA07,PSA,DBL,FALSE
TTCACCGCACTGCGTG,PBMC-06-1,PSA03,PSA,SNG,FALSE
TTCACCGCAGACCTAT,PBMC-06-1,PSA12,PSA,SNG,FALSE
TTCACCGGTTCCGCTT,PBMC-06-1,PSA02,PSA,SNG,TRUE
TTCACCGGTTTAGACC,PBMC-06-1,PSX04,PSX,SNG,TRUE
TTCACCGTCAAGCTTG,PBMC-06-1,PSO14,PSO,SNG,TRUE
TTCACCGTCGATGCTA,PBMC-06-1,PSA17,PSA,SNG,TRUE
TTCACCGTCGGTCTGG,PBMC-06-1,PSO15,PSO,SNG,TRUE
TTCACCGTCGTTCCTG,PBMC-06-1,PSO13,PSO,SNG,TRUE
TTCACCGTCTCAGAAC,PBMC-06-1,PSA06,PSA,SNG,TRUE
TTCACCGTCTGCCTCA,PBMC-06-1,PSX04,PSX,SNG,TRUE
TTCACGCCAAACACCT,PBMC-06-1,PSX01,PSX,SNG,TRUE
TTCACGCCAATGCAGG,PBMC-06-1,PSA16,PSA,SNG,TRUE
TTCACGCCACAGAAGC,PBMC-06-1,PSO12,PSO,SNG,TRUE
TTCACGCCACAGCTTA,PBMC-06-1,PSA02,PSA,SNG,TRUE
TTCACGCCACATTCGA,PBMC-06-1,PSA16,PSA,SNG,TRUE
TTCACGCCAGAGATTA,PBMC-06-1,PSX01,PSX,SNG,FALSE
TTCACGCCAGAGGACT,PBMC-06-1,PSO13,PSO,SNG,TRUE
TTCACGCCAGCAGTCC,PBMC-06-1,PSX04,PSX,SNG,TRUE
TTCACGCCATCGGTTA,PBMC-06-1,PSA16,PSA,SNG,TRUE
TTCACGCCATGAGATA,PBMC-06-1,PSX01,PSX,SNG,TRUE
TTCACGCGTATAATGG,PBMC-06-1,PSX01,PSX,SNG,FALSE
TTCACGCGTATTGACC,PBMC-06-1,PSA07,PSA,SNG,FALSE
TTCACGCGTGGTCTTA,PBMC-06-1,PSO14,PSO,AMB,FALSE
TTCACGCGTGTGTGGA,PBMC-06-1,PSA07,PSA,SNG,TRUE
TTCACGCGTTAAAGTG,PBMC-06-1,PSO15,PSO,DBL,FALSE
TTCACGCGTTAGTCGT,PBMC-06-1,PSA04,PSA,SNG,TRUE
TTCACGCGTTATCTGG,PBMC-06-1,PSA02,PSA,SNG,TRUE
TTCACGCGTTCTTAGG,PBMC-06-1,PSO14,PSO,SNG,FALSE
TTCAGGAAGCTTACGT,PBMC-06-1,PSA06,PSA,DBL,FALSE
TTCAGGAAGGTACAGC,PBMC-06-1,PSX01,PSX,SNG,TRUE
TTCAGGAAGTGCGCTC,PBMC-06-1,PSA02,PSA,SNG,TRUE
TTCAGGAAGTGGAAGA,PBMC-06-1,PSA02,PSA,SNG,FALSE
TTCAGGAAGTTGGAGC,PBMC-06-1,PSA02,PSA,SNG,TRUE
TTCAGGACAAATGGAT,PBMC-06-1,PSA12,PSA,SNG,FALSE
TTCAGGACAACGTTAC,PBMC-06-1,PSA04,PSA,SNG,TRUE
TTCAGGACACGCTATA,PBMC-06-1,PSA16,PSA,SNG,TRUE
TTCAGGACACTTTAGG,PBMC-06-1,PSA14,PSA,SNG,FALSE
TTCAGGACAGAGAAAG,PBMC-06-1,PSO15,PSO,SNG,TRUE
TTCAGGACATCGTGCG,PBMC-06-1,PSX04,PSX,SNG,TRUE
TTCAGGACATCTGCGG,PBMC-06-1,PSA14,PSA,SNG,TRUE
TTCAGGAGTAGTGCGA,PBMC-06-1,PSA03,PSA,SNG,TRUE
TTCAGGAGTATCGGTT,PBMC-06-1,PSA13,PSA,SNG,TRUE
TTCAGGAGTCCAGTTA,PBMC-06-1,PSX04,PSX,SNG,TRUE
TTCAGGAGTCTACGTA,PBMC-06-1,PSA14,PSA,DBL,FALSE
TTCAGGAGTTGACTAC,PBMC-06-1,PSA03,PSA,SNG,TRUE
TTCAGGATCAACACGT,PBMC-06-1,PSA04,PSA,SNG,TRUE
TTCAGGATCGAGATAA,PBMC-06-1,PSX04,PSX,SNG,TRUE
TTCAGGATCGGACCAC,PBMC-06-1,PSA07,PSA,SNG,TRUE
TTCAGGATCTATTTCG,PBMC-06-1,PSO15,PSO,SNG,TRUE
TTCAGGATCTCTATAC,PBMC-06-1,PSA17,PSA,SNG,TRUE
TTCATGTAGATCCCGC,PBMC-06-1,PSA14,PSA,SNG,TRUE
TTCATGTAGCCTGAGA,PBMC-06-1,PSA07,PSA,SNG,TRUE
TTCATGTAGGAGTACC,PBMC-06-1,PSO15,PSO,SNG,FALSE
TTCATGTAGGCACTAG,PBMC-06-1,PSA13,PSA,SNG,TRUE
TTCATGTAGTGATGGC,PBMC-06-1,PSX01,PSX,SNG,TRUE
TTCATGTCAACCTATG,PBMC-06-1,PSA02,PSA,SNG,FALSE
TTCATGTCAAGTCATC,PBMC-06-1,PSA02,PSA,DBL,FALSE
TTCATGTCAATTGCGT,PBMC-06-1,PSO12,PSO,DBL,FALSE
TTCATGTCACCGTGCA,PBMC-06-1,PSO15,PSO,SNG,TRUE
TTCATGTCACGCAGTC,PBMC-06-1,PSX01,PSX,SNG,TRUE
TTCATGTCAGACCATT,PBMC-06-1,PSX04,PSX,DBL,FALSE
TTCATGTCAGGCGTTC,PBMC-06-1,PSX01,PSX,AMB,FALSE
TTCATGTCATGAGTAA,PBMC-06-1,PSA07,PSA,SNG,TRUE
TTCATGTGTACAATAG,PBMC-06-1,PSA15,PSA,SNG,TRUE
TTCATGTGTACGAAAT,PBMC-06-1,PSA07,PSA,DBL,FALSE
TTCATGTGTCCTGGGT,PBMC-06-1,PSA17,PSA,SNG,TRUE
TTCATGTGTCGACTGC,PBMC-06-1,PSA05,PSA,DBL,FALSE
TTCATGTTCCTGGCTT,PBMC-06-1,PSO15,PSO,SNG,TRUE
TTCATGTTCGAGTGGA,PBMC-06-1,PSA02,PSA,SNG,TRUE
TTCATGTTCGGTTCAA,PBMC-06-1,PSA16,PSA,SNG,TRUE
TTCATGTTCTTTCCAA,PBMC-06-1,PSA02,PSA,SNG,TRUE
TTCATTGAGAGCCATG,PBMC-06-1,PSA07,PSA,DBL,FALSE
TTCATTGAGCAGTACG,PBMC-06-1,PSO15,PSO,SNG,TRUE
TTCATTGAGTAGTGCG,PBMC-06-1,PSA17,PSA,SNG,TRUE
TTCATTGAGTATGGAT,PBMC-06-1,PSO15,PSO,SNG,TRUE
TTCATTGAGTGTTCAC,PBMC-06-1,PSA06,PSA,SNG,FALSE
TTCATTGAGTGTTGTC,PBMC-06-1,PSO15,PSO,SNG,TRUE
TTCATTGAGTTGTCGT,PBMC-06-1,PSA16,PSA,AMB,FALSE
TTCATTGCAATCTCTT,PBMC-06-1,PSO15,PSO,SNG,TRUE
TTCATTGCAATGGGTG,PBMC-06-1,PSA14,PSA,SNG,TRUE
TTCATTGCACATATCG,PBMC-06-1,PSA15,PSA,SNG,TRUE
TTCATTGCACCTCAGG,PBMC-06-1,PSA05,PSA,SNG,TRUE
TTCATTGCAGAGCCCT,PBMC-06-1,PSA12,PSA,SNG,FALSE
TTCATTGCATCGAACT,PBMC-06-1,PSA05,PSA,SNG,FALSE
TTCATTGCATGGGTCC,PBMC-06-1,PSO15,PSO,SNG,TRUE
TTCATTGCATTCACCC,PBMC-06-1,PSA06,PSA,SNG,TRUE
TTCATTGTCAGTGTCA,PBMC-06-1,PSA16,PSA,SNG,TRUE
TTCATTGTCTGTGCAA,PBMC-06-1,PSA17,PSA,SNG,TRUE
TTCCAATAGACAACAT,PBMC-06-1,PSA02,PSA,SNG,TRUE
TTCCAATAGCGCTGAA,PBMC-06-1,PSA03,PSA,SNG,TRUE
TTCCAATAGGCTCCCA,PBMC-06-1,PSA12,PSA,SNG,TRUE
TTCCAATCAAACTAGA,PBMC-06-1,PSA04,PSA,SNG,TRUE
TTCCAATCACGACGTC,PBMC-06-1,PSA14,PSA,DBL,FALSE
TTCCAATCACTAGAGG,PBMC-06-1,PSA15,PSA,SNG,TRUE
TTCCAATCAGCGAGTA,PBMC-06-1,PSA15,PSA,SNG,TRUE
TTCCAATCAGCGTTGC,PBMC-06-1,PSA07,PSA,DBL,FALSE
TTCCAATCAGGGTCTC,PBMC-06-1,PSO11,PSO,DBL,FALSE
TTCCAATCATAGCACT,PBMC-06-1,PSO12,PSO,SNG,TRUE
TTCCAATCATTAGGAA,PBMC-06-1,PSA12,PSA,SNG,TRUE
TTCCAATGTCCAGCAC,PBMC-06-1,PSA16,PSA,SNG,TRUE
TTCCAATGTGTTGAGG,PBMC-06-1,PSA07,PSA,SNG,TRUE
TTCCAATGTTAGTCGT,PBMC-06-1,PSA04,PSA,SNG,FALSE
TTCCAATGTTTGCCGG,PBMC-06-1,PSA02,PSA,SNG,TRUE
TTCCAATTCAACGTGT,PBMC-06-1,PSO12,PSO,SNG,FALSE
TTCCAATTCCAACCGG,PBMC-06-1,PSA06,PSA,SNG,TRUE
TTCCAATTCGACCAAT,PBMC-06-1,PSA07,PSA,SNG,TRUE
TTCCAATTCGGTGCAC,PBMC-06-1,PSX01,PSX,DBL,FALSE
TTCCAATTCGTAACTG,PBMC-06-1,PSO14,PSO,DBL,FALSE
TTCCAATTCGTCAACA,PBMC-06-1,PSA06,PSA,SNG,TRUE
TTCCACGAGAAGTCCG,PBMC-06-1,PSA13,PSA,AMB,FALSE
TTCCACGAGCATCCTA,PBMC-06-1,PSO15,PSO,SNG,TRUE
TTCCACGAGCTGGCTC,PBMC-06-1,PSA05,PSA,SNG,TRUE
TTCCACGAGGACTTCT,PBMC-06-1,PSA17,PSA,SNG,TRUE
TTCCACGAGGATACAT,PBMC-06-1,PSO12,PSO,SNG,TRUE
TTCCACGAGGTAATCA,PBMC-06-1,PSA12,PSA,DBL,FALSE
TTCCACGCACAGCGCT,PBMC-06-1,PSO15,PSO,SNG,TRUE
TTCCACGCACCAGCCA,PBMC-06-1,PSA07,PSA,DBL,FALSE
TTCCACGCAGGCTTGC,PBMC-06-1,PSA12,PSA,SNG,TRUE
TTCCACGCAGTAACGG,PBMC-06-1,PSO14,PSO,SNG,FALSE
TTCCACGCATAAGATG,PBMC-06-1,PSA07,PSA,SNG,TRUE
TTCCACGCATAGCTGT,PBMC-06-1,PSO12,PSO,SNG,TRUE
TTCCACGGTAAGGCCA,PBMC-06-1,PSA05,PSA,SNG,TRUE
TTCCACGGTACGTGAG,PBMC-06-1,PSA03,PSA,DBL,FALSE
TTCCACGGTCCATAGT,PBMC-06-1,PSO16,PSO,SNG,TRUE
TTCCACGGTGAACTAA,PBMC-06-1,PSA06,PSA,DBL,FALSE
TTCCACGGTGGGTTGA,PBMC-06-1,PSA03,PSA,SNG,FALSE
TTCCACGGTTGGGATG,PBMC-06-1,PSA03,PSA,SNG,TRUE
TTCCACGTCAGGAAGC,PBMC-06-1,PSA15,PSA,SNG,TRUE
TTCCACGTCCTAACAG,PBMC-06-1,PSA03,PSA,SNG,TRUE
TTCCACGTCCTCGCAT,PBMC-06-1,PSO12,PSO,DBL,FALSE
TTCCACGTCGCCAGTG,PBMC-06-1,PSA12,PSA,SNG,TRUE
TTCCACGTCGCCTCTA,PBMC-06-1,PSA06,PSA,SNG,TRUE
TTCCACGTCGCTGTTC,PBMC-06-1,PSA16,PSA,DBL,FALSE
TTCCACGTCTCGTGAA,PBMC-06-1,PSX01,PSX,SNG,FALSE
TTCCACGTCTGGGCAC,PBMC-06-1,PSA13,PSA,SNG,TRUE
TTCCGGTAGATCGACG,PBMC-06-1,PSA04,PSA,SNG,TRUE
TTCCGGTAGCTCTTCC,PBMC-06-1,PSA16,PSA,SNG,TRUE
TTCCGGTAGGGCAATC,PBMC-06-1,PSX01,PSX,SNG,TRUE
TTCCGGTAGTCATGGG,PBMC-06-1,PSA07,PSA,SNG,TRUE
TTCCGGTAGTCTACCA,PBMC-06-1,PSA15,PSA,SNG,TRUE
TTCCGGTCAACACAAA,PBMC-06-1,PSX01,PSX,SNG,TRUE
TTCCGGTCAAGAATAC,PBMC-06-1,PSO14,PSO,SNG,TRUE
TTCCGGTCAAGATTGA,PBMC-06-1,PSA13,PSA,DBL,FALSE
TTCCGGTCACTGGCGT,PBMC-06-1,PSA04,PSA,SNG,TRUE
TTCCGGTCAGAGGCTA,PBMC-06-1,PSO15,PSO,SNG,FALSE
TTCCGGTCAGTAACGG,PBMC-06-1,PSA06,PSA,SNG,TRUE
TTCCGGTCAGTGACCC,PBMC-06-1,PSA02,PSA,SNG,TRUE
TTCCGGTGTGAGCGAT,PBMC-06-1,PSA02,PSA,SNG,TRUE
TTCCGGTTCACTTGGA,PBMC-06-1,PSA07,PSA,SNG,FALSE
TTCCGGTTCGCACGGT,PBMC-06-1,PSA15,PSA,AMB,FALSE
TTCCGGTTCGGTAAGG,PBMC-06-1,PSA03,PSA,SNG,FALSE
TTCCGGTTCGTGGAAG,PBMC-06-1,PSA17,PSA,DBL,FALSE
TTCCGTGAGCGGTAGT,PBMC-06-1,PSO15,PSO,SNG,FALSE
TTCCGTGAGCTTCGTA,PBMC-06-1,PSA16,PSA,SNG,TRUE
TTCCGTGAGGCGCTCT,PBMC-06-1,PSO14,PSO,DBL,FALSE
TTCCGTGAGTTCCATG,PBMC-06-1,PSA12,PSA,AMB,FALSE
TTCCGTGCAATACCTG,PBMC-06-1,PSA17,PSA,SNG,TRUE
TTCCGTGCAGACCCGT,PBMC-06-1,PSA14,PSA,SNG,TRUE
TTCCGTGCAGGGTCTC,PBMC-06-1,PSA06,PSA,DBL,FALSE
TTCCGTGCATGGTGGA,PBMC-06-1,PSA07,PSA,SNG,FALSE
TTCCGTGCATTGGATC,PBMC-06-1,PSO16,PSO,SNG,TRUE
TTCCGTGGTCCCTCAT,PBMC-06-1,PSO15,PSO,DBL,FALSE
TTCCGTGGTCCTCATC,PBMC-06-1,PSA04,PSA,SNG,FALSE
TTCCGTGGTCGTTGCG,PBMC-06-1,PSX04,PSX,SNG,TRUE
TTCCGTGGTGCGGTAA,PBMC-06-1,PSA06,PSA,DBL,FALSE
TTCCGTGGTGTGTACT,PBMC-06-1,PSA02,PSA,DBL,FALSE
TTCCGTGGTGTGTGGA,PBMC-06-1,PSO15,PSO,DBL,FALSE
TTCCGTGGTTAGCGGA,PBMC-06-1,PSO11,PSO,SNG,FALSE
TTCCGTGGTTGCATAC,PBMC-06-1,PSO15,PSO,SNG,TRUE
TTCCGTGTCACAAGGG,PBMC-06-1,PSX04,PSX,SNG,FALSE
TTCCGTGTCAGTGTGT,PBMC-06-1,PSA12,PSA,SNG,TRUE
TTCCGTGTCTTGGATG,PBMC-06-1,PSA06,PSA,SNG,TRUE
TTCCTAAAGACGCATG,PBMC-06-1,PSX01,PSX,DBL,FALSE
TTCCTAAAGCGCACAA,PBMC-06-1,PSA14,PSA,SNG,FALSE
TTCCTAAAGTGCTCAT,PBMC-06-1,PSO15,PSO,SNG,TRUE
TTCCTAACAAATGATG,PBMC-06-1,PSX01,PSX,SNG,FALSE
TTCCTAACACACCAGC,PBMC-06-1,PSA13,PSA,SNG,TRUE
TTCCTAACACCGTACG,PBMC-06-1,PSO15,PSO,DBL,FALSE
TTCCTAACACTTGGCG,PBMC-06-1,PSA16,PSA,SNG,TRUE
TTCCTAACATAGAATG,PBMC-06-1,PSA12,PSA,SNG,TRUE
TTCCTAAGTAGATTAG,PBMC-06-1,PSA02,PSA,SNG,TRUE
TTCCTAAGTAGTCACT,PBMC-06-1,PSA17,PSA,SNG,TRUE
TTCCTAAGTGTAAATG,PBMC-06-1,PSX01,PSX,SNG,TRUE
TTCCTAAGTGTCTAAC,PBMC-06-1,PSA15,PSA,SNG,FALSE
TTCCTAATCAATCTCT,PBMC-06-1,PSO14,PSO,SNG,TRUE
TTCCTAATCCAAATGC,PBMC-06-1,PSA15,PSA,DBL,FALSE
TTCCTAATCCATCCGT,PBMC-06-1,PSX01,PSX,SNG,TRUE
TTCCTAATCCCACAGG,PBMC-06-1,PSA15,PSA,SNG,FALSE
TTCCTAATCTAGACAC,PBMC-06-1,PSA07,PSA,SNG,TRUE
TTCCTAATCTTTACAC,PBMC-06-1,PSA16,PSA,SNG,TRUE
TTCCTCTAGAGAGCAA,PBMC-06-1,PSA14,PSA,SNG,TRUE
TTCCTCTAGCTGACTT,PBMC-06-1,PSO11,PSO,SNG,FALSE
TTCCTCTAGGAACATT,PBMC-06-1,PSO12,PSO,DBL,FALSE
TTCCTCTAGGTACATA,PBMC-06-1,PSA15,PSA,SNG,TRUE
TTCCTCTCAATTTCTC,PBMC-06-1,PSA07,PSA,SNG,TRUE
TTCCTCTCACTGAGGA,PBMC-06-1,PSA07,PSA,SNG,TRUE
TTCCTCTCACTGAGTT,PBMC-06-1,PSA12,PSA,DBL,FALSE
TTCCTCTCACTTCAGA,PBMC-06-1,PSA17,PSA,SNG,TRUE
TTCCTCTCAGGTCAGA,PBMC-06-1,PSA02,PSA,DBL,FALSE
TTCCTCTCATTGAGCT,PBMC-06-1,PSO15,PSO,SNG,TRUE
TTCCTCTGTAGAGTTA,PBMC-06-1,PSX04,PSX,SNG,TRUE
TTCCTCTTCAAACGTC,PBMC-06-1,PSA02,PSA,DBL,FALSE
TTCCTCTTCAGTGATC,PBMC-06-1,PSO15,PSO,SNG,TRUE
TTCCTCTTCCATTCAT,PBMC-06-1,PSO12,PSO,SNG,TRUE
TTCCTCTTCTAAGCCA,PBMC-06-1,PSA02,PSA,DBL,FALSE
TTCCTCTTCTATTCGT,PBMC-06-1,PSA06,PSA,SNG,TRUE
TTCCTCTTCTCTCTTC,PBMC-06-1,PSO15,PSO,SNG,TRUE
TTCCTCTTCTTCTTCC,PBMC-06-1,PSA17,PSA,SNG,TRUE
TTCCTTCCAAGTTCCA,PBMC-06-1,PSA03,PSA,SNG,TRUE
TTCCTTCCACCCTAAA,PBMC-06-1,PSA15,PSA,SNG,TRUE
TTCCTTCCAGAAGTTA,PBMC-06-1,PSA12,PSA,SNG,TRUE
TTCCTTCCAGAGGAAA,PBMC-06-1,PSA16,PSA,SNG,TRUE
TTCCTTCCAGTAGAAT,PBMC-06-1,PSO15,PSO,DBL,FALSE
TTCCTTCGTACCTTCC,PBMC-06-1,PSA16,PSA,SNG,FALSE
TTCCTTCGTCAGTCGC,PBMC-06-1,PSO15,PSO,AMB,FALSE
TTCCTTCGTCCATACA,PBMC-06-1,PSO15,PSO,DBL,FALSE
TTCCTTCGTCCGGATC,PBMC-06-1,PSO15,PSO,SNG,TRUE
TTCCTTCGTGGATGAC,PBMC-06-1,PSA02,PSA,SNG,FALSE
TTCCTTCGTGGTCCGT,PBMC-06-1,PSX04,PSX,SNG,TRUE
TTCCTTCGTTGCGTAT,PBMC-06-1,PSA14,PSA,SNG,TRUE
TTCGATTAGAATCGTA,PBMC-06-1,PSA13,PSA,SNG,FALSE
TTCGATTAGATGTAGT,PBMC-06-1,PSO12,PSO,SNG,TRUE
TTCGATTAGGCGTCCT,PBMC-06-1,PSA06,PSA,SNG,TRUE
TTCGATTAGTCACTAC,PBMC-06-1,PSO15,PSO,SNG,FALSE
TTCGATTAGTGTAGAT,PBMC-06-1,PSA12,PSA,DBL,FALSE
TTCGATTCAAGAAATC,PBMC-06-1,PSA12,PSA,SNG,FALSE
TTCGATTCACCAGACC,PBMC-06-1,PSA14,PSA,SNG,TRUE
TTCGATTCACCTCTAC,PBMC-06-1,PSX01,PSX,SNG,TRUE
TTCGATTCACGCGCTA,PBMC-06-1,PSX01,PSX,SNG,TRUE
TTCGATTCAGACATCT,PBMC-06-1,PSA15,PSA,SNG,TRUE
TTCGATTCAGCCGGTT,PBMC-06-1,PSX04,PSX,SNG,TRUE
TTCGATTCAGCTGAAG,PBMC-06-1,PSO11,PSO,DBL,FALSE
TTCGATTCAGTCGCTG,PBMC-06-1,PSA17,PSA,SNG,TRUE
TTCGATTCAGTGTGGA,PBMC-06-1,PSA02,PSA,SNG,TRUE
TTCGATTCATAGTCGT,PBMC-06-1,PSA07,PSA,SNG,TRUE
TTCGATTGTATGATCC,PBMC-06-1,PSO16,PSO,SNG,TRUE
TTCGATTGTCCAGAAG,PBMC-06-1,PSA16,PSA,DBL,FALSE
TTCGATTGTCTGTAAC,PBMC-06-1,PSX04,PSX,SNG,TRUE
TTCGATTGTGTTATCG,PBMC-06-1,PSA06,PSA,SNG,TRUE
TTCGATTGTTAACCTG,PBMC-06-1,PSA13,PSA,DBL,FALSE
TTCGATTGTTTGGAAA,PBMC-06-1,PSO12,PSO,DBL,FALSE
TTCGATTTCATACGGT,PBMC-06-1,PSO15,PSO,SNG,FALSE
TTCGATTTCATTTGTC,PBMC-06-1,PSX01,PSX,SNG,TRUE
TTCGATTTCCAGGACC,PBMC-06-1,PSA13,PSA,SNG,FALSE
TTCGATTTCGGTGTAT,PBMC-06-1,PSA07,PSA,SNG,FALSE
TTCGCTGCACACCTGG,PBMC-06-1,PSX01,PSX,SNG,FALSE
TTCGCTGCACGCGCAT,PBMC-06-1,PSA07,PSA,SNG,TRUE
TTCGCTGCACGGTCTG,PBMC-06-1,PSA17,PSA,SNG,FALSE
TTCGCTGCACTTCCTG,PBMC-06-1,PSO12,PSO,DBL,FALSE
TTCGCTGCAGAAGTGC,PBMC-06-1,PSX01,PSX,SNG,TRUE
TTCGCTGCAGCTACCG,PBMC-06-1,PSA07,PSA,SNG,FALSE
TTCGCTGCATAGCTGT,PBMC-06-1,PSX04,PSX,SNG,TRUE
TTCGCTGCATAGGAGC,PBMC-06-1,PSO15,PSO,SNG,TRUE
TTCGCTGCATCCGTTC,PBMC-06-1,PSA03,PSA,SNG,TRUE
TTCGCTGCATGCGTGC,PBMC-06-1,PSO11,PSO,SNG,TRUE
TTCGCTGCATTGACCA,PBMC-06-1,PSA16,PSA,SNG,TRUE
TTCGCTGGTACCGTGC,PBMC-06-1,PSX04,PSX,SNG,TRUE
TTCGCTGGTAGGCAGT,PBMC-06-1,PSA07,PSA,SNG,FALSE
TTCGCTGGTCACTTCC,PBMC-06-1,PSO15,PSO,SNG,TRUE
TTCGCTGGTGCTAGCC,PBMC-06-1,PSO15,PSO,SNG,TRUE
TTCGCTGGTTCGGTAT,PBMC-06-1,PSX01,PSX,SNG,TRUE
TTCGGTCAGACAAGCC,PBMC-06-1,PSX04,PSX,SNG,TRUE
TTCGGTCCACACGCCA,PBMC-06-1,PSO12,PSO,SNG,TRUE
TTCGGTCCACATGGTT,PBMC-06-1,PSA04,PSA,DBL,FALSE
TTCGGTCCACCGGAAA,PBMC-06-1,PSA02,PSA,SNG,TRUE
TTCGGTCCAGCTGTCG,PBMC-06-1,PSA04,PSA,SNG,TRUE
TTCGGTCCAGGCGATA,PBMC-06-1,PSA14,PSA,SNG,TRUE
TTCGGTCGTACTAGCT,PBMC-06-1,PSA03,PSA,SNG,TRUE
TTCGGTCGTCTAACTG,PBMC-06-1,PSA07,PSA,SNG,TRUE
TTCGGTCTCAGCTTCC,PBMC-06-1,PSA02,PSA,DBL,FALSE
TTCGGTCTCATAAGGA,PBMC-06-1,PSO15,PSO,SNG,TRUE
TTCGGTCTCCTTATAC,PBMC-06-1,PSA03,PSA,SNG,FALSE
TTCGGTCTCGGCTTCT,PBMC-06-1,PSA16,PSA,SNG,FALSE
TTCGGTCTCGGCTTGG,PBMC-06-1,PSA14,PSA,SNG,FALSE
TTCGGTCTCGTTCTGC,PBMC-06-1,PSO14,PSO,SNG,FALSE
TTCGGTCTCTAGTACG,PBMC-06-1,PSO13,PSO,SNG,TRUE
TTCGGTCTCTCGGTCT,PBMC-06-1,PSA16,PSA,SNG,FALSE
TTCGGTCTCTGGAAGG,PBMC-06-1,PSO11,PSO,SNG,FALSE
TTCTAACAGAAACTCA,PBMC-06-1,PSX01,PSX,SNG,TRUE
TTCTAACAGACAGTCG,PBMC-06-1,PSA02,PSA,SNG,TRUE
TTCTAACAGATGACAT,PBMC-06-1,PSA07,PSA,SNG,FALSE
TTCTAACAGATTGAGT,PBMC-06-1,PSA12,PSA,SNG,TRUE
TTCTAACAGGACAACC,PBMC-06-1,PSA15,PSA,SNG,FALSE
TTCTAACAGGTGCTTT,PBMC-06-1,PSX01,PSX,SNG,TRUE
TTCTAACCAAAGGCTG,PBMC-06-1,PSA04,PSA,SNG,FALSE
TTCTAACCAACGGCTC,PBMC-06-1,PSA06,PSA,SNG,TRUE
TTCTAACCACGAAAGC,PBMC-06-1,PSA04,PSA,SNG,FALSE
TTCTAACCACGACTAT,PBMC-06-1,PSA02,PSA,SNG,TRUE
TTCTAACCAGACCAGA,PBMC-06-1,PSA02,PSA,SNG,TRUE
TTCTAACCAGGTGTTT,PBMC-06-1,PSX04,PSX,SNG,TRUE
TTCTAACGTACCTAAC,PBMC-06-1,PSO12,PSO,SNG,TRUE
TTCTAACGTAGTTAGA,PBMC-06-1,PSO11,PSO,SNG,TRUE
TTCTAACGTCAACCTA,PBMC-06-1,PSA15,PSA,AMB,FALSE
TTCTAACGTCGGCACT,PBMC-06-1,PSA02,PSA,DBL,FALSE
TTCTAACGTGCTAGCC,PBMC-06-1,PSX01,PSX,SNG,TRUE
TTCTAACGTGGTTTAC,PBMC-06-1,PSA05,PSA,SNG,TRUE
TTCTAACTCATAAGGA,PBMC-06-1,PSO14,PSO,DBL,FALSE
TTCTAACTCATGACAC,PBMC-06-1,PSA17,PSA,SNG,TRUE
TTCTAACTCCTACCAC,PBMC-06-1,PSA02,PSA,SNG,TRUE
TTCTAACTCGCACGAC,PBMC-06-1,PSO14,PSO,SNG,FALSE
TTCTAACTCTTCGCTG,PBMC-06-1,PSO15,PSO,SNG,TRUE
TTCTAGTAGACCCGCT,PBMC-06-1,PSO15,PSO,SNG,TRUE
TTCTAGTAGAGTCTTC,PBMC-06-1,PSO14,PSO,SNG,TRUE
TTCTAGTAGCCATTCA,PBMC-06-1,PSA13,PSA,SNG,TRUE
TTCTAGTAGCCTCCAG,PBMC-06-1,PSA02,PSA,SNG,TRUE
TTCTAGTAGCCTGAGA,PBMC-06-1,PSA14,PSA,SNG,TRUE
TTCTAGTAGGTTCACT,PBMC-06-1,PSA04,PSA,DBL,FALSE
TTCTAGTAGTCGCCAC,PBMC-06-1,PSA12,PSA,SNG,TRUE
TTCTAGTCACACCAGC,PBMC-06-1,PSA05,PSA,SNG,TRUE
TTCTAGTCACTGTCCT,PBMC-06-1,PSA14,PSA,DBL,FALSE
TTCTAGTCAGCGACCT,PBMC-06-1,PSA02,PSA,SNG,TRUE
TTCTAGTGTAACGCGA,PBMC-06-1,PSA12,PSA,SNG,TRUE
TTCTAGTGTAAGGCTG,PBMC-06-1,PSX04,PSX,SNG,TRUE
TTCTAGTGTCCTGGTG,PBMC-06-1,PSO15,PSO,SNG,TRUE
TTCTAGTGTCGAGATG,PBMC-06-1,PSA13,PSA,SNG,TRUE
TTCTAGTGTGCCCAGT,PBMC-06-1,PSA16,PSA,SNG,TRUE
TTCTAGTTCCCGTTGT,PBMC-06-1,PSO11,PSO,AMB,FALSE
TTCTAGTTCTATCGTT,PBMC-06-1,PSA07,PSA,SNG,TRUE
TTCTCTCAGCAAGGAA,PBMC-06-1,PSO15,PSO,SNG,FALSE
TTCTCTCAGGAGAATG,PBMC-06-1,PSO15,PSO,AMB,FALSE
TTCTCTCAGGATGCGT,PBMC-06-1,PSA16,PSA,SNG,TRUE
TTCTCTCAGTCACAGG,PBMC-06-1,PSO14,PSO,SNG,TRUE
TTCTCTCAGTCACTCA,PBMC-06-1,PSA14,PSA,DBL,FALSE
TTCTCTCCAACAAAGT,PBMC-06-1,PSO11,PSO,SNG,TRUE
TTCTCTCCAAGTGCTT,PBMC-06-1,PSA15,PSA,SNG,TRUE
TTCTCTCCACACCAGC,PBMC-06-1,PSO15,PSO,DBL,FALSE
TTCTCTCCACATAACC,PBMC-06-1,PSO15,PSO,SNG,TRUE
TTCTCTCCACCACTGG,PBMC-06-1,PSA14,PSA,SNG,FALSE
TTCTCTCGTAGGCAAC,PBMC-06-1,PSA13,PSA,AMB,FALSE
TTCTCTCGTCCTGTCT,PBMC-06-1,PSA02,PSA,SNG,TRUE
TTCTCTCGTCTTACAG,PBMC-06-1,PSA13,PSA,SNG,FALSE
TTCTCTCGTTAGAAGT,PBMC-06-1,PSA15,PSA,SNG,TRUE
TTCTCTCGTTATGTGC,PBMC-06-1,PSA07,PSA,SNG,TRUE
TTCTCTCGTTGGTAGG,PBMC-06-1,PSA17,PSA,SNG,TRUE
TTCTCTCTCCACGTAA,PBMC-06-1,PSO15,PSO,SNG,TRUE
TTCTGTAAGACGCAGT,PBMC-06-1,PSA04,PSA,SNG,TRUE
TTCTGTAAGAGGGCGA,PBMC-06-1,PSA17,PSA,SNG,FALSE
TTCTGTAAGATGGCAC,PBMC-06-1,PSA06,PSA,DBL,FALSE
TTCTGTAAGCGGCTCT,PBMC-06-1,PSA04,PSA,AMB,FALSE
TTCTGTAAGGAAGTAG,PBMC-06-1,PSA13,PSA,SNG,TRUE
TTCTGTACACAGTGTT,PBMC-06-1,PSO11,PSO,SNG,TRUE
TTCTGTACAGCCTTCT,PBMC-06-1,PSA02,PSA,SNG,TRUE
TTCTGTACAGGCACAA,PBMC-06-1,PSO12,PSO,SNG,TRUE
TTCTGTACAGGTGAGT,PBMC-06-1,PSO11,PSO,SNG,TRUE
TTCTGTACATCATCCC,PBMC-06-1,PSA02,PSA,DBL,FALSE
TTCTGTACATGACGGA,PBMC-06-1,PSO15,PSO,SNG,TRUE
TTCTGTACATTGAGGG,PBMC-06-1,PSX01,PSX,SNG,TRUE
TTCTGTAGTAGACGGT,PBMC-06-1,PSA17,PSA,SNG,TRUE
TTCTGTAGTATACGGG,PBMC-06-1,PSX04,PSX,SNG,TRUE
TTCTGTAGTCAATGGG,PBMC-06-1,PSX04,PSX,SNG,TRUE
TTCTGTAGTCCCTAAA,PBMC-06-1,PSO14,PSO,SNG,FALSE
TTCTGTAGTCGTGCCA,PBMC-06-1,PSA07,PSA,SNG,TRUE
TTCTGTAGTTTCCATT,PBMC-06-1,PSA07,PSA,SNG,TRUE
TTCTGTATCACTCTTA,PBMC-06-1,PSO15,PSO,SNG,TRUE
TTCTGTATCGAGTCCG,PBMC-06-1,PSO15,PSO,SNG,FALSE
TTCTTCCAGACAGCTG,PBMC-06-1,PSA02,PSA,SNG,TRUE
TTCTTCCAGATAACGT,PBMC-06-1,PSO16,PSO,SNG,TRUE
TTCTTCCAGCAAGGAA,PBMC-06-1,PSA03,PSA,SNG,TRUE
TTCTTCCAGCCAGAGT,PBMC-06-1,PSX01,PSX,AMB,FALSE
TTCTTCCAGCCGTAAG,PBMC-06-1,PSO15,PSO,SNG,TRUE
TTCTTCCAGGTAACTA,PBMC-06-1,PSA15,PSA,SNG,TRUE
TTCTTCCCAAGCTGTT,PBMC-06-1,PSA07,PSA,SNG,TRUE
TTCTTCCCAATACAGA,PBMC-06-1,PSO13,PSO,SNG,TRUE
TTCTTCCCAGAGGACT,PBMC-06-1,PSA12,PSA,SNG,TRUE
TTCTTCCCAGAGTGTG,PBMC-06-1,PSA06,PSA,SNG,TRUE
TTCTTCCGTCCGGATC,PBMC-06-1,PSX04,PSX,DBL,FALSE
TTCTTCCGTCGTAATC,PBMC-06-1,PSA04,PSA,SNG,TRUE
TTCTTCCGTGGTCTTA,PBMC-06-1,PSA17,PSA,SNG,FALSE
TTCTTCCGTTCCGTTC,PBMC-06-1,PSO11,PSO,SNG,TRUE
TTCTTCCGTTCCTACC,PBMC-06-1,PSA02,PSA,SNG,TRUE
TTCTTCCTCCACCTGT,PBMC-06-1,PSA15,PSA,SNG,TRUE
TTCTTCCTCGACGTCG,PBMC-06-1,PSA06,PSA,DBL,FALSE
TTCTTCCTCGGTCACG,PBMC-06-1,PSO15,PSO,SNG,FALSE
TTCTTCCTCTAGGAAA,PBMC-06-1,PSO14,PSO,SNG,TRUE
TTCTTCCTCTCGTGAA,PBMC-06-1,PSA13,PSA,DBL,FALSE
TTCTTGAAGAATTGTG,PBMC-06-1,PSA02,PSA,SNG,FALSE
TTCTTGAAGATGGCAC,PBMC-06-1,PSX01,PSX,DBL,FALSE
TTCTTGAAGGTCATAA,PBMC-06-1,PSO16,PSO,SNG,TRUE
TTCTTGAAGGTGGCTA,PBMC-06-1,PSA12,PSA,SNG,FALSE
TTCTTGAAGTAAACAC,PBMC-06-1,PSA02,PSA,SNG,TRUE
TTCTTGAAGTCCTACA,PBMC-06-1,PSA12,PSA,SNG,TRUE
TTCTTGACAGACCATT,PBMC-06-1,PSA06,PSA,SNG,TRUE
TTCTTGACAGAGAGGG,PBMC-06-1,PSA12,PSA,SNG,TRUE
TTCTTGACAGTTAGAA,PBMC-06-1,PSO16,PSO,SNG,TRUE
TTCTTGACATGTCTAG,PBMC-06-1,PSA05,PSA,SNG,TRUE
TTCTTGAGTACCAATC,PBMC-06-1,PSO16,PSO,SNG,TRUE
TTCTTGAGTGCAGGAT,PBMC-06-1,PSO15,PSO,SNG,FALSE
TTCTTGATCAACGAGG,PBMC-06-1,PSX01,PSX,SNG,TRUE
TTCTTGATCCATTTGT,PBMC-06-1,PSO12,PSO,SNG,TRUE
TTCTTGATCTAAGCCA,PBMC-06-1,PSA04,PSA,SNG,TRUE
TTGAACGAGAACAGGA,PBMC-06-1,PSO15,PSO,SNG,TRUE
TTGAACGAGACAGCGT,PBMC-06-1,PSA15,PSA,DBL,FALSE
TTGAACGAGACCACGA,PBMC-06-1,PSA15,PSA,SNG,TRUE
TTGAACGAGATCGCTT,PBMC-06-1,PSA13,PSA,SNG,TRUE
TTGAACGAGGGTATAT,PBMC-06-1,PSA02,PSA,SNG,TRUE
TTGAACGAGTAATACG,PBMC-06-1,PSX01,PSX,DBL,FALSE
TTGAACGAGTACAACA,PBMC-06-1,PSA07,PSA,DBL,FALSE
TTGAACGAGTCATGGG,PBMC-06-1,PSO12,PSO,SNG,TRUE
TTGAACGCAAAGCTAA,PBMC-06-1,PSA12,PSA,SNG,TRUE
TTGAACGCACAAAGTA,PBMC-06-1,PSO15,PSO,SNG,TRUE
TTGAACGCACGTTGGC,PBMC-06-1,PSA16,PSA,SNG,TRUE
TTGAACGCAGCTGGTC,PBMC-06-1,PSA02,PSA,SNG,TRUE
TTGAACGCATTGGATC,PBMC-06-1,PSA04,PSA,SNG,TRUE
TTGAACGGTACTCGTA,PBMC-06-1,PSA15,PSA,DBL,FALSE
TTGAACGGTAGTACGG,PBMC-06-1,PSO13,PSO,SNG,TRUE
TTGAACGGTCCTGTCT,PBMC-06-1,PSA02,PSA,DBL,FALSE
TTGAACGGTGCATTAC,PBMC-06-1,PSA02,PSA,SNG,TRUE
TTGAACGGTGGCGCTT,PBMC-06-1,PSO12,PSO,DBL,FALSE
TTGAACGGTTCAAGGG,PBMC-06-1,PSX04,PSX,SNG,FALSE
TTGAACGTCCGCACTT,PBMC-06-1,PSA17,PSA,SNG,TRUE
TTGAACGTCGAACACT,PBMC-06-1,PSA15,PSA,SNG,TRUE
TTGACCCAGAAGGCTC,PBMC-06-1,PSA07,PSA,SNG,FALSE
TTGACCCAGCTGAAGC,PBMC-06-1,PSA06,PSA,DBL,FALSE
TTGACCCAGGCATCTT,PBMC-06-1,PSO15,PSO,SNG,TRUE
TTGACCCAGGGTGAAA,PBMC-06-1,PSA12,PSA,SNG,TRUE
TTGACCCCAATGCAAA,PBMC-06-1,PSX01,PSX,SNG,TRUE
TTGACCCCACCGCTGA,PBMC-06-1,PSA02,PSA,SNG,TRUE
TTGACCCCACGCACCA,PBMC-06-1,PSO14,PSO,SNG,TRUE
TTGACCCCACTAGGCC,PBMC-06-1,PSA06,PSA,SNG,TRUE
TTGACCCCAGGACGAT,PBMC-06-1,PSA16,PSA,SNG,FALSE
TTGACCCCATTGACTG,PBMC-06-1,PSA06,PSA,SNG,TRUE
TTGACCCGTGAGAACC,PBMC-06-1,PSA02,PSA,SNG,TRUE
TTGACCCGTTCCGCGA,PBMC-06-1,PSO16,PSO,SNG,TRUE
TTGACCCTCCGAACGC,PBMC-06-1,PSA07,PSA,DBL,FALSE
TTGACCCTCCGACGGT,PBMC-06-1,PSA02,PSA,DBL,FALSE
TTGAGTGAGCAGGTCA,PBMC-06-1,PSX04,PSX,SNG,TRUE
TTGAGTGAGCCGCTTG,PBMC-06-1,PSO12,PSO,SNG,TRUE
TTGAGTGAGCCTCGTG,PBMC-06-1,PSA16,PSA,SNG,TRUE
TTGAGTGAGGTCGAGT,PBMC-06-1,PSA17,PSA,SNG,TRUE
TTGAGTGAGGTTGCCC,PBMC-06-1,PSA02,PSA,SNG,TRUE
TTGAGTGAGTAACCGG,PBMC-06-1,PSA02,PSA,SNG,TRUE
TTGAGTGAGTTCAACC,PBMC-06-1,PSX04,PSX,SNG,TRUE
TTGAGTGCAAAGAACT,PBMC-06-1,PSA13,PSA,SNG,TRUE
TTGAGTGCAAAGAGTT,PBMC-06-1,PSA04,PSA,SNG,TRUE
TTGAGTGCAGCCTACG,PBMC-06-1,PSA03,PSA,SNG,FALSE
TTGAGTGCAGCGTTTA,PBMC-06-1,PSA03,PSA,SNG,FALSE
TTGAGTGCAGGTATGG,PBMC-06-1,PSA12,PSA,SNG,TRUE
TTGAGTGCATCGTGGC,PBMC-06-1,PSO15,PSO,SNG,TRUE
TTGAGTGGTAGAATGT,PBMC-06-1,PSA06,PSA,SNG,TRUE
TTGAGTGGTATGGTAA,PBMC-06-1,PSX01,PSX,SNG,TRUE
TTGAGTGGTCCCACGA,PBMC-06-1,PSA15,PSA,SNG,FALSE
TTGAGTGGTGACTAAA,PBMC-06-1,PSA15,PSA,SNG,TRUE
TTGAGTGGTGATTGGG,PBMC-06-1,PSA02,PSA,SNG,TRUE
TTGAGTGGTGGTCTTA,PBMC-06-1,PSA04,PSA,DBL,FALSE
TTGAGTGGTGTGAATA,PBMC-06-1,PSO12,PSO,DBL,FALSE
TTGAGTGTCACCCTCA,PBMC-06-1,PSO15,PSO,SNG,FALSE
TTGAGTGTCTGTCTCG,PBMC-06-1,PSA16,PSA,SNG,TRUE
TTGATGGAGCACAAAT,PBMC-06-1,PSO11,PSO,DBL,FALSE
TTGATGGAGCAGGTCA,PBMC-06-1,PSA02,PSA,DBL,FALSE
TTGATGGAGCCTCTCT,PBMC-06-1,PSX01,PSX,SNG,TRUE
TTGATGGAGCGGATCA,PBMC-06-1,PSO15,PSO,SNG,FALSE
TTGATGGAGCTGGTGA,PBMC-06-1,PSA07,PSA,DBL,FALSE
TTGATGGAGGCTCTAT,PBMC-06-1,PSA17,PSA,SNG,TRUE
TTGATGGAGGGTCACA,PBMC-06-1,PSO11,PSO,SNG,TRUE
TTGATGGAGTATAACG,PBMC-06-1,PSA02,PSA,SNG,TRUE
TTGATGGAGTCTAGCT,PBMC-06-1,PSA02,PSA,DBL,FALSE
TTGATGGAGTGCGCTC,PBMC-06-1,PSO11,PSO,DBL,FALSE
TTGATGGAGTGGACGT,PBMC-06-1,PSA04,PSA,SNG,TRUE
TTGATGGCAAGCAATA,PBMC-06-1,PSO15,PSO,DBL,FALSE
TTGATGGCAATCAGCT,PBMC-06-1,PSO12,PSO,DBL,FALSE
TTGATGGCACCCTATC,PBMC-06-1,PSA14,PSA,SNG,TRUE
TTGATGGCAGAATGTA,PBMC-06-1,PSA07,PSA,SNG,TRUE
TTGATGGCAGCGTGAA,PBMC-06-1,PSX01,PSX,SNG,FALSE
TTGATGGCAGCTTCCT,PBMC-06-1,PSX04,PSX,SNG,TRUE
TTGATGGGTAAGCAAT,PBMC-06-1,PSA12,PSA,SNG,TRUE
TTGATGGGTAGCGAGT,PBMC-06-1,PSA02,PSA,SNG,TRUE
TTGATGGGTCCGACGT,PBMC-06-1,PSX04,PSX,SNG,TRUE
TTGATGGGTGTGTTTG,PBMC-06-1,PSA04,PSA,SNG,TRUE
TTGATGGGTTAACCTG,PBMC-06-1,PSA13,PSA,AMB,FALSE
TTGATGGGTTAGGGTG,PBMC-06-1,PSA17,PSA,SNG,TRUE
TTGATGGTCAGAACCT,PBMC-06-1,PSA16,PSA,SNG,TRUE
TTGATGGTCAGGAGAC,PBMC-06-1,PSO12,PSO,SNG,TRUE
TTGATGGTCGACGTCG,PBMC-06-1,PSA05,PSA,SNG,TRUE
TTGATGGTCGCTGCGA,PBMC-06-1,PSO15,PSO,SNG,FALSE
TTGATGGTCTAGGAAA,PBMC-06-1,PSX01,PSX,DBL,FALSE
TTGATGGTCTCGTTTA,PBMC-06-1,PSA02,PSA,DBL,FALSE
TTGATGGTCTGGGCAC,PBMC-06-1,PSO15,PSO,DBL,FALSE
TTGCATTAGAGCAGAA,PBMC-06-1,PSA16,PSA,DBL,FALSE
TTGCATTAGGAGAGGC,PBMC-06-1,PSA15,PSA,SNG,TRUE
TTGCATTAGTACGAGC,PBMC-06-1,PSO14,PSO,SNG,TRUE
TTGCATTAGTATGGCG,PBMC-06-1,PSO15,PSO,SNG,FALSE
TTGCATTCAAGACCGA,PBMC-06-1,PSX01,PSX,SNG,TRUE
TTGCATTCATAGGAGC,PBMC-06-1,PSA12,PSA,SNG,TRUE
TTGCATTCATGACGTT,PBMC-06-1,PSA13,PSA,SNG,TRUE
TTGCATTGTCCAGCGT,PBMC-06-1,PSA05,PSA,DBL,FALSE
TTGCATTGTGTTACTG,PBMC-06-1,PSA03,PSA,SNG,TRUE
TTGCATTGTTCCGTTC,PBMC-06-1,PSA17,PSA,SNG,TRUE
TTGCATTTCACCTCGT,PBMC-06-1,PSX01,PSX,SNG,TRUE
TTGCATTTCAGGAGAC,PBMC-06-1,PSA17,PSA,SNG,TRUE
TTGCATTTCCTCCACA,PBMC-06-1,PSA03,PSA,SNG,TRUE
TTGCCTGAGAGCATTA,PBMC-06-1,PSA05,PSA,SNG,TRUE
TTGCCTGAGCATCAGG,PBMC-06-1,PSO15,PSO,SNG,TRUE
TTGCCTGAGGACGGAG,PBMC-06-1,PSA14,PSA,SNG,TRUE
TTGCCTGAGGATGAGA,PBMC-06-1,PSA02,PSA,SNG,FALSE
TTGCCTGAGTTCAACC,PBMC-06-1,PSA16,PSA,SNG,TRUE
TTGCCTGCAGCCCAGT,PBMC-06-1,PSA15,PSA,SNG,FALSE
TTGCCTGGTAGGGTAC,PBMC-06-1,PSO12,PSO,SNG,FALSE
TTGCCTGGTGCACATT,PBMC-06-1,PSA12,PSA,SNG,TRUE
TTGCCTGGTTATGACC,PBMC-06-1,PSA12,PSA,SNG,TRUE
TTGCCTGGTTGTACGT,PBMC-06-1,PSA06,PSA,SNG,FALSE
TTGCCTGGTTTGGAGG,PBMC-06-1,PSA15,PSA,SNG,FALSE
TTGCCTGTCAGTAGGG,PBMC-06-1,PSA07,PSA,SNG,TRUE
TTGCCTGTCCCTCATG,PBMC-06-1,PSA03,PSA,SNG,TRUE
TTGCGTCAGCCGCACT,PBMC-06-1,PSX01,PSX,SNG,TRUE
TTGCGTCAGGGTTAAT,PBMC-06-1,PSA12,PSA,SNG,TRUE
TTGCGTCAGGTTGGAC,PBMC-06-1,PSA15,PSA,SNG,TRUE
TTGCGTCAGTCCTACA,PBMC-06-1,PSA07,PSA,SNG,TRUE
TTGCGTCCAAGCGCTC,PBMC-06-1,PSO11,PSO,SNG,FALSE
TTGCGTCCACACCTGG,PBMC-06-1,PSX01,PSX,SNG,TRUE
TTGCGTCCACCGGTCA,PBMC-06-1,PSA04,PSA,SNG,TRUE
TTGCGTCCAGCCCACA,PBMC-06-1,PSA03,PSA,SNG,FALSE
TTGCGTCCAGCTCTGG,PBMC-06-1,PSA12,PSA,SNG,TRUE
TTGCGTCCAGGTGGAT,PBMC-06-1,PSX01,PSX,SNG,TRUE
TTGCGTCCAGGTTCGC,PBMC-06-1,PSO15,PSO,DBL,FALSE
TTGCGTCCATGACTCA,PBMC-06-1,PSA15,PSA,SNG,TRUE
TTGCGTCGTAGATCGG,PBMC-06-1,PSX01,PSX,SNG,TRUE
TTGCGTCGTAGGAAAG,PBMC-06-1,PSA12,PSA,SNG,TRUE
TTGCGTCGTGGCTTGC,PBMC-06-1,PSO11,PSO,DBL,FALSE
TTGCGTCTCAACCGAT,PBMC-06-1,PSA02,PSA,AMB,FALSE
TTGCGTCTCCGCGAGT,PBMC-06-1,PSA12,PSA,SNG,FALSE
TTGCGTCTCGACGTCG,PBMC-06-1,PSA17,PSA,SNG,TRUE
TTGCGTCTCGAGTGAG,PBMC-06-1,PSA05,PSA,DBL,FALSE
TTGCGTCTCGCACGGT,PBMC-06-1,PSX01,PSX,SNG,FALSE
TTGCGTCTCTCATTAC,PBMC-06-1,PSA16,PSA,DBL,FALSE
TTGCTGCAGCGTCTGC,PBMC-06-1,PSA05,PSA,SNG,TRUE
TTGCTGCAGGATATAC,PBMC-06-1,PSX01,PSX,SNG,TRUE
TTGCTGCAGGATTTAG,PBMC-06-1,PSA02,PSA,SNG,FALSE
TTGCTGCAGGCAGGGA,PBMC-06-1,PSX04,PSX,DBL,FALSE
TTGCTGCAGTACCGGA,PBMC-06-1,PSO16,PSO,SNG,TRUE
TTGCTGCAGTGATAAC,PBMC-06-1,PSO11,PSO,SNG,TRUE
TTGCTGCCAATAGGAT,PBMC-06-1,PSX01,PSX,SNG,TRUE
TTGCTGCCACAAAGCG,PBMC-06-1,PSA12,PSA,SNG,FALSE
TTGCTGCCAGAGTTGG,PBMC-06-1,PSO11,PSO,SNG,TRUE
TTGCTGCCAGGTAGTG,PBMC-06-1,PSO15,PSO,SNG,TRUE
TTGCTGCGTAACAGTA,PBMC-06-1,PSA17,PSA,SNG,TRUE
TTGCTGCGTACTCGAT,PBMC-06-1,PSO12,PSO,SNG,TRUE
TTGCTGCGTAGTCGTT,PBMC-06-1,PSA12,PSA,SNG,TRUE
TTGCTGCGTGAGGCAT,PBMC-06-1,PSO11,PSO,SNG,TRUE
TTGCTGCGTGTGTACT,PBMC-06-1,PSO13,PSO,SNG,TRUE
TTGCTGCGTTATCCAG,PBMC-06-1,PSA03,PSA,DBL,FALSE
TTGCTGCTCATCTACT,PBMC-06-1,PSO12,PSO,SNG,TRUE
TTGCTGCTCCACGGGT,PBMC-06-1,PSA14,PSA,SNG,TRUE
TTGCTGCTCCAGCACG,PBMC-06-1,PSA07,PSA,SNG,TRUE
TTGCTGCTCCAGCTCT,PBMC-06-1,PSA07,PSA,SNG,FALSE
TTGCTGCTCGGAACTT,PBMC-06-1,PSA07,PSA,SNG,FALSE
TTGCTGCTCTCGTTTA,PBMC-06-1,PSO11,PSO,DBL,FALSE
TTGCTGCTCTTAAGGC,PBMC-06-1,PSO13,PSO,SNG,FALSE
TTGGATGAGACCCTTA,PBMC-06-1,PSO11,PSO,AMB,FALSE
TTGGATGAGCGTGCTC,PBMC-06-1,PSA06,PSA,SNG,TRUE
TTGGATGAGCTCATAC,PBMC-06-1,PSO12,PSO,DBL,FALSE
TTGGATGAGCTTCGTA,PBMC-06-1,PSA16,PSA,SNG,TRUE
TTGGATGAGGGCAATC,PBMC-06-1,PSO12,PSO,SNG,TRUE
TTGGATGAGTACCGGA,PBMC-06-1,PSO14,PSO,SNG,TRUE
TTGGATGAGTTACTCG,PBMC-06-1,PSA07,PSA,SNG,FALSE
TTGGATGCAAACTCTG,PBMC-06-1,PSO12,PSO,SNG,TRUE
TTGGATGCAATCAGCT,PBMC-06-1,PSA07,PSA,SNG,TRUE
TTGGATGCAATGCAGG,PBMC-06-1,PSA17,PSA,SNG,TRUE
TTGGATGCAGACCAGA,PBMC-06-1,PSA14,PSA,SNG,TRUE
TTGGATGCAGATCATC,PBMC-06-1,PSX01,PSX,SNG,TRUE
TTGGATGCATCGATGT,PBMC-06-1,PSO15,PSO,SNG,TRUE
TTGGATGCATGGGATG,PBMC-06-1,PSX04,PSX,SNG,TRUE
TTGGATGCATTGCAAC,PBMC-06-1,PSO14,PSO,DBL,FALSE
TTGGATGGTAACGGTG,PBMC-06-1,PSA14,PSA,SNG,TRUE
TTGGATGGTAATGCTC,PBMC-06-1,PSO15,PSO,SNG,TRUE
TTGGATGGTACTCGAT,PBMC-06-1,PSO11,PSO,SNG,FALSE
TTGGATGGTAGGCAGT,PBMC-06-1,PSA07,PSA,SNG,TRUE
TTGGATGGTATGCGTT,PBMC-06-1,PSO12,PSO,SNG,TRUE
TTGGATGGTCCGGACT,PBMC-06-1,PSX01,PSX,SNG,TRUE
TTGGATGGTCTTCTAT,PBMC-06-1,PSA03,PSA,AMB,FALSE
TTGGATGTCAACACGT,PBMC-06-1,PSX01,PSX,SNG,TRUE
TTGGATGTCCAACCAA,PBMC-06-1,PSA12,PSA,DBL,FALSE
TTGGATGTCCACTTCG,PBMC-06-1,PSA12,PSA,DBL,FALSE
TTGGATGTCCGGGACT,PBMC-06-1,PSA17,PSA,SNG,TRUE
TTGGATGTCGGTAGGA,PBMC-06-1,PSA17,PSA,SNG,TRUE
TTGGGATAGCATCCTA,PBMC-06-1,PSA17,PSA,SNG,TRUE
TTGGGATAGGGCCTCT,PBMC-06-1,PSA03,PSA,SNG,FALSE
TTGGGATAGGTCCTGC,PBMC-06-1,PSA03,PSA,SNG,TRUE
TTGGGATAGGTCGCCT,PBMC-06-1,PSA02,PSA,SNG,TRUE
TTGGGATAGTGATAAC,PBMC-06-1,PSA07,PSA,SNG,FALSE
TTGGGATCAAGTATAG,PBMC-06-1,PSA02,PSA,SNG,TRUE
TTGGGATCAATTCACG,PBMC-06-1,PSO15,PSO,SNG,TRUE
TTGGGATCACCAGTAT,PBMC-06-1,PSA16,PSA,SNG,TRUE
TTGGGATCACCGTGGT,PBMC-06-1,PSX01,PSX,SNG,TRUE
TTGGGATCAGCAGAAC,PBMC-06-1,PSA16,PSA,SNG,TRUE
TTGGGATCAGCGTAGA,PBMC-06-1,PSA05,PSA,SNG,TRUE
TTGGGATCAGCGTATT,PBMC-06-1,PSA03,PSA,SNG,TRUE
TTGGGATGTATCGCTA,PBMC-06-1,PSO12,PSO,SNG,TRUE
TTGGGATGTCGGTGTC,PBMC-06-1,PSA16,PSA,SNG,TRUE
TTGGGATGTGACCGAA,PBMC-06-1,PSO11,PSO,AMB,FALSE
TTGGGATGTTCTCAGA,PBMC-06-1,PSX01,PSX,DBL,FALSE
TTGGGATGTTGGTGTT,PBMC-06-1,PSA13,PSA,SNG,TRUE
TTGGGATTCATTTGCT,PBMC-06-1,PSA02,PSA,SNG,TRUE
TTGGGATTCCAGCACG,PBMC-06-1,PSX04,PSX,SNG,TRUE
TTGGGATTCTATGCCC,PBMC-06-1,PSA03,PSA,SNG,TRUE
TTGGGATTCTTGGTCC,PBMC-06-1,PSA03,PSA,SNG,TRUE
TTGGGCGAGCTTTGTG,PBMC-06-1,PSA14,PSA,SNG,TRUE
TTGGGCGAGGTTGCCC,PBMC-06-1,PSO11,PSO,AMB,FALSE
TTGGGCGAGTGCGTCC,PBMC-06-1,PSA13,PSA,SNG,TRUE
TTGGGCGAGTGGATAT,PBMC-06-1,PSA06,PSA,SNG,TRUE
TTGGGCGCAACCGACC,PBMC-06-1,PSA07,PSA,DBL,FALSE
TTGGGCGCAACCGATT,PBMC-06-1,PSO14,PSO,SNG,TRUE
TTGGGCGCAGACAAAT,PBMC-06-1,PSA03,PSA,AMB,FALSE
TTGGGCGCATCTGGGC,PBMC-06-1,PSA16,PSA,SNG,TRUE
TTGGGCGCATGGCTAT,PBMC-06-1,PSA06,PSA,SNG,TRUE
TTGGGCGGTAGTTAGA,PBMC-06-1,PSA05,PSA,AMB,FALSE
TTGGGCGGTCTTTCAT,PBMC-06-1,PSO14,PSO,SNG,TRUE
TTGGGCGGTGTTATCG,PBMC-06-1,PSO13,PSO,SNG,FALSE
TTGGGCGGTTTGGAAA,PBMC-06-1,PSA02,PSA,SNG,TRUE
TTGGGCGTCATGGCCG,PBMC-06-1,PSA15,PSA,DBL,FALSE
TTGGGCGTCGGTCTAA,PBMC-06-1,PSO15,PSO,SNG,FALSE
TTGGGCGTCTACTGAG,PBMC-06-1,PSO15,PSO,SNG,TRUE
TTGGGTAAGACCCTTA,PBMC-06-1,PSA07,PSA,SNG,TRUE
TTGGGTAAGACTAAGT,PBMC-06-1,PSX04,PSX,SNG,TRUE
TTGGGTAAGACTTAAG,PBMC-06-1,PSA16,PSA,SNG,TRUE
TTGGGTAAGCTACAAA,PBMC-06-1,PSO11,PSO,DBL,FALSE
TTGGGTAAGGTGCCAA,PBMC-06-1,PSA02,PSA,SNG,TRUE
TTGGGTAAGTAAGCAT,PBMC-06-1,PSO12,PSO,SNG,TRUE
TTGGGTACAACAGCCC,PBMC-06-1,PSO15,PSO,SNG,TRUE
TTGGGTACAATCTAGC,PBMC-06-1,PSO15,PSO,SNG,FALSE
TTGGGTACACGCAAAG,PBMC-06-1,PSO15,PSO,SNG,TRUE
TTGGGTACACGTCGGT,PBMC-06-1,PSA15,PSA,SNG,TRUE
TTGGGTACAGAGTAAT,PBMC-06-1,PSA02,PSA,SNG,TRUE
TTGGGTACAGGTATGG,PBMC-06-1,PSA07,PSA,SNG,TRUE
TTGGGTACAGGTCAGA,PBMC-06-1,PSA17,PSA,SNG,TRUE
TTGGGTACAGTCAGCC,PBMC-06-1,PSO15,PSO,SNG,TRUE
TTGGGTAGTACGGATG,PBMC-06-1,PSA07,PSA,DBL,FALSE
TTGGGTAGTGGGAGAG,PBMC-06-1,PSO14,PSO,SNG,TRUE
TTGGGTAGTTCCGTTC,PBMC-06-1,PSO11,PSO,DBL,FALSE
TTGGGTAGTTCTGACA,PBMC-06-1,PSO11,PSO,SNG,TRUE
TTGGGTAGTTGCTTGA,PBMC-06-1,PSX04,PSX,SNG,TRUE
TTGGGTAGTTGTCTAG,PBMC-06-1,PSA06,PSA,SNG,TRUE
TTGGGTATCGGAGCAA,PBMC-06-1,PSO12,PSO,DBL,FALSE
TTGGGTATCGGCTTCT,PBMC-06-1,PSA07,PSA,SNG,TRUE
TTGGTTTAGATCGGTG,PBMC-06-1,PSA13,PSA,DBL,FALSE
TTGGTTTAGCAGTACG,PBMC-06-1,PSO13,PSO,SNG,FALSE
TTGGTTTAGCGAACTG,PBMC-06-1,PSA17,PSA,SNG,FALSE
TTGGTTTAGCGTATGG,PBMC-06-1,PSO12,PSO,SNG,TRUE
TTGGTTTAGCTACGTT,PBMC-06-1,PSA15,PSA,SNG,TRUE
TTGGTTTCACAGAAGC,PBMC-06-1,PSO15,PSO,SNG,TRUE
TTGGTTTCAGACACAG,PBMC-06-1,PSA15,PSA,AMB,FALSE
TTGGTTTCAGCGAACA,PBMC-06-1,PSA07,PSA,SNG,TRUE
TTGGTTTCAGGTCAGA,PBMC-06-1,PSO14,PSO,SNG,TRUE
TTGGTTTGTAACATGA,PBMC-06-1,PSA14,PSA,SNG,TRUE
TTGGTTTGTCAAGGCA,PBMC-06-1,PSX01,PSX,SNG,TRUE
TTGGTTTGTCAGATTC,PBMC-06-1,PSA13,PSA,DBL,FALSE
TTGGTTTGTCGTTCAA,PBMC-06-1,PSA02,PSA,SNG,TRUE
TTGGTTTGTCTCAGAT,PBMC-06-1,PSA12,PSA,SNG,FALSE
TTGGTTTGTTGATCGT,PBMC-06-1,PSA05,PSA,SNG,TRUE
TTGGTTTGTTGGCCGT,PBMC-06-1,PSA14,PSA,SNG,TRUE
TTGGTTTTCAGCTGAT,PBMC-06-1,PSA03,PSA,SNG,TRUE
TTGGTTTTCAGCTTGA,PBMC-06-1,PSO15,PSO,SNG,TRUE
TTGGTTTTCATGCCGG,PBMC-06-1,PSA16,PSA,SNG,TRUE
TTGGTTTTCCATGCAA,PBMC-06-1,PSA13,PSA,AMB,FALSE
TTGGTTTTCGAAGAAT,PBMC-06-1,PSO13,PSO,SNG,FALSE
TTGGTTTTCGCCAGAC,PBMC-06-1,PSA16,PSA,SNG,TRUE
TTGGTTTTCTTAATCC,PBMC-06-1,PSX01,PSX,SNG,TRUE
TTGTGGAAGAAGGTAG,PBMC-06-1,PSO15,PSO,SNG,TRUE
TTGTGGAAGCTTACGT,PBMC-06-1,PSA16,PSA,SNG,TRUE
TTGTGGAAGGGCAAGG,PBMC-06-1,PSA12,PSA,SNG,TRUE
TTGTGGAAGTATGCAA,PBMC-06-1,PSO15,PSO,SNG,TRUE
TTGTGGACAAGATGTA,PBMC-06-1,PSO14,PSO,SNG,TRUE
TTGTGGACAAGATTGA,PBMC-06-1,PSA12,PSA,SNG,FALSE
TTGTGGACAAGCACAG,PBMC-06-1,PSA03,PSA,SNG,TRUE
TTGTGGACAAGTTTGC,PBMC-06-1,PSA13,PSA,SNG,FALSE
TTGTGGACACCAATTG,PBMC-06-1,PSO12,PSO,SNG,TRUE
TTGTGGACAGAGATTA,PBMC-06-1,PSA02,PSA,DBL,FALSE
TTGTGGACAGAGTGTG,PBMC-06-1,PSA15,PSA,SNG,TRUE
TTGTGGACATAGTCAC,PBMC-06-1,PSO12,PSO,SNG,TRUE
TTGTGGACATCGGAAG,PBMC-06-1,PSA07,PSA,SNG,TRUE
TTGTGGAGTAACATAG,PBMC-06-1,PSO13,PSO,SNG,TRUE
TTGTGGAGTCATTCCC,PBMC-06-1,PSA07,PSA,SNG,TRUE
TTGTGGAGTGCACAAG,PBMC-06-1,PSO13,PSO,DBL,FALSE
TTGTGGAGTGGATCGA,PBMC-06-1,PSA05,PSA,SNG,TRUE
TTGTGGAGTGTCTTCC,PBMC-06-1,PSX04,PSX,SNG,FALSE
TTGTGGAGTGTTCATG,PBMC-06-1,PSA13,PSA,SNG,FALSE
TTGTGGAGTTCGGACC,PBMC-06-1,PSA15,PSA,SNG,TRUE
TTGTGGATCAACGAGG,PBMC-06-1,PSA16,PSA,SNG,TRUE
TTGTGGATCCAACTGA,PBMC-06-1,PSA17,PSA,SNG,TRUE
TTGTGGATCCGGACTG,PBMC-06-1,PSA15,PSA,SNG,TRUE
TTGTGGATCGAGAATA,PBMC-06-1,PSO15,PSO,DBL,FALSE
TTGTGGATCTAACGGT,PBMC-06-1,PSX01,PSX,SNG,TRUE
TTGTGGATCTGAGAGG,PBMC-06-1,PSO13,PSO,SNG,TRUE
TTGTGGATCTGAGCAT,PBMC-06-1,PSA03,PSA,SNG,TRUE
TTGTGTTAGAGCAGTC,PBMC-06-1,PSO12,PSO,DBL,FALSE
TTGTGTTAGGATTACA,PBMC-06-1,PSA14,PSA,SNG,TRUE
TTGTGTTAGGCGACAT,PBMC-06-1,PSA05,PSA,SNG,TRUE
TTGTGTTAGTGTGTTC,PBMC-06-1,PSA07,PSA,SNG,TRUE
TTGTGTTCAACAACAA,PBMC-06-1,PSA15,PSA,SNG,TRUE
TTGTGTTCAACACGTT,PBMC-06-1,PSA12,PSA,SNG,FALSE
TTGTGTTCAACTTCTT,PBMC-06-1,PSA12,PSA,SNG,TRUE
TTGTGTTCACGACAGA,PBMC-06-1,PSO15,PSO,SNG,TRUE
TTGTGTTCACGTACAT,PBMC-06-1,PSA13,PSA,SNG,FALSE
TTGTGTTCACTAACCA,PBMC-06-1,PSA03,PSA,SNG,TRUE
TTGTGTTCAGCTGGTC,PBMC-06-1,PSA02,PSA,SNG,TRUE
TTGTGTTCAGTTCCAA,PBMC-06-1,PSO12,PSO,DBL,FALSE
TTGTGTTCATCTAACG,PBMC-06-1,PSA07,PSA,SNG,TRUE
TTGTGTTGTCGCGTTG,PBMC-06-1,PSA15,PSA,DBL,FALSE
TTGTGTTGTCGTACTA,PBMC-06-1,PSA04,PSA,DBL,FALSE
TTGTGTTGTCTGTCCT,PBMC-06-1,PSA14,PSA,SNG,TRUE
TTGTGTTGTGGGCTCT,PBMC-06-1,PSA07,PSA,SNG,TRUE
TTGTGTTGTTACCCTC,PBMC-06-1,PSO11,PSO,DBL,FALSE
TTGTGTTGTTTACCAG,PBMC-06-1,PSA17,PSA,SNG,FALSE
TTGTGTTTCGCAGTTA,PBMC-06-1,PSA14,PSA,SNG,TRUE
TTGTGTTTCGCTCCTA,PBMC-06-1,PSA07,PSA,SNG,TRUE
TTGTGTTTCGGTCTGG,PBMC-06-1,PSA07,PSA,SNG,TRUE
TTGTGTTTCGTAGTGT,PBMC-06-1,PSO15,PSO,DBL,FALSE
TTGTGTTTCTACCAGA,PBMC-06-1,PSA02,PSA,SNG,TRUE
TTGTGTTTCTCATGCC,PBMC-06-1,PSO16,PSO,DBL,FALSE
TTGTGTTTCTCTGGTC,PBMC-06-1,PSA02,PSA,SNG,TRUE
TTGTTCAAGAACGCGT,PBMC-06-1,PSA16,PSA,SNG,TRUE
TTGTTCAAGATTAGTG,PBMC-06-1,PSX04,PSX,SNG,TRUE
TTGTTCAAGCGGTATG,PBMC-06-1,PSO13,PSO,SNG,FALSE
TTGTTCAAGCTGGAGT,PBMC-06-1,PSO14,PSO,SNG,TRUE
TTGTTCAAGGCATGGT,PBMC-06-1,PSA04,PSA,SNG,TRUE
TTGTTCAAGGTGCGAT,PBMC-06-1,PSA07,PSA,SNG,FALSE
TTGTTCAAGGTTCACT,PBMC-06-1,PSA04,PSA,SNG,TRUE
TTGTTCACAAGTTTGC,PBMC-06-1,PSA17,PSA,SNG,TRUE
TTGTTCAGTAGCTCGC,PBMC-06-1,PSA05,PSA,SNG,TRUE
TTGTTCAGTTGCCGCA,PBMC-06-1,PSA14,PSA,SNG,TRUE
TTGTTCAGTTTAGTCG,PBMC-06-1,PSA03,PSA,SNG,TRUE
TTGTTCATCATTGCTT,PBMC-06-1,PSA02,PSA,SNG,TRUE
TTGTTCATCATTTGCT,PBMC-06-1,PSA14,PSA,DBL,FALSE
TTGTTCATCGATACGT,PBMC-06-1,PSX01,PSX,SNG,TRUE
TTGTTGTCAAGAAACT,PBMC-06-1,PSA07,PSA,SNG,FALSE
TTGTTGTCAATTCTCT,PBMC-06-1,PSA07,PSA,SNG,TRUE
TTGTTGTCACTAGTAC,PBMC-06-1,PSA16,PSA,SNG,TRUE
TTGTTGTCAGACGATG,PBMC-06-1,PSO12,PSO,SNG,TRUE
TTGTTGTCATCCGCGA,PBMC-06-1,PSA17,PSA,SNG,TRUE
TTGTTGTGTCAATCTG,PBMC-06-1,PSO12,PSO,AMB,FALSE
TTGTTGTGTCGATTAC,PBMC-06-1,PSO15,PSO,DBL,FALSE
TTGTTGTGTCTCAGAT,PBMC-06-1,PSA14,PSA,SNG,TRUE
TTGTTGTGTTCTCTAT,PBMC-06-1,PSA16,PSA,DBL,FALSE
TTGTTTGAGAGGATGA,PBMC-06-1,PSO12,PSO,SNG,TRUE
TTGTTTGAGCTGAGTG,PBMC-06-1,PSA05,PSA,SNG,TRUE
TTGTTTGAGGGAGAAT,PBMC-06-1,PSA04,PSA,SNG,FALSE
TTGTTTGAGGTTCATC,PBMC-06-1,PSO12,PSO,SNG,TRUE
TTGTTTGAGGTTGAGC,PBMC-06-1,PSA17,PSA,SNG,TRUE
TTGTTTGAGTAAGACT,PBMC-06-1,PSO15,PSO,DBL,FALSE
TTGTTTGAGTACAGCG,PBMC-06-1,PSX04,PSX,SNG,FALSE
TTGTTTGCAATAGTAG,PBMC-06-1,PSA16,PSA,SNG,TRUE
TTGTTTGCAATGACCT,PBMC-06-1,PSA14,PSA,SNG,TRUE
TTGTTTGCACTCTAGA,PBMC-06-1,PSA07,PSA,SNG,TRUE
TTGTTTGCATGACTCA,PBMC-06-1,PSO15,PSO,SNG,TRUE
TTGTTTGCATGTAACC,PBMC-06-1,PSO13,PSO,DBL,FALSE
TTGTTTGCATTGGATC,PBMC-06-1,PSO15,PSO,SNG,TRUE
TTGTTTGGTAACATAG,PBMC-06-1,PSX01,PSX,AMB,FALSE
TTGTTTGGTACCTTCC,PBMC-06-1,PSA03,PSA,SNG,TRUE
TTGTTTGGTTCGCGTG,PBMC-06-1,PSA04,PSA,SNG,TRUE
TTGTTTGTCTATCGTT,PBMC-06-1,PSX01,PSX,SNG,TRUE
TTGTTTGTCTGTCGCT,PBMC-06-1,PSO12,PSO,SNG,TRUE
TTTACCAAGAAACTAC,PBMC-06-1,PSA07,PSA,DBL,FALSE
TTTACCAAGCTAATCC,PBMC-06-1,PSA07,PSA,SNG,TRUE
TTTACCAAGCTTGTTG,PBMC-06-1,PSO15,PSO,SNG,TRUE
TTTACCAAGGAGCAAA,PBMC-06-1,PSO15,PSO,SNG,TRUE
TTTACCAAGTACCGGA,PBMC-06-1,PSA02,PSA,SNG,TRUE
TTTACCAAGTAGAGTT,PBMC-06-1,PSA04,PSA,SNG,TRUE
TTTACCAAGTCACTGT,PBMC-06-1,PSO15,PSO,SNG,FALSE
TTTACCACAAGGTCAG,PBMC-06-1,PSO11,PSO,SNG,TRUE
TTTACCACAATCGAAA,PBMC-06-1,PSO11,PSO,DBL,FALSE
TTTACCACACATAACC,PBMC-06-1,PSA12,PSA,SNG,TRUE
TTTACCACACTCATAG,PBMC-06-1,PSA07,PSA,SNG,TRUE
TTTACCACAGTTGTTG,PBMC-06-1,PSA16,PSA,SNG,TRUE
TTTACCAGTACCGTGC,PBMC-06-1,PSA04,PSA,SNG,FALSE
TTTACCAGTCGCACGT,PBMC-06-1,PSO12,PSO,SNG,FALSE
TTTACCAGTCGTGTTA,PBMC-06-1,PSO12,PSO,SNG,TRUE
TTTACCAGTGATCGTT,PBMC-06-1,PSA04,PSA,SNG,TRUE
TTTACCAGTGCCCGTA,PBMC-06-1,PSA12,PSA,DBL,FALSE
TTTACCAGTTCCAAAC,PBMC-06-1,PSA06,PSA,SNG,TRUE
TTTACCAGTTTACGAC,PBMC-06-1,PSA02,PSA,SNG,TRUE
TTTACCATCCCGTGAG,PBMC-06-1,PSA12,PSA,SNG,TRUE
TTTACCATCTCTCTTC,PBMC-06-1,PSA07,PSA,SNG,TRUE
TTTACCATCTTCCACG,PBMC-06-1,PSA05,PSA,SNG,TRUE
TTTACCATCTTGAGCA,PBMC-06-1,PSA14,PSA,SNG,TRUE
TTTACGTAGACGCATG,PBMC-06-1,PSX04,PSX,DBL,FALSE
TTTACGTAGGAACGTC,PBMC-06-1,PSA17,PSA,SNG,TRUE
TTTACGTAGTATAGGT,PBMC-06-1,PSA07,PSA,SNG,TRUE
TTTACGTAGTATGGAT,PBMC-06-1,PSO15,PSO,SNG,TRUE
TTTACGTAGTGGAAAG,PBMC-06-1,PSX01,PSX,SNG,TRUE
TTTACGTCAAGGTCGA,PBMC-06-1,PSO13,PSO,DBL,FALSE
TTTACGTGTCCAGAAG,PBMC-06-1,PSO12,PSO,SNG,TRUE
TTTACGTGTCTAACTG,PBMC-06-1,PSA16,PSA,SNG,TRUE
TTTACGTTCACCTACC,PBMC-06-1,PSA06,PSA,DBL,FALSE
TTTACGTTCCAATCTT,PBMC-06-1,PSO15,PSO,SNG,FALSE
TTTACGTTCCGTGTCT,PBMC-06-1,PSA15,PSA,SNG,TRUE
TTTACTGAGAGGTCGT,PBMC-06-1,PSA02,PSA,SNG,FALSE
TTTACTGAGCTCCATA,PBMC-06-1,PSX01,PSX,SNG,TRUE
TTTACTGAGGTATTGA,PBMC-06-1,PSO12,PSO,SNG,TRUE
TTTACTGAGTCTAGAA,PBMC-06-1,PSA17,PSA,SNG,TRUE
TTTACTGCAACAAGAT,PBMC-06-1,PSA12,PSA,SNG,TRUE
TTTACTGCAAGATGTA,PBMC-06-1,PSA15,PSA,SNG,TRUE
TTTACTGCAAGCAATA,PBMC-06-1,PSO15,PSO,SNG,TRUE
TTTACTGCAATAAGGT,PBMC-06-1,PSX01,PSX,SNG,TRUE
TTTACTGCACGCTGAC,PBMC-06-1,PSA03,PSA,SNG,TRUE
TTTACTGGTACGGATG,PBMC-06-1,PSO12,PSO,SNG,TRUE
TTTACTGGTAGTCCTA,PBMC-06-1,PSO15,PSO,DBL,FALSE
TTTACTGGTATTCTCT,PBMC-06-1,PSA15,PSA,SNG,TRUE
TTTACTGGTCTGTGAT,PBMC-06-1,PSA02,PSA,SNG,TRUE
TTTACTGGTGAGTAGC,PBMC-06-1,PSA02,PSA,AMB,FALSE
TTTACTGTCATTCGGA,PBMC-06-1,PSX04,PSX,DBL,FALSE
TTTACTGTCTAGACCA,PBMC-06-1,PSA15,PSA,SNG,TRUE
TTTACTGTCTCCGTGT,PBMC-06-1,PSX01,PSX,SNG,FALSE
TTTACTGTCTGGCTGG,PBMC-06-1,PSA15,PSA,SNG,TRUE
TTTAGTCAGATACTGA,PBMC-06-1,PSA17,PSA,SNG,TRUE
TTTAGTCAGCCGTCGT,PBMC-06-1,PSA16,PSA,SNG,TRUE
TTTAGTCAGCCTCTGG,PBMC-06-1,PSA04,PSA,SNG,TRUE
TTTAGTCAGCTATCCA,PBMC-06-1,PSA07,PSA,SNG,TRUE
TTTAGTCAGGACATCG,PBMC-06-1,PSA02,PSA,SNG,TRUE
TTTAGTCAGGTGCGAT,PBMC-06-1,PSO15,PSO,SNG,TRUE
TTTAGTCAGTATGAGT,PBMC-06-1,PSA06,PSA,SNG,TRUE
TTTAGTCCAATTGCGT,PBMC-06-1,PSA16,PSA,SNG,TRUE
TTTAGTCCACCCAAGC,PBMC-06-1,PSA04,PSA,SNG,TRUE
TTTAGTCCAGTAGATA,PBMC-06-1,PSA16,PSA,DBL,FALSE
TTTAGTCCAGTAGTGG,PBMC-06-1,PSA07,PSA,SNG,TRUE
TTTAGTCCATGTCAGT,PBMC-06-1,PSA14,PSA,SNG,TRUE
TTTAGTCCATTAAGCC,PBMC-06-1,PSO15,PSO,SNG,FALSE
TTTAGTCGTAGACTGG,PBMC-06-1,PSO15,PSO,SNG,TRUE
TTTAGTCGTAGCCAGA,PBMC-06-1,PSA16,PSA,SNG,TRUE
TTTAGTCTCACGTAGT,PBMC-06-1,PSA16,PSA,SNG,TRUE
TTTAGTCTCCGGTTCT,PBMC-06-1,PSX01,PSX,SNG,TRUE
TTTAGTCTCGGTAGGA,PBMC-06-1,PSX04,PSX,SNG,FALSE
TTTAGTCTCTCAGAAC,PBMC-06-1,PSA15,PSA,DBL,FALSE
TTTAGTCTCTCATGGA,PBMC-06-1,PSA06,PSA,SNG,TRUE
TTTAGTCTCTGAGCAT,PBMC-06-1,PSA02,PSA,AMB,FALSE
TTTATGCAGACCCTTA,PBMC-06-1,PSO14,PSO,SNG,TRUE
TTTATGCAGACGCCAA,PBMC-06-1,PSA05,PSA,DBL,FALSE
TTTATGCCAAATTGCC,PBMC-06-1,PSO14,PSO,SNG,TRUE
TTTATGCCACCTGCTT,PBMC-06-1,PSA06,PSA,DBL,FALSE
TTTATGCCAGGATCTT,PBMC-06-1,PSO12,PSO,AMB,FALSE
TTTATGCCAGGCAATG,PBMC-06-1,PSA15,PSA,DBL,FALSE
TTTATGCCATTGCAAC,PBMC-06-1,PSO11,PSO,SNG,TRUE
TTTATGCGTACGAAAT,PBMC-06-1,PSA17,PSA,SNG,TRUE
TTTATGCGTAGTGGCA,PBMC-06-1,PSO12,PSO,SNG,TRUE
TTTATGCGTGAACTAA,PBMC-06-1,PSA14,PSA,SNG,TRUE
TTTATGCGTGAGAGGG,PBMC-06-1,PSO12,PSO,SNG,FALSE
TTTATGCTCCCATTTA,PBMC-06-1,PSA02,PSA,SNG,TRUE
TTTATGCTCGGTAACT,PBMC-06-1,PSA07,PSA,SNG,TRUE
TTTATGCTCTCTCCGA,PBMC-06-1,PSO13,PSO,SNG,TRUE
TTTATGCTCTTCCCAG,PBMC-06-1,PSA14,PSA,SNG,TRUE
TTTCACAAGATGAATC,PBMC-06-1,PSA16,PSA,SNG,TRUE
TTTCACAAGCGATGAC,PBMC-06-1,PSO15,PSO,SNG,TRUE
TTTCACAAGTCCTGCG,PBMC-06-1,PSO11,PSO,SNG,TRUE
TTTCACACAGAAGTGC,PBMC-06-1,PSO12,PSO,SNG,TRUE
TTTCACAGTCGTGGTC,PBMC-06-1,PSA15,PSA,DBL,FALSE
TTTCACAGTGTAGTGG,PBMC-06-1,PSO15,PSO,SNG,TRUE
TTTCACATCCTTCTTC,PBMC-06-1,PSA14,PSA,SNG,TRUE
TTTCACATCGCGAAGA,PBMC-06-1,PSA07,PSA,SNG,TRUE
TTTCACATCGTGGCTG,PBMC-06-1,PSO16,PSO,SNG,TRUE
TTTCACATCTCCCATG,PBMC-06-1,PSA13,PSA,SNG,TRUE
TTTCAGTCAAACCATC,PBMC-06-1,PSO15,PSO,DBL,FALSE
TTTCAGTCACAGCCTG,PBMC-06-1,PSA14,PSA,SNG,TRUE
TTTCAGTCAGTAGATA,PBMC-06-1,PSA17,PSA,SNG,TRUE
TTTCAGTCATTGCTTT,PBMC-06-1,PSA07,PSA,SNG,TRUE
TTTCAGTGTAGGCAGT,PBMC-06-1,PSX04,PSX,SNG,TRUE
TTTCAGTGTCACCTTC,PBMC-06-1,PSA07,PSA,SNG,TRUE
TTTCAGTGTCCTTAAG,PBMC-06-1,PSA07,PSA,SNG,TRUE
TTTCAGTGTCTGTGTA,PBMC-06-1,PSO15,PSO,SNG,TRUE
TTTCAGTGTGCGCTCA,PBMC-06-1,PSO13,PSO,SNG,TRUE
TTTCAGTGTGGATCGA,PBMC-06-1,PSA06,PSA,SNG,TRUE
TTTCAGTGTGGCCACT,PBMC-06-1,PSA16,PSA,SNG,TRUE
TTTCAGTGTGGTAATA,PBMC-06-1,PSX04,PSX,SNG,TRUE
TTTCAGTGTTCGGCGT,PBMC-06-1,PSA07,PSA,SNG,TRUE
TTTCAGTGTTGACTAC,PBMC-06-1,PSA16,PSA,SNG,TRUE
TTTCATGAGAAGCGCT,PBMC-06-1,PSO15,PSO,SNG,TRUE
TTTCATGAGAGTCAGC,PBMC-06-1,PSX01,PSX,SNG,TRUE
TTTCATGAGCTACAAA,PBMC-06-1,PSO12,PSO,AMB,FALSE
TTTCATGAGGCTCTCG,PBMC-06-1,PSO12,PSO,SNG,TRUE
TTTCATGAGGTCGTAG,PBMC-06-1,PSO13,PSO,SNG,TRUE
TTTCATGAGTCATGAA,PBMC-06-1,PSA05,PSA,SNG,TRUE
TTTCATGCACTTCTCG,PBMC-06-1,PSA12,PSA,SNG,TRUE
TTTCATGCAGCCCAGT,PBMC-06-1,PSX01,PSX,SNG,TRUE
TTTCATGCATACCACA,PBMC-06-1,PSO11,PSO,DBL,FALSE
TTTCATGGTAGAGATT,PBMC-06-1,PSX04,PSX,DBL,FALSE
TTTCATGGTAGCTCGC,PBMC-06-1,PSA07,PSA,SNG,TRUE
TTTCATGGTCTCGGAC,PBMC-06-1,PSA16,PSA,SNG,TRUE
TTTCATGGTGAGTCAG,PBMC-06-1,PSA13,PSA,SNG,TRUE
TTTCATGGTTTACTTC,PBMC-06-1,PSA16,PSA,SNG,TRUE
TTTCATGGTTTGTTGG,PBMC-06-1,PSX04,PSX,DBL,FALSE
TTTCATGTCAGTCACA,PBMC-06-1,PSA17,PSA,SNG,TRUE
TTTCATGTCGTTAGTG,PBMC-06-1,PSO15,PSO,SNG,TRUE
TTTCATGTCTCTGAGA,PBMC-06-1,PSA04,PSA,SNG,TRUE
TTTCCTCAGAAGTGTT,PBMC-06-1,PSX01,PSX,SNG,TRUE
TTTCCTCAGAATCTAG,PBMC-06-1,PSA17,PSA,SNG,TRUE
TTTCCTCAGCCGTTGC,PBMC-06-1,PSA04,PSA,SNG,FALSE
TTTCCTCAGGGATCTG,PBMC-06-1,PSA12,PSA,DBL,FALSE
TTTCCTCAGTCTGGAG,PBMC-06-1,PSO15,PSO,SNG,TRUE
TTTCCTCCAAGTTTGC,PBMC-06-1,PSX01,PSX,SNG,TRUE
TTTCCTCCACCGTGAC,PBMC-06-1,PSA07,PSA,SNG,FALSE
TTTCCTCCAGATGCGA,PBMC-06-1,PSA02,PSA,DBL,FALSE
TTTCCTCCAGCAGTCC,PBMC-06-1,PSA03,PSA,SNG,TRUE
TTTCCTCCATCAGTGT,PBMC-06-1,PSA05,PSA,DBL,FALSE
TTTCCTCCATCGTTCC,PBMC-06-1,PSA12,PSA,SNG,TRUE
TTTCCTCGTACAAGTA,PBMC-06-1,PSA13,PSA,DBL,FALSE
TTTCCTCGTCCGAAGA,PBMC-06-1,PSA17,PSA,SNG,FALSE
TTTCCTCGTGAGGATC,PBMC-06-1,PSA06,PSA,SNG,TRUE
TTTCCTCTCCCGAGTG,PBMC-06-1,PSA07,PSA,SNG,TRUE
TTTCCTCTCGGCATAT,PBMC-06-1,PSO16,PSO,SNG,TRUE
TTTCCTCTCTCGCAGG,PBMC-06-1,PSA12,PSA,AMB,FALSE
TTTCCTCTCTCGGTAA,PBMC-06-1,PSX01,PSX,SNG,TRUE
TTTCGATAGAAATCCA,PBMC-06-1,PSA14,PSA,SNG,TRUE
TTTCGATAGCCAAGGT,PBMC-06-1,PSA16,PSA,SNG,TRUE
TTTCGATAGCGTCTGC,PBMC-06-1,PSX01,PSX,SNG,TRUE
TTTCGATAGCTATCTG,PBMC-06-1,PSA15,PSA,SNG,TRUE
TTTCGATAGGCCTTCG,PBMC-06-1,PSX04,PSX,AMB,FALSE
TTTCGATAGGTAGATT,PBMC-06-1,PSA13,PSA,SNG,TRUE
TTTCGATCACAAAGTA,PBMC-06-1,PSX04,PSX,SNG,TRUE
TTTCGATCACAAGCTT,PBMC-06-1,PSA12,PSA,SNG,TRUE
TTTCGATCAGCTATAC,PBMC-06-1,PSA02,PSA,SNG,TRUE
TTTCGATCATGTGCTA,PBMC-06-1,PSA02,PSA,SNG,TRUE
TTTCGATGTAATGCGG,PBMC-06-1,PSA14,PSA,SNG,TRUE
TTTCGATGTAGGCAAC,PBMC-06-1,PSX01,PSX,DBL,FALSE
TTTCGATGTCGTGATT,PBMC-06-1,PSA07,PSA,DBL,FALSE
TTTCGATGTCTGCCTT,PBMC-06-1,PSA06,PSA,SNG,TRUE
TTTCGATGTCTGTCAA,PBMC-06-1,PSA07,PSA,SNG,TRUE
TTTCGATGTGATATAG,PBMC-06-1,PSO13,PSO,DBL,FALSE
TTTCGATGTTAAACAG,PBMC-06-1,PSO15,PSO,SNG,TRUE
TTTCGATGTTGTCATG,PBMC-06-1,PSO11,PSO,SNG,TRUE
TTTCGATGTTGTGGCC,PBMC-06-1,PSA16,PSA,SNG,TRUE
TTTCGATTCAGCACCG,PBMC-06-1,PSX01,PSX,SNG,TRUE
TTTCGATTCATTATCC,PBMC-06-1,PSO15,PSO,SNG,TRUE
TTTCGATTCCATCTCG,PBMC-06-1,PSA13,PSA,DBL,FALSE
TTTCGATTCCTAGCGG,PBMC-06-1,PSA16,PSA,AMB,FALSE
TTTGACTAGAGATCGC,PBMC-06-1,PSA16,PSA,SNG,TRUE
TTTGACTAGGCCACTC,PBMC-06-1,PSA06,PSA,SNG,TRUE
TTTGACTAGTACAGAT,PBMC-06-1,PSO11,PSO,SNG,FALSE
TTTGACTAGTACGTCT,PBMC-06-1,PSO15,PSO,SNG,TRUE
TTTGACTAGTTCTACG,PBMC-06-1,PSX01,PSX,SNG,FALSE
TTTGACTCAAATCCCA,PBMC-06-1,PSO15,PSO,SNG,TRUE
TTTGACTCAAGTGTCT,PBMC-06-1,PSA07,PSA,SNG,TRUE
TTTGACTCACTACCCT,PBMC-06-1,PSA15,PSA,DBL,FALSE
TTTGACTCAGTAGGAC,PBMC-06-1,PSO14,PSO,SNG,TRUE
TTTGACTGTACGGATG,PBMC-06-1,PSA06,PSA,SNG,TRUE
TTTGACTTCCGAAGGA,PBMC-06-1,PSA13,PSA,SNG,TRUE
TTTGACTTCGATGCTA,PBMC-06-1,PSA12,PSA,SNG,TRUE
TTTGACTTCTCGGTCT,PBMC-06-1,PSA15,PSA,SNG,TRUE
TTTGATCAGCGTGTTT,PBMC-06-1,PSA06,PSA,SNG,TRUE
TTTGATCAGGGCATGT,PBMC-06-1,PSA03,PSA,SNG,FALSE
TTTGATCAGTAGTCAA,PBMC-06-1,PSO13,PSO,SNG,TRUE
TTTGATCCAAAGCGTG,PBMC-06-1,PSA13,PSA,SNG,TRUE
TTTGATCCAAGCGATG,PBMC-06-1,PSA02,PSA,SNG,TRUE
TTTGATCCACATACGT,PBMC-06-1,PSA02,PSA,SNG,TRUE
TTTGATCCAGCTCATA,PBMC-06-1,PSA03,PSA,SNG,TRUE
TTTGATCCATCTGCGG,PBMC-06-1,PSA12,PSA,SNG,FALSE
TTTGATCCATGATCTG,PBMC-06-1,PSA17,PSA,SNG,TRUE
TTTGATCCATGGCACC,PBMC-06-1,PSA07,PSA,SNG,TRUE
TTTGATCGTACTAAGA,PBMC-06-1,PSX04,PSX,SNG,TRUE
TTTGATCGTGACTCGC,PBMC-06-1,PSX01,PSX,SNG,TRUE
TTTGATCGTGAGAGGG,PBMC-06-1,PSX01,PSX,SNG,FALSE
TTTGATCGTGCTTCAA,PBMC-06-1,PSA17,PSA,SNG,TRUE
TTTGATCGTTCGGACC,PBMC-06-1,PSA12,PSA,SNG,FALSE
TTTGATCTCAACCCGG,PBMC-06-1,PSA13,PSA,SNG,TRUE
TTTGATCTCATTGAGC,PBMC-06-1,PSO12,PSO,SNG,TRUE
TTTGATCTCCGGCTTT,PBMC-06-1,PSA16,PSA,SNG,TRUE
TTTGATCTCCTATGGA,PBMC-06-1,PSO11,PSO,SNG,FALSE
TTTGATCTCGTCGATA,PBMC-06-1,PSO12,PSO,SNG,TRUE
TTTGATCTCTGAATCG,PBMC-06-1,PSA05,PSA,SNG,TRUE
TTTGATCTCTGGGTCG,PBMC-06-1,PSA12,PSA,SNG,FALSE
TTTGATCTCTTACACT,PBMC-06-1,PSO14,PSO,SNG,TRUE
TTTGATCTCTTCGATT,PBMC-06-1,PSX04,PSX,SNG,TRUE
TTTGGAGAGGTTCACT,PBMC-06-1,PSA07,PSA,SNG,TRUE
TTTGGAGAGTTCATGC,PBMC-06-1,PSX01,PSX,SNG,TRUE
TTTGGAGCAACACGAG,PBMC-06-1,PSO12,PSO,SNG,TRUE
TTTGGAGCACACGGAA,PBMC-06-1,PSX01,PSX,SNG,TRUE
TTTGGAGTCAATCTTC,PBMC-06-1,PSX04,PSX,SNG,TRUE
TTTGGAGTCATCCTAT,PBMC-06-1,PSA13,PSA,SNG,TRUE
TTTGGAGTCCATTCAT,PBMC-06-1,PSO12,PSO,SNG,TRUE
TTTGGAGTCTGAGAAA,PBMC-06-1,PSA17,PSA,SNG,TRUE
TTTGGAGTCTTAGGAC,PBMC-06-1,PSA17,PSA,SNG,TRUE
TTTGGTTAGAAGAACG,PBMC-06-1,PSO12,PSO,SNG,TRUE
TTTGGTTAGAGGCTGT,PBMC-06-1,PSA15,PSA,SNG,TRUE
TTTGGTTAGATTGCGG,PBMC-06-1,PSX01,PSX,SNG,TRUE
TTTGGTTAGTGAGGCT,PBMC-06-1,PSA12,PSA,SNG,TRUE
TTTGGTTAGTGAGTTA,PBMC-06-1,PSA03,PSA,SNG,TRUE
TTTGGTTAGTTTAGGA,PBMC-06-1,PSO12,PSO,SNG,FALSE
TTTGGTTCAACCCTAA,PBMC-06-1,PSX01,PSX,DBL,FALSE
TTTGGTTCAAGAGTGC,PBMC-06-1,PSA17,PSA,DBL,FALSE
TTTGGTTCAAGTGGGT,PBMC-06-1,PSA03,PSA,SNG,TRUE
TTTGGTTCAATGGCAG,PBMC-06-1,PSA02,PSA,SNG,TRUE
TTTGGTTCACCTTCCA,PBMC-06-1,PSX01,PSX,DBL,FALSE
TTTGGTTCAGCGGTTC,PBMC-06-1,PSA12,PSA,DBL,FALSE
TTTGGTTCATCAACCA,PBMC-06-1,PSX01,PSX,SNG,TRUE
TTTGGTTGTAGCGCTC,PBMC-06-1,PSA06,PSA,SNG,TRUE
TTTGGTTGTATGTCAC,PBMC-06-1,PSA07,PSA,SNG,TRUE
TTTGGTTGTCATAACC,PBMC-06-1,PSA07,PSA,SNG,TRUE
TTTGGTTGTCTTTCTA,PBMC-06-1,PSA17,PSA,SNG,FALSE
TTTGGTTGTGCATGAG,PBMC-06-1,PSA14,PSA,SNG,TRUE
TTTGGTTGTGTACGCC,PBMC-06-1,PSA06,PSA,SNG,TRUE
TTTGGTTTCATCCTGC,PBMC-06-1,PSA14,PSA,SNG,TRUE
TTTGGTTTCGACGAGA,PBMC-06-1,PSA07,PSA,DBL,FALSE
TTTGGTTTCGATACAC,PBMC-06-1,PSA06,PSA,SNG,FALSE
TTTGGTTTCTTGGAAC,PBMC-06-1,PSO15,PSO,SNG,TRUE
TTTGTTGAGAAACCCG,PBMC-06-1,PSX01,PSX,SNG,FALSE
TTTGTTGCAAACGGCA,PBMC-06-1,PSA14,PSA,SNG,TRUE
TTTGTTGCAAAGGCGT,PBMC-06-1,PSA17,PSA,SNG,TRUE
TTTGTTGCACCAACAT,PBMC-06-1,PSA06,PSA,SNG,TRUE
TTTGTTGCAGCGAGTA,PBMC-06-1,PSA15,PSA,DBL,FALSE
TTTGTTGCAGCTCATA,PBMC-06-1,PSA13,PSA,SNG,TRUE
TTTGTTGCATCACAGT,PBMC-06-1,PSX01,PSX,SNG,TRUE
TTTGTTGCATCGCCTT,PBMC-06-1,PSA06,PSA,SNG,TRUE
TTTGTTGCATTGGATC,PBMC-06-1,PSA06,PSA,DBL,FALSE
TTTGTTGGTACAGCGA,PBMC-06-1,PSO15,PSO,SNG,TRUE
TTTGTTGGTACGATCT,PBMC-06-1,PSA07,PSA,SNG,TRUE
TTTGTTGGTACTCGAT,PBMC-06-1,PSA06,PSA,SNG,TRUE
TTTGTTGGTACTTGTG,PBMC-06-1,PSA07,PSA,DBL,FALSE
TTTGTTGGTAGGCTGA,PBMC-06-1,PSX04,PSX,SNG,TRUE
TTTGTTGGTGAGTGAC,PBMC-06-1,PSA17,PSA,SNG,FALSE
TTTGTTGGTGGACAGT,PBMC-06-1,PSO14,PSO,SNG,TRUE
TTTGTTGTCACTGTTT,PBMC-06-1,PSO13,PSO,SNG,FALSE
TTTGTTGTCATCCTGC,PBMC-06-1,PSO12,PSO,SNG,TRUE
TTTGTTGTCATCTACT,PBMC-06-1,PSA06,PSA,SNG,TRUE
TTTGTTGTCCAAGCCG,PBMC-06-1,PSO15,PSO,SNG,TRUE
TTTGTTGTCGCTGATA,PBMC-06-1,PSA14,PSA,SNG,TRUE
TTTGTTGTCTAGTACG,PBMC-06-1,PSA03,PSA,DBL,FALSE
TTTGTTGTCTTCACAT,PBMC-06-1,PSA16,PSA,SNG,TRUE
